3.216090224902429640e+01,0.000000000000000000e+00,4.018509855332317926e+01,-5.787638355049862238e-01,-0.000000000000000000e+00,-8.154952009126462675e-01
3.215699348839343941e+01,5.014012950899594534e-01,4.018509855332317926e+01,-5.786934939058212546e-01,-9.023159065204280557e-03,-8.154952009126462675e-01
3.214526815662406989e+01,1.002680711905028943e+00,4.018509855332317926e+01,-5.784824862066322293e-01,-1.804412482322787989e-02,-8.154952009126462675e-01
3.212572910385483738e+01,1.503716401795917923e+00,4.018509855332317926e+01,-5.781308636981811189e-01,-2.706070450002893285e-02,-8.154952009126462675e-01
3.209838107954703901e+01,2.004386575357333555e+00,4.018509855332317926e+01,-5.776387118512176233e-01,-3.607070638771362608e-02,-8.154952009126462675e-01
3.206323073133013679e+01,2.504569532031976742e+00,4.018509855332317926e+01,-5.770061502957043453e-01,-4.507194037728627645e-02,-8.154952009126462675e-01
3.202028660338589106e+01,3.004143689692945429e+00,4.018509855332317926e+01,-5.762333327917371628e-01,-5.406221849101074117e-02,-8.154952009126462675e-01
3.196955913437149732e+01,3.502987614197345501e+00,4.018509855332317926e+01,-5.753204471921696816e-01,-6.303935541425378930e-02,-8.154952009126462675e-01
3.191106065488216714e+01,4.000980048903932662e+00,4.018509855332317926e+01,-5.742677153969514281e-01,-7.200116902668111940e-02,-8.154952009126462675e-01
3.184480538445389897e+01,4.497999944147609064e+00,4.018509855332317926e+01,-5.730753932991892174e-01,-8.094548093267696365e-02,-8.154952009126462675e-01
3.177080942810704656e+01,4.993926486663608166e+00,4.018509855332317926e+01,-5.717437707229455768e-01,-8.987011699085825644e-02,-8.154952009126462675e-01
3.168909077243158734e+01,5.488639128954213575e+00,4.018509855332317926e+01,-5.702731713527903201e-01,-9.877290784255471356e-02,-8.154952009126462675e-01
3.159966928121502150e+01,5.982017618590885988e+00,4.018509855332317926e+01,-5.686639526551200419e-01,-1.076516894391263829e-01,-8.154952009126462675e-01
3.150256669061398540e+01,6.473942027444650194e+00,4.018509855332317926e+01,-5.669165057912675110e-01,-1.165043035679904221e-01,-8.154952009126462675e-01
3.139780660387073041e+01,6.964292780837671337e+00,4.018509855332317926e+01,-5.650312555224196176e-01,-1.253285983772293166e-01,-8.154952009126462675e-01
3.128541448557573545e+01,7.452950686608899034e+00,4.018509855332317926e+01,-5.630086601063686302e-01,-1.341224288986528623e-01,-8.154952009126462675e-01
3.116541765547792053e+01,7.939796964086744069e+00,4.018509855332317926e+01,-5.608492111861208551e-01,-1.428836575691871669e-01,-8.154952009126462675e-01
3.103784528184388591e+01,8.424713272961723121e+00,4.018509855332317926e+01,-5.585534336703905645e-01,-1.516101547504631608e-01,-8.154952009126462675e-01
3.090272837436779696e+01,8.907581742052071760e+00,4.018509855332317926e+01,-5.561218856060073934e-01,-1.602997992464794130e-01,-8.154952009126462675e-01
3.076009977663374428e+01,9.388284997955311795e+00,4.018509855332317926e+01,-5.535551580422691798e-01,-1.689504788192123241e-01,-8.154952009126462675e-01
3.060999415813222768e+01,9.866706193578828277e+00,4.018509855332317926e+01,-5.508538748872724433e-01,-1.775600907020489783e-01,-8.154952009126462675e-01
3.045244800583290257e+01,1.034272903654252040e+01,4.018509855332317926e+01,-5.480186927562556987e-01,-1.861265421109180307e-01,-8.154952009126462675e-01
3.028749961531546120e+01,1.081623781744659496e+01,4.018509855332317926e+01,-5.450503008119922388e-01,-1.946477507529935924e-01,-8.154952009126462675e-01
3.011518908146095086e+01,1.128711743799767753e+01,4.018509855332317926e+01,-5.419494205972720247e-01,-2.031216453328492655e-01,-8.154952009126461565e-01
2.993555828870568192e+01,1.175525343898635633e+01,4.018509855332317926e+01,-5.387168058595125375e-01,-2.115461660559392054e-01,-8.154952009126462675e-01
2.974865090086016650e+01,1.222053202810939432e+01,4.018509855332317926e+01,-5.353532423675407825e-01,-2.199192651292827816e-01,-8.154952009126462675e-01
2.955451235049552139e+01,1.268284010762982561e+01,4.018509855332317926e+01,-5.318595477205931843e-01,-2.282389072592328760e-01,-8.154952009126462675e-01
2.935318982789991438e+01,1.314206530186823230e+01,4.018509855332317926e+01,-5.282365711495766725e-01,-2.365030701462055573e-01,-8.154952009126462675e-01
2.914473226960780750e+01,1.359809598451847812e+01,4.018509855332317926e+01,-5.244851933106415842e-01,-2.447097449762507815e-01,-8.154952009126462675e-01
2.892919034650464738e+01,1.405082130578132471e+01,4.018509855332317926e+01,-5.206063260711166762e-01,-2.528569369093459085e-01,-8.154952009126462675e-01
2.870661645151006880e+01,1.450013121930928151e+01,4.018509855332317926e+01,-5.166009122878557625e-01,-2.609426655642919646e-01,-8.154952009126462675e-01
2.847706468684243220e+01,1.494591650895614166e+01,4.018509855332317926e+01,-5.124699255780531537e-01,-2.689649655000950212e-01,-8.154952009126461565e-01
2.824059085086794596e+01,1.538806881532473803e+01,4.018509855332317926e+01,-5.082143700825811905e-01,-2.769218866937169787e-01,-8.154952009126462675e-01
2.799725242453742879e+01,1.582648066210644267e+01,4.018509855332317926e+01,-5.038352802219082660e-01,-2.848114950140774870e-01,-8.154952009126462675e-01
2.774710855741412274e+01,1.626104548220599710e+01,4.018509855332317926e+01,-4.993337204446565147e-01,-2.926318726921938729e-01,-8.154952009126462675e-01
2.749022005329590712e+01,1.669165764364533544e+01,4.018509855332317926e+01,-4.947107849688612835e-01,-3.003811187873430266e-01,-8.154952009126462675e-01
2.722664935543536657e+01,1.711821247524013501e+01,4.018509855332317926e+01,-4.899675975159930585e-01,-3.080573496491335606e-01,-8.154952009126462675e-01
2.695646053136141518e+01,1.754060629204276367e+01,4.018509855332317926e+01,-4.851053110378092947e-01,-3.156586993753744408e-01,-8.154952009126462675e-01
2.667971925730603644e+01,1.795873642054555930e+01,4.018509855332317926e+01,-4.801251074360994298e-01,-3.231833202656297921e-01,-8.154952009126461565e-01
2.639649280224001160e+01,1.837250122363820282e+01,4.018509855332317926e+01,-4.750281972753944149e-01,-3.306293832703494084e-01,-8.154952009126462675e-01
2.610685001152151941e+01,1.878180012531320031e+01,4.018509855332317926e+01,-4.698158194887082084e-01,-3.379950784354652793e-01,-8.154952009126462675e-01
2.581086129016149400e+01,1.918653363511343102e+01,4.018509855332317926e+01,-4.644892410763832302e-01,-3.452786153423467730e-01,-8.154952009126462675e-01
2.550859858570993310e+01,1.958660337231581750e+01,4.018509855332317926e+01,-4.590497567981147720e-01,-3.524782235430075072e-01,-8.154952009126462675e-01
2.520013537076721022e+01,1.998191208984524536e+01,4.018509855332317926e+01,-4.534986888582262510e-01,-3.595921529904573255e-01,-8.154952009126462675e-01
2.488554662512471083e+01,2.037236369791292034e+01,4.018509855332317926e+01,-4.478373865842740220e-01,-3.666186744640952400e-01,-8.154952009126462675e-01
2.456490881753908084e+01,2.075786328737345343e+01,4.018509855332317926e+01,-4.420672260990594626e-01,-3.735560799900407569e-01,-8.154952009126462675e-01
2.423829988714458139e+01,2.113831715279489742e+01,4.018509855332317926e+01,-4.361896099861273246e-01,-3.804026832562999449e-01,-8.154952009126462675e-01
2.390579922450798378e+01,2.151363281523623527e+01,4.018509855332317926e+01,-4.302059669488320637e-01,-3.871568200226661594e-01,-8.154952009126462675e-01
2.356748765233070486e+01,2.188371904472673890e+01,4.018509855332317926e+01,-4.241177514630558587e-01,-3.938168485252557804e-01,-8.154952009126461565e-01
2.322344740580279421e+01,2.224848588244169534e+01,4.018509855332317926e+01,-4.179264434236610870e-01,-4.003811498755805998e-01,-8.154952009126462675e-01
2.287376211261358705e+01,2.260784466256921377e+01,4.018509855332317926e+01,-4.116335477847642976e-01,-4.068481284540594878e-01,-8.154952009126462675e-01
2.251851677262388307e+01,2.296170803386265646e+01,4.018509855332317926e+01,-4.052405941939192791e-01,-4.132162122978742524e-01,-8.154952009126462675e-01
2.215779773720458934e+01,2.330998998087359197e+01,4.018509855332317926e+01,-3.987491366202978171e-01,-4.194838534830748200e-01,-8.154952009126462675e-01
2.179169268824680117e+01,2.365260584486003026e+01,4.018509855332317926e+01,-3.921607529769571276e-01,-4.256495285008415341e-01,-8.154952009126462675e-01
2.142029061684853630e+01,2.398947234436486298e+01,4.018509855332317926e+01,-3.854770447372892761e-01,-4.317117386278123692e-01,-8.154952009126462675e-01
2.104368180168318148e+01,2.432050759545951735e+01,4.018509855332317926e+01,-3.786996365457419578e-01,-4.376690102903856294e-01,-8.154952009126462675e-01
2.066195778705495911e+01,2.464563113164795283e+01,4.018509855332317926e+01,-3.718301758229075049e-01,-4.435198954229093160e-01,-8.154952009126462675e-01
2.027521136064680718e+01,2.496476392342604811e+01,4.018509855332317926e+01,-3.648703323650760444e-01,-4.492629718196700650e-01,-8.154952009126462675e-01
1.988353653096593732e+01,2.527782839749172794e+01,4.018509855332317926e+01,-3.578217979383486180e-01,-4.548968434805965577e-01,-8.154952009126462675e-01
1.948702850449272361e+01,2.558474845560112243e+01,4.018509855332317926e+01,-3.506862858674112404e-01,-4.604201409505920273e-01,-8.154952009126462675e-01
1.908578366253834702e+01,2.588544949306618292e+01,4.018509855332317926e+01,-3.434655306190676494e-01,-4.658315216524156477e-01,-8.154952009126462675e-01
1.867989953781686907e+01,2.617985841688921766e+01,4.018509855332317926e+01,-3.361612873806332225e-01,-4.711296702130296499e-01,-8.154952009126462675e-01
1.826947479073744773e+01,2.646790366353000579e+01,4.018509855332317926e+01,-3.287753316332923115e-01,-4.763132987833338383e-01,-8.154952009126462675e-01
1.785460918542242581e+01,2.674951521630111984e+01,4.018509855332317926e+01,-3.213094587205228003e-01,-4.813811473512100148e-01,-8.154952009126462675e-01
1.743540356545713976e+01,2.702462462238727881e+01,4.018509855332317926e+01,-3.137654834116921365e-01,-4.863319840478003142e-01,-8.154952009126462675e-01
1.701195982937731443e+01,2.729316500948448976e+01,4.018509855332317926e+01,-3.061452394609319172e-01,-4.911646054469431255e-01,-8.154952009126462675e-01
1.658438090590009040e+01,2.755507110205510912e+01,4.018509855332317926e+01,-2.984505791613975556e-01,-4.958778368576973183e-01,-8.154952009126462675e-01
1.615277072890452459e+01,2.781027923719467410e+01,4.018509855332317926e+01,-2.906833728950211637e-01,-5.004705326098797258e-01,-8.154952009126462675e-01
1.571723421216789518e+01,2.805872738010680223e+01,4.018509855332317926e+01,-2.828455086778684513e-01,-5.049415763325501016e-01,-8.154952009126462675e-01
1.527787722386372593e+01,2.830035513918230095e+01,4.018509855332317926e+01,-2.749388917012083877e-01,-5.092898812253723317e-01,-8.154952009126462675e-01
1.483480656082784321e+01,2.853510378067889874e+01,4.018509855332317926e+01,-2.669654438684081477e-01,-5.135143903227898932e-01,-8.154952009126462675e-01
1.438812992259869894e+01,2.876291624299796368e+01,4.018509855332317926e+01,-2.589271033277655842e-01,-5.176140767509470608e-01,-8.154952009126462675e-01
1.393795588523830631e+01,2.898373715055473809e+01,4.018509855332317926e+01,-2.508258240013943596e-01,-5.215879439772972415e-01,-8.154952009126461565e-01
1.348439387494002872e+01,2.919751282723882824e+01,4.018509855332317926e+01,-2.426635751102723670e-01,-5.254350260528355410e-01,-8.154952009126462675e-01
1.302755414142980328e+01,2.940419130946149906e+01,4.018509855332317926e+01,-2.344423406955731815e-01,-5.291543878468962792e-01,-8.154952009126462675e-01
1.256754773116716528e+01,2.960372235878675795e+01,4.018509855332317926e+01,-2.261641191363953640e-01,-5.327451252744609400e-01,-8.154952009126462675e-01
1.210448646035256992e+01,2.979605747414307615e+01,4.018509855332317926e+01,-2.178309226640047225e-01,-5.362063655159188258e-01,-8.154952009126462675e-01
1.163848288774763873e+01,2.998114990361279197e+01,4.018509855332317926e+01,-2.094447768727112358e-01,-5.395372672292275684e-01,-8.154952009126462675e-01
1.116965028731493170e+01,3.015895465579636792e+01,4.018509855332317926e+01,-2.010077202274972163e-01,-5.427370207544229830e-01,-8.154952009126462675e-01
1.069810262068380879e+01,3.032942851074867008e+01,4.018509855332317926e+01,-1.925218035685161699e-01,-5.458048483104270820e-01,-8.154952009126462675e-01
1.022395450944917705e+01,3.049253003048467647e+01,4.018509855332317926e+01,-1.839890896125846165e-01,-5.487400041841081766e-01,-8.154952009126462675e-01
9.747321207309848745e+00,3.064821956905202782e+01,4.018509855332317926e+01,-1.754116524517868869e-01,-5.515417749115439916e-01,-8.154952009126462675e-01
9.268318572053157567e+00,3.079645928216798367e+01,4.018509855332317926e+01,-1.667915770493136884e-01,-5.542094794514484946e-01,-8.154952009126462675e-01
8.787063037392819353e+00,3.093721313641842485e+01,4.018509855332317926e+01,-1.581309587326596433e-01,-5.567424693507156963e-01,-8.154952009126462675e-01
8.303671584666791006e+00,3.107044691801669956e+01,4.018509855332317926e+01,-1.494319026843010934e-01,-5.591401289020421217e-01,-8.154952009126462675e-01
7.818261714401953277e+00,3.119612824112012817e+01,4.018509855332317926e+01,-1.406965234299775158e-01,-5.614018752935908685e-01,-8.154952009126462675e-01
7.330951417752651800e+00,3.131422655570222702e+01,4.018509855332317926e+01,-1.319269443247029217e-01,-5.635271587506581747e-01,-8.154952009126462675e-01
6.841859147819985942e+00,3.142471315497864737e+01,4.018509855332317926e+01,-1.231252970366310262e-01,-5.655154626693102982e-01,-8.154952009126462675e-01
6.351103790858743103e+00,3.152756118238509941e+01,4.018509855332317926e+01,-1.142937210288987038e-01,-5.673663037419572897e-01,-8.154952009126462675e-01
5.858804637379101621e+00,3.162274563810551342e+01,4.018509855332317926e+01,-1.054343630395755266e-01,-5.690792320748330191e-01,-8.154952009126462675e-01
5.365081353150078058e+00,3.171024338514886409e+01,4.018509855332317926e+01,-9.654937655984523193e-02,-5.706538312973531424e-01,-8.154952009126462675e-01
4.870053950111691954e+00,3.179003315497323356e+01,4.018509855332317926e+01,-8.764092131054447565e-02,-5.720897186633243647e-01,-8.154952009126462675e-01
4.373842757203049381e+00,3.186209555265564219e+01,4.018509855332317926e+01,-7.871116271718837931e-02,-5.733865451439813521e-01,-8.154952009126462675e-01
3.876568391113340173e+00,3.192641306160648185e+01,4.018509855332317926e+01,-6.976227138360888147e-02,-5.745439955128262000e-01,-8.154952009126462675e-01
3.378351726962927071e+00,3.198297004782736863e+01,4.018509855332317926e+01,-6.079642256433514386e-02,-5.755617884222523628e-01,-8.154952009126462675e-01
2.879313868921540731e+00,3.203175276371138835e+01,4.018509855332317926e+01,-5.181579563584192555e-02,-5.764396764719335042e-01,-8.154952009126462675e-01
2.379576120770872993e+00,3.207274935138478611e+01,4.018509855332317926e+01,-4.282257356679751437e-02,-5.771774462689606144e-01,-8.154952009126462675e-01
1.879259956418640742e+00,3.210594984558932907e+01,4.018509855332317926e+01,-3.381894238743824582e-02,-5.777749184797119630e-01,-8.154952009126462675e-01
1.378486990371237564e+00,3.213134617610462129e+01,4.018509855332317926e+01,-2.480709065819777792e-02,-5.782319478734452289e-01,-8.154952009126462675e-01
8.773789481722700234e-01,3.214893216970977363e+01,4.018509855332317926e+01,-1.578920893772247855e-02,-5.785484233575990398e-01,-8.154952009126461565e-01
3.760576368141047565e-01,3.215870355168394923e+01,4.018509855332317926e+01,-6.767489250401095488e-03,-5.787242680047972598e-01,-8.154952009126462675e-01
-1.253550848704455822e-01,3.216065794684544699e+01,4.018509855332317926e+01,2.255875446463048457e-03,-5.787594390715479209e-01,-8.154952009126462675e-01
-6.267373358289752838e-01,3.215479488012906018e+01,4.018509855332317926e+01,1.127869179570542037e-02,-5.786539280086330228e-01,-8.154952009126462675e-01
-1.127967242415738092e+00,3.214111577670154674e+01,4.018509855332317926e+01,2.029876657345086599e-02,-5.784077604631867597e-01,-8.154952009126462675e-01
-1.628922968016164763e+00,3.211962396161519706e+01,4.018509855332317926e+01,2.931390722223295442e-02,-5.780209962724616179e-01,-8.154952009126462675e-01
-2.129482742662313743e+00,3.209032465899962716e+01,4.018509855332317926e+01,3.832192238395019240e-02,-5.774937294492825668e-01,-8.154952009126462675e-01
-2.629524892632123745e+00,3.205322499079186116e+01,4.018509855332317926e+01,4.732062243253066375e-02,-5.768260881591960043e-01,-8.154952009126462675e-01
-3.128927870025331348e+00,3.200833397500523603e+01,4.018509855332317926e+01,5.630782000617683136e-02,-5.760182346893149008e-01,-8.154952009126462675e-01
-3.627570282308746563e+00,3.195566252353730263e+01,4.018509855332317926e+01,6.528133053905883776e-02,-5.750703654088713535e-01,-8.154952009126462675e-01
-4.125330921823756825e+00,3.189522343951740879e+01,4.018509855332317926e+01,7.423897279232807844e-02,-5.739827107214838797e-01,-8.154952009126462675e-01
-4.622088795248958881e+00,3.182703141419460380e+01,4.018509855332317926e+01,8.317856938432334479e-02,-5.727555350091521058e-01,-8.154952009126462675e-01
-5.117723153010627080e+00,3.175110302336652879e+01,4.018509855332317926e+01,9.209794731983808602e-02,-5.713891365679917289e-01,-8.154952009126462675e-01
-5.612113518633933040e+00,3.166745672335026995e+01,4.018509855332317926e+01,1.009949385183215725e-01,-5.698838475357265176e-01,-8.154952009126462675e-01
-6.105139718027841944e+00,3.157611284649608407e+01,4.018509855332317926e+01,1.098673803408864724e-01,-5.682400338109536708e-01,-8.154952009126462675e-01
-6.596681908696448104e+00,3.147709359624507997e+01,4.018509855332317926e+01,1.187131161159926118e-01,-5.664580949642026297e-01,-8.154952009126462675e-01
-7.086620608869703908e+00,3.137042304173214546e+01,4.018509855332317926e+01,1.275299956636801735e-01,-5.645384641408098814e-01,-8.154952009126462675e-01
-7.574836726546530841e+00,3.125612711193531723e+01,4.018509855332317926e+01,1.363158758182261010e-01,-5.624816079556315129e-01,-8.154952009126462675e-01
-8.061211588443116582e+00,3.113423358937307128e+01,4.018509855332317926e+01,1.450686209490943124e-01,-5.602880263796208293e-01,-8.154952009126462675e-01
-8.545626968839476589e+00,3.100477210335111522e+01,4.018509855332317926e+01,1.537861034800550308e-01,-5.579582526182981228e-01,-8.154952009126462675e-01
-9.027965118317172966e+00,3.086777412276020272e+01,4.018509855332317926e+01,1.624662044063453492e-01,-5.554928529821409056e-01,-8.154952009126462675e-01
-9.508108792381337437e+00,3.072327294842684609e+01,4.018509855332317926e+01,1.711068138097479874e-01,-5.528924267489282451e-01,-8.154952009126462675e-01
-9.985941279959895667e+00,3.057130370501867844e+01,4.018509855332317926e+01,1.797058313714597622e-01,-5.501576060180711769e-01,-8.154952009126462675e-01
-1.046134643177311929e+01,3.041190333250656508e+01,4.018509855332317926e+01,1.882611668826268403e-01,-5.472890555569648319e-01,-8.154952009126462675e-01
-1.093420868856669159e+01,3.024511057718534346e+01,4.018509855332317926e+01,1.967707407524238172e-01,-5.442874726393995832e-01,-8.154952009126462675e-01
-1.140441310920129148e+01,3.007096598225560413e+01,4.018509855332317926e+01,2.052324845135503062e-01,-5.411535868760716239e-01,-8.154952009126461565e-01
-1.187184539859192434e+01,2.988951187796862996e+01,4.018509855332317926e+01,2.136443413250241341e-01,-5.378881600372323879e-01,-8.154952009126462675e-01
-1.233639193549027091e+01,2.970079237133694150e+01,4.018509855332317926e+01,2.220042664721491033e-01,-5.344919858675205582e-01,-8.154952009126462675e-01
-1.279793980010319743e+01,2.950485333541298161e+01,4.018509855332317926e+01,2.303102278635344446e-01,-5.309658898930227355e-01,-8.154952009126462675e-01
-1.325637680154074083e+01,2.930174239813851855e+01,4.018509855332317926e+01,2.385602065250456150e-01,-5.273107292206088426e-01,-8.154952009126462675e-01
-1.371159150508698943e+01,2.909150893076744993e+01,4.018509855332317926e+01,2.467521970905679485e-01,-5.235273923295897802e-01,-8.154952009126462675e-01
-1.416347325928707157e+01,2.887420403586488504e+01,4.018509855332317926e+01,2.548842082894606786e-01,-5.196167988557505169e-01,-8.154952009126462675e-01
-1.461191222284381475e+01,2.864988053488536579e+01,4.018509855332317926e+01,2.629542634305864768e-01,-5.155798993678093467e-01,-8.154952009126462675e-01
-1.505679939131745471e+01,2.841859295533328122e+01,4.018509855332317926e+01,2.709604008827957711e-01,-5.114176751363579410e-01,-8.154952009126462675e-01
-1.549802662362190375e+01,2.818039751750855970e+01,4.018509855332317926e+01,2.789006745517511043e-01,-5.071311378953385907e-01,-8.154952009126462675e-01
-1.593548666831119931e+01,2.793535212084093189e+01,4.018509855332317926e+01,2.867731543529743465e-01,-5.027213295961171502e-01,-8.154952009126462675e-01
-1.636907318964968283e+01,2.768351632981597987e+01,4.018509855332317926e+01,2.945759266810030752e-01,-4.981893221542098016e-01,-8.154952009126462675e-01
-1.679868079345953902e+01,2.742495135949651441e+01,4.018509855332317926e+01,3.023070948745398279e-01,-4.935362171887274774e-01,-8.154952009126462675e-01
-1.722420505273961311e+01,2.715972006064265898e+01,4.018509855332317926e+01,3.099647796774847586e-01,-4.887631457545986158e-01,-8.154952009126462675e-01
-1.764554253304895681e+01,2.688788690443442775e+01,4.018509855332317926e+01,3.175471196957360132e-01,-4.838712680676386935e-01,-8.154952009126462675e-01
-1.806259081764922314e+01,2.660951796680033610e+01,4.018509855332317926e+01,3.250522718496481889e-01,-4.788617732225293189e-01,-8.154952009126462675e-01
-1.847524853239963960e+01,2.632468091235601193e+01,4.018509855332317926e+01,3.324784118220402984e-01,-4.737358789037796059e-01,-8.154952009126462675e-01
-1.888341537039856632e+01,2.603344497795655244e+01,4.018509855332317926e+01,3.398237345016417166e-01,-4.684948310897361634e-01,-8.154952009126462675e-01
-1.928699211636558530e+01,2.573588095586680780e+01,4.018509855332317926e+01,3.470864544218696945e-01,-4.631399037497180848e-01,-8.154952009126462675e-01
-1.968588067075835824e+01,2.543206117655347498e+01,4.018509855332317926e+01,3.542648061948335259e-01,-4.576723985343444379e-01,-8.154952009126462675e-01
-2.007998407361814230e+01,2.512205949110338921e+01,4.018509855332317926e+01,3.613570449404556184e-01,-4.520936444591366898e-01,-8.154952009126462675e-01
-2.046920652813838970e+01,2.480595125327212003e+01,4.018509855332317926e+01,3.683614467106092749e-01,-4.464049975814671778e-01,-8.154952009126462675e-01
-2.085345342395058310e+01,2.448381330116735910e+01,4.018509855332317926e+01,3.752763089081677106e-01,-4.406078406709352246e-01,-8.154952009126462675e-01
-2.123263136012167962e+01,2.415572393857144107e+01,4.018509855332317926e+01,3.820999507008635554e-01,-4.347035828732497831e-01,-8.154952009126462675e-01
-2.160664816785754638e+01,2.382176291590767647e+01,4.018509855332317926e+01,3.888307134298571999e-01,-4.286936593677015961e-01,-8.154952009126462675e-01
-2.197541293290696274e+01,2.348201141085493404e+01,4.018509855332317926e+01,3.954669610129166180e-01,-4.225795310183054765e-01,-8.154952009126462675e-01
-2.233883601766060778e+01,2.313655200861539640e+01,4.018509855332317926e+01,4.020070803421078032e-01,-4.163626840187011346e-01,-8.154952009126462675e-01
-2.269682908293975032e+01,2.278546868184010776e+01,4.018509855332317926e+01,4.084494816759021707e-01,-4.100446295308958211e-01,-8.154952009126462675e-01
-2.304930510946930866e+01,2.242884677021732287e+01,4.018509855332317926e+01,4.147925990256025042e-01,-4.036269033179384902e-01,-8.154952009126462675e-01
-2.339617841903012874e+01,2.206677295972849961e+01,4.018509855332317926e+01,4.210348905359975191e-01,-3.971110653706130256e-01,-8.154952009126462675e-01
-2.373736469528517290e+01,2.169933526157713999e+01,4.018509855332317926e+01,4.271748388601470103e-01,-3.904986995282443973e-01,-8.154952009126462675e-01
-2.407278100427482670e+01,2.132662299079536083e+01,4.018509855332317926e+01,4.332109515282133172e-01,-3.837914130937046808e-01,-8.154952009126461565e-01
-2.440234581457603369e+01,2.094872674453365846e+01,4.018509855332317926e+01,4.391417613102426287e-01,-3.769908364427186909e-01,-8.154952009126462675e-01
-2.472597901712058999e+01,2.056573838003897947e+01,4.018509855332317926e+01,4.449658265728125284e-01,-3.700986226275591595e-01,-8.154952009126462675e-01
-2.504360194466769585e+01,2.017775099232648728e+01,4.018509855332317926e+01,4.506817316294581821e-01,-3.631164469752309887e-01,-8.154952009126462675e-01
-2.535513739092598584e+01,1.978485889155045285e+01,4.018509855332317926e+01,4.562880870847898507e-01,-3.560460066802406676e-01,-8.154952009126462675e-01
-2.566050962932051149e+01,1.938715758007979062e+01,4.018509855332317926e+01,4.617835301722212349e-01,-3.488890203920494981e-01,-8.154952009126462675e-01
-2.595964443139995836e+01,1.898474372928381726e+01,4.018509855332317926e+01,4.671667250852240549e-01,-3.416472277973135463e-01,-8.154952009126462675e-01
-2.625246908487979169e+01,1.857771515603376855e+01,4.018509855332317926e+01,4.724363633020295938e-01,-3.343223891970075190e-01,-8.154952009126462675e-01
-2.653891241131679735e+01,1.816617079892598241e+01,4.018509855332317926e+01,4.775911639036986567e-01,-3.269162850785399255e-01,-8.154952009126462675e-01
-2.681890478341080808e+01,1.775021069423236497e+01,4.018509855332317926e+01,4.826298738854804538e-01,-3.194307156829598870e-01,-8.154952009126462675e-01
-2.709237814192936256e+01,1.732993595158401590e+01,4.018509855332317926e+01,4.875512684613875769e-01,-3.118675005673637868e-01,-8.154952009126462675e-01
-2.735926601225126831e+01,1.690544872939398502e+01,4.018509855332317926e+01,4.923541513619116294e-01,-3.042284781626048429e-01,-8.154952009126462675e-01
-2.761950352052487645e+01,1.647685221002512890e+01,4.018509855332317926e+01,4.970373551248055688e-01,-2.965155053264173501e-01,-8.154952009126462675e-01
-2.787302740943738399e+01,1.604425057470894700e+01,4.018509855332317926e+01,5.015997413788664261e-01,-2.887304568920588954e-01,-8.154952009126462675e-01
-2.811977605359107457e+01,1.560774897822174978e+01,4.018509855332317926e+01,5.060402011206441841e-01,-2.808752252125855664e-01,-8.154952009126462675e-01
-2.835968947448294841e+01,1.516745352332411656e+01,4.018509855332317926e+01,5.103576549840138643e-01,-2.729517197008676233e-01,-8.154952009126462675e-01
-2.859270935508401479e+01,1.472347123496992971e+01,4.018509855332317926e+01,5.145510535025420440e-01,-2.649618663654579875e-01,-8.154952009126462675e-01
-2.881877905401473683e+01,1.427591003429124683e+01,4.018509855332317926e+01,5.186193773645870753e-01,-2.569076073424272910e-01,-8.154952009126462675e-01
-2.903784361931309732e+01,1.382487871236538091e+01,4.018509855332317926e+01,5.225616376610673353e-01,-2.487909004232793098e-01,-8.154952009126462675e-01
-2.924984980179215199e+01,1.337048690377040217e+01,4.018509855332317926e+01,5.263768761258422746e-01,-2.406137185790586108e-01,-8.154952009126462675e-01
-2.945474606798349981e+01,1.291284505993573006e+01,4.018509855332317926e+01,5.300641653686418708e-01,-2.323780494807712593e-01,-8.154952009126462675e-01
-2.965248261266387431e+01,1.245206442229410548e+01,4.018509855332317926e+01,5.336226091004929728e-01,-2.240858950162307184e-01,-8.154952009126462675e-01
-2.984301137096151280e+01,1.198825699524154587e+01,4.018509855332317926e+01,5.370513423515848039e-01,-2.157392708034481799e-01,-8.154952009126462675e-01
-3.002628603003956798e+01,1.152153551891182737e+01,4.018509855332317926e+01,5.403495316815219995e-01,-2.073402057006856203e-01,-8.154952009126462675e-01
-3.020226204035358109e+01,1.105201344177219092e+01,4.018509855332317926e+01,5.435163753819127752e-01,-1.988907413132912361e-01,-8.154952009126462675e-01
-3.037089662648042321e+01,1.057980489304675409e+01,4.018509855332317926e+01,5.465511036712450421e-01,-1.903929314974341647e-01,-8.154952009126462675e-01
-3.053214879751591582e+01,1.010502465497455127e+01,4.018509855332317926e+01,5.494529788820016192e-01,-1.818488418608638912e-01,-8.154952009126462675e-01
-3.068597935703870050e+01,9.627788134908808360e+00,4.018509855332317926e+01,5.522212956399676909e-01,-1.732605492608115527e-01,-8.154952009126462675e-01
-3.083235091263794558e+01,9.148211337264244847e+00,4.018509855332317926e+01,5.548553810356914306e-01,-1.646301412991572344e-01,-8.154952009126462675e-01
-3.097122788500250223e+01,8.666410835319290129e+00,4.018509855332317926e+01,5.573545947880501616e-01,-1.559597158149857166e-01,-8.154952009126462675e-01
-3.110257651656935352e+01,8.182503742879962516e+00,4.018509855332317926e+01,5.597183293998884146e-01,-1.472513803746530736e-01,-8.154952009126462675e-01
-3.122636487972925323e+01,7.696607685812457689e+00,4.018509855332317926e+01,5.619460103056839184e-01,-1.385072517594905239e-01,-8.154952009126462675e-01
-3.134256288458754369e+01,7.208840773451123951e+00,4.018509855332317926e+01,5.640370960112116583e-01,-1.297294554512655462e-01,-8.154952009126462675e-01
-3.145114228627824815e+01,6.719321569889053158e+00,4.018509855332317926e+01,5.659910782251670325e-01,-1.209201251155307827e-01,-8.154952009126462675e-01
-3.155207669182971841e+01,6.228169065158060569e+00,4.018509855332317926e+01,5.678074819827187980e-01,-1.120814020829823399e-01,-8.154952009126462675e-01
-3.164534156658010744e+01,5.735502646305151941e+00,4.018509855332317926e+01,5.694858657609620511e-01,-1.032154348289552603e-01,-8.154952009126462675e-01
-3.173091424014113571e+01,5.241442068372458074e+00,4.018509855332317926e+01,5.710258215862404896e-01,-9.432437845118180064e-02,-8.154952009126462675e-01
-3.180877391190870540e+01,4.746107425287804382e+00,4.018509855332317926e+01,5.724269751333156409e-01,-8.541039414594157886e-02,-8.154952009126462675e-01
-3.187890165611903015e+01,4.249619120672753603e+00,4.018509855332317926e+01,5.736889858163558564e-01,-7.647564868272646588e-02,-8.154952009126462675e-01
-3.194128042644898358e+01,3.752097838575516597e+00,4.018509855332317926e+01,5.748115468717237553e-01,-6.752231387755350256e-02,-8.154952009126462675e-01
-3.199589506015968254e+01,3.253664514135624852e+00,4.018509855332317926e+01,5.757943854325436872e-01,-5.855256606504972983e-02,-8.154952009126462675e-01
-3.204273228178213628e+01,2.754440304187585564e+00,4.018509855332317926e+01,5.766372625950285657e-01,-4.956858556943911920e-02,-8.154952009126462675e-01
-3.208178070634421886e+01,2.254546557810628293e+00,4.018509855332317926e+01,5.773399734765513047e-01,-4.057255617455912677e-02,-8.154952009126462675e-01
-3.211303084213805192e+01,1.754104786831803375e+00,4.018509855332317926e+01,5.779023472654470917e-01,-3.156666459303797412e-02,-8.154952009126462675e-01
-3.213647509302720806e+01,1.253236636289365880e+00,4.018509855332317926e+01,5.783242472625330644e-01,-2.255309993475714675e-02,-8.154952009126462675e-01
-3.215210776029315554e+01,7.520638548639299037e-01,4.018509855332317926e+01,5.786055709143372860e-01,-1.353405317473388263e-02,-8.154952009126462675e-01
-3.215992504402045427e+01,2.507082652843556914e-01,4.018509855332317926e+01,5.787462498380258058e-01,-4.511716620549019972e-03,-8.154952009126462675e-01
-3.215992504402045427e+01,-2.507082652843478643e-01,4.018509855332317926e+01,5.787462498380258058e-01,4.511716620548878592e-03,-8.154952009126462675e-01
-3.215210776029315554e+01,-7.520638548639362320e-01,4.018509855332317926e+01,5.786055709143372860e-01,1.353405317473399712e-02,-8.154952009126462675e-01
-3.213647509302720806e+01,-1.253236636289372319e+00,4.018509855332317926e+01,5.783242472625330644e-01,2.255309993475726124e-02,-8.154952009126462675e-01
-3.211303084213805192e+01,-1.754104786831809815e+00,4.018509855332317926e+01,5.779023472654470917e-01,3.156666459303809208e-02,-8.154952009126462675e-01
-3.208178070634421886e+01,-2.254546557810634955e+00,4.018509855332317926e+01,5.773399734765513047e-01,4.057255617455925167e-02,-8.154952009126462675e-01
-3.204273228178213628e+01,-2.754440304187577571e+00,4.018509855332317926e+01,5.766372625950285657e-01,4.956858556943897348e-02,-8.154952009126462675e-01
-3.199589506015968254e+01,-3.253664514135617303e+00,4.018509855332317926e+01,5.757943854325436872e-01,5.855256606504959105e-02,-8.154952009126462675e-01
-3.194128042644898358e+01,-3.752097838575508604e+00,4.018509855332317926e+01,5.748115468717237553e-01,6.752231387755334990e-02,-8.154952009126462675e-01
-3.187890165611902660e+01,-4.249619120672759820e+00,4.018509855332317926e+01,5.736889858163558564e-01,7.647564868272657690e-02,-8.154952009126462675e-01
-3.180877391190870540e+01,-4.746107425287810599e+00,4.018509855332317926e+01,5.724269751333156409e-01,8.541039414594168988e-02,-8.154952009126462675e-01
-3.173091424014113215e+01,-5.241442068372464291e+00,4.018509855332317926e+01,5.710258215862404896e-01,9.432437845118192554e-02,-8.154952009126462675e-01
-3.164534156658010744e+01,-5.735502646305144836e+00,4.018509855332317926e+01,5.694858657609620511e-01,1.032154348289551216e-01,-8.154952009126462675e-01
-3.155207669182971841e+01,-6.228169065158053463e+00,4.018509855332317926e+01,5.678074819827187980e-01,1.120814020829822288e-01,-8.154952009126462675e-01
-3.145114228627824815e+01,-6.719321569889045165e+00,4.018509855332317926e+01,5.659910782251670325e-01,1.209201251155306578e-01,-8.154952009126462675e-01
-3.134256288458754369e+01,-7.208840773451130168e+00,4.018509855332317926e+01,5.640370960112116583e-01,1.297294554512656573e-01,-8.154952009126462675e-01
-3.122636487972925323e+01,-7.696607685812463906e+00,4.018509855332317926e+01,5.619460103056839184e-01,1.385072517594906349e-01,-8.154952009126462675e-01
-3.110257651656934996e+01,-8.182503742879969622e+00,4.018509855332317926e+01,5.597183293998883036e-01,1.472513803746532124e-01,-8.154952009126462675e-01
-3.097122788500250223e+01,-8.666410835319283024e+00,4.018509855332317926e+01,5.573545947880501616e-01,1.559597158149855778e-01,-8.154952009126462675e-01
-3.083235091263794914e+01,-9.148211337264237741e+00,4.018509855332317926e+01,5.548553810356914306e-01,1.646301412991570956e-01,-8.154952009126462675e-01
-3.068597935703870405e+01,-9.627788134908799478e+00,4.018509855332317926e+01,5.522212956399678019e-01,1.732605492608113862e-01,-8.154952009126462675e-01
-3.053214879751591226e+01,-1.010502465497455660e+01,4.018509855332317926e+01,5.494529788820015082e-01,1.818488418608640023e-01,-8.154952009126462675e-01
-3.037089662648041966e+01,-1.057980489304675942e+01,4.018509855332317926e+01,5.465511036712450421e-01,1.903929314974342757e-01,-8.154952009126462675e-01
-3.020226204035357753e+01,-1.105201344177219624e+01,4.018509855332317926e+01,5.435163753819126642e-01,1.988907413132913193e-01,-8.154952009126462675e-01
-3.002628603003956442e+01,-1.152153551891183270e+01,4.018509855332317926e+01,5.403495316815218885e-01,2.073402057006857035e-01,-8.154952009126462675e-01
-2.984301137096151635e+01,-1.198825699524153876e+01,4.018509855332317926e+01,5.370513423515849150e-01,2.157392708034480688e-01,-8.154952009126462675e-01
-2.965248261266387786e+01,-1.245206442229409838e+01,4.018509855332317926e+01,5.336226091004930838e-01,2.240858950162305796e-01,-8.154952009126462675e-01
-2.945474606798349981e+01,-1.291284505993573717e+01,4.018509855332317926e+01,5.300641653686418708e-01,2.323780494807713981e-01,-8.154952009126462675e-01
-2.924984980179214844e+01,-1.337048690377040927e+01,4.018509855332317926e+01,5.263768761258422746e-01,2.406137185790587496e-01,-8.154952009126462675e-01
-2.903784361931309732e+01,-1.382487871236538624e+01,4.018509855332317926e+01,5.225616376610673353e-01,2.487909004232793930e-01,-8.154952009126462675e-01
-2.881877905401473328e+01,-1.427591003429125216e+01,4.018509855332317926e+01,5.186193773645869642e-01,2.569076073424274576e-01,-8.154952009126462675e-01
-2.859270935508401834e+01,-1.472347123496992261e+01,4.018509855332317926e+01,5.145510535025421550e-01,2.649618663654578210e-01,-8.154952009126462675e-01
-2.835968947448295197e+01,-1.516745352332410945e+01,4.018509855332317926e+01,5.103576549840139753e-01,2.729517197008674567e-01,-8.154952009126462675e-01
-2.811977605359107812e+01,-1.560774897822174268e+01,4.018509855332317926e+01,5.060402011206442952e-01,2.808752252125854554e-01,-8.154952009126462675e-01
-2.787302740943738044e+01,-1.604425057470895055e+01,4.018509855332317926e+01,5.015997413788664261e-01,2.887304568920589509e-01,-8.154952009126462675e-01
-2.761950352052487290e+01,-1.647685221002513600e+01,4.018509855332317926e+01,4.970373551248055133e-01,2.965155053264174612e-01,-8.154952009126462675e-01
-2.735926601225126475e+01,-1.690544872939399212e+01,4.018509855332317926e+01,4.923541513619115739e-01,3.042284781626049539e-01,-8.154952009126462675e-01
-2.709237814192936611e+01,-1.732993595158400879e+01,4.018509855332317926e+01,4.875512684613876879e-01,3.118675005673637313e-01,-8.154952009126462675e-01
-2.681890478341081163e+01,-1.775021069423235787e+01,4.018509855332317926e+01,4.826298738854805648e-01,3.194307156829598315e-01,-8.154952009126462675e-01
-2.653891241131680445e+01,-1.816617079892597530e+01,4.018509855332317926e+01,4.775911639036987122e-01,3.269162850785397589e-01,-8.154952009126462675e-01
-2.625246908487978814e+01,-1.857771515603377210e+01,4.018509855332317926e+01,4.724363633020295383e-01,3.343223891970076300e-01,-8.154952009126462675e-01
-2.595964443139995481e+01,-1.898474372928382081e+01,4.018509855332317926e+01,4.671667250852239994e-01,3.416472277973136018e-01,-8.154952009126462675e-01
-2.566050962932050794e+01,-1.938715758007979417e+01,4.018509855332317926e+01,4.617835301722212349e-01,3.488890203920494981e-01,-8.154952009126462675e-01
-2.535513739092598939e+01,-1.978485889155044930e+01,4.018509855332317926e+01,4.562880870847899062e-01,3.560460066802405010e-01,-8.154952009126461565e-01
-2.504360194466769940e+01,-2.017775099232648017e+01,4.018509855332317926e+01,4.506817316294582931e-01,3.631164469752308777e-01,-8.154952009126462675e-01
-2.472597901712059709e+01,-2.056573838003897592e+01,4.018509855332317926e+01,4.449658265728126394e-01,3.700986226275589930e-01,-8.154952009126461565e-01
-2.440234581457602658e+01,-2.094872674453366201e+01,4.018509855332317926e+01,4.391417613102425177e-01,3.769908364427188019e-01,-8.154952009126462675e-01
-2.407278100427481959e+01,-2.132662299079536439e+01,4.018509855332317926e+01,4.332109515282132062e-01,3.837914130937047918e-01,-8.154952009126462675e-01
-2.373736469528516935e+01,-2.169933526157714709e+01,4.018509855332317926e+01,4.271748388601470103e-01,3.904986995282445639e-01,-8.154952009126462675e-01
-2.339617841903012163e+01,-2.206677295972850672e+01,4.018509855332317926e+01,4.210348905359973526e-01,3.971110653706131921e-01,-8.154952009126462675e-01
-2.304930510946931577e+01,-2.242884677021731576e+01,4.018509855332317926e+01,4.147925990256026152e-01,4.036269033179383792e-01,-8.154952009126462675e-01
-2.269682908293975387e+01,-2.278546868184010421e+01,4.018509855332317926e+01,4.084494816759021707e-01,4.100446295308957656e-01,-8.154952009126462675e-01
-2.233883601766060423e+01,-2.313655200861539996e+01,4.018509855332317926e+01,4.020070803421077477e-01,4.163626840187012457e-01,-8.154952009126462675e-01
-2.197541293290695918e+01,-2.348201141085493759e+01,4.018509855332317926e+01,3.954669610129165069e-01,4.225795310183055875e-01,-8.154952009126462675e-01
-2.160664816785754283e+01,-2.382176291590768002e+01,4.018509855332317926e+01,3.888307134298571444e-01,4.286936593677017071e-01,-8.154952009126462675e-01
-2.123263136012167607e+01,-2.415572393857144817e+01,4.018509855332317926e+01,3.820999507008634999e-01,4.347035828732498941e-01,-8.154952009126462675e-01
-2.085345342395057600e+01,-2.448381330116736265e+01,4.018509855332317926e+01,3.752763089081675441e-01,4.406078406709352802e-01,-8.154952009126462675e-01
-2.046920652813838615e+01,-2.480595125327212358e+01,4.018509855332317926e+01,3.683614467106092194e-01,4.464049975814671778e-01,-8.154952009126462675e-01
-2.007998407361813875e+01,-2.512205949110339276e+01,4.018509855332317926e+01,3.613570449404555629e-01,4.520936444591366898e-01,-8.154952009126462675e-01
-1.968588067075835113e+01,-2.543206117655347853e+01,4.018509855332317926e+01,3.542648061948333593e-01,4.576723985343444934e-01,-8.154952009126462675e-01
-1.928699211636558175e+01,-2.573588095586681135e+01,4.018509855332317926e+01,3.470864544218695835e-01,4.631399037497180848e-01,-8.154952009126461565e-01
-1.888341537039855922e+01,-2.603344497795655599e+01,4.018509855332317926e+01,3.398237345016415500e-01,4.684948310897362744e-01,-8.154952009126462675e-01
-1.847524853239964671e+01,-2.632468091235600838e+01,4.018509855332317926e+01,3.324784118220404650e-01,4.737358789037794948e-01,-8.154952009126462675e-01
-1.806259081764923025e+01,-2.660951796680033254e+01,4.018509855332317926e+01,3.250522718496483554e-01,4.788617732225292634e-01,-8.154952009126462675e-01
-1.764554253304896037e+01,-2.688788690443442420e+01,4.018509855332317926e+01,3.175471196957360687e-01,4.838712680676386380e-01,-8.154952009126462675e-01
-1.722420505273962021e+01,-2.715972006064265543e+01,4.018509855332317926e+01,3.099647796774849251e-01,4.887631457545986158e-01,-8.154952009126462675e-01
-1.679868079345954612e+01,-2.742495135949651086e+01,4.018509855332317926e+01,3.023070948745399389e-01,4.935362171887273663e-01,-8.154952009126462675e-01
-1.636907318964968994e+01,-2.768351632981597632e+01,4.018509855332317926e+01,2.945759266810031862e-01,4.981893221542096906e-01,-8.154952009126462675e-01
-1.593548666831119398e+01,-2.793535212084093544e+01,4.018509855332317926e+01,2.867731543529742355e-01,5.027213295961172612e-01,-8.154952009126462675e-01
-1.549802662362189842e+01,-2.818039751750856325e+01,4.018509855332317926e+01,2.789006745517509378e-01,5.071311378953387017e-01,-8.154952009126462675e-01
-1.505679939131744760e+01,-2.841859295533328478e+01,4.018509855332317926e+01,2.709604008827956600e-01,5.114176751363580520e-01,-8.154952009126462675e-01
-1.461191222284380942e+01,-2.864988053488536934e+01,4.018509855332317926e+01,2.629542634305863658e-01,5.155798993678094577e-01,-8.154952009126462675e-01
-1.416347325928706624e+01,-2.887420403586488860e+01,4.018509855332317926e+01,2.548842082894605676e-01,5.196167988557506279e-01,-8.154952009126462675e-01
-1.371159150508698410e+01,-2.909150893076745348e+01,4.018509855332317926e+01,2.467521970905678375e-01,5.235273923295897802e-01,-8.154952009126462675e-01
-1.325637680154074083e+01,-2.930174239813851855e+01,4.018509855332317926e+01,2.385602065250456150e-01,5.273107292206088426e-01,-8.154952009126462675e-01
-1.279793980010319920e+01,-2.950485333541298161e+01,4.018509855332317926e+01,2.303102278635344446e-01,5.309658898930227355e-01,-8.154952009126462675e-01
-1.233639193549027979e+01,-2.970079237133693795e+01,4.018509855332317926e+01,2.220042664721492420e-01,5.344919858675204472e-01,-8.154952009126462675e-01
-1.187184539859193144e+01,-2.988951187796862641e+01,4.018509855332317926e+01,2.136443413250242729e-01,5.378881600372322769e-01,-8.154952009126462675e-01
-1.140441310920129858e+01,-3.007096598225560058e+01,4.018509855332317926e+01,2.052324845135504727e-01,5.411535868760716239e-01,-8.154952009126462675e-01
-1.093420868856670580e+01,-3.024511057718533635e+01,4.018509855332317926e+01,1.967707407524240670e-01,5.442874726393994722e-01,-8.154952009126462675e-01
-1.046134643177310686e+01,-3.041190333250656863e+01,4.018509855332317926e+01,1.882611668826266182e-01,5.472890555569648319e-01,-8.154952009126462675e-01
-9.985941279959883232e+00,-3.057130370501868555e+01,4.018509855332317926e+01,1.797058313714595124e-01,5.501576060180711769e-01,-8.154952009126462675e-01
-9.508108792381332108e+00,-3.072327294842684609e+01,4.018509855332317926e+01,1.711068138097479041e-01,5.528924267489282451e-01,-8.154952009126462675e-01
-9.027965118317165860e+00,-3.086777412276020627e+01,4.018509855332317926e+01,1.624662044063452382e-01,5.554928529821409056e-01,-8.154952009126462675e-01
-8.545626968839469484e+00,-3.100477210335111522e+01,4.018509855332317926e+01,1.537861034800548921e-01,5.579582526182981228e-01,-8.154952009126462675e-01
-8.061211588443118359e+00,-3.113423358937307128e+01,4.018509855332317926e+01,1.450686209490943401e-01,5.602880263796208293e-01,-8.154952009126462675e-01
-7.574836726546530841e+00,-3.125612711193531723e+01,4.018509855332317926e+01,1.363158758182261010e-01,5.624816079556315129e-01,-8.154952009126462675e-01
-7.086620608869704796e+00,-3.137042304173214546e+01,4.018509855332317926e+01,1.275299956636802012e-01,5.645384641408098814e-01,-8.154952009126462675e-01
-6.596681908696448993e+00,-3.147709359624507997e+01,4.018509855332317926e+01,1.187131161159926396e-01,5.664580949642026297e-01,-8.154952009126462675e-01
-6.105139718027849938e+00,-3.157611284649608052e+01,4.018509855332317926e+01,1.098673803408866390e-01,5.682400338109535598e-01,-8.154952009126462675e-01
-5.612113518633941034e+00,-3.166745672335026995e+01,4.018509855332317926e+01,1.009949385183217252e-01,5.698838475357265176e-01,-8.154952009126462675e-01
-5.117723153010635961e+00,-3.175110302336652524e+01,4.018509855332317926e+01,9.209794731983823868e-02,5.713891365679916179e-01,-8.154952009126462675e-01
-4.622088795248973980e+00,-3.182703141419460025e+01,4.018509855332317926e+01,8.317856938432362235e-02,5.727555350091519948e-01,-8.154952009126462675e-01
-4.125330921823743502e+00,-3.189522343951741234e+01,4.018509855332317926e+01,7.423897279232784252e-02,5.739827107214839907e-01,-8.154952009126462675e-01
-3.627570282308733240e+00,-3.195566252353730263e+01,4.018509855332317926e+01,6.528133053905858796e-02,5.750703654088713535e-01,-8.154952009126462675e-01
-3.128927870025325131e+00,-3.200833397500524313e+01,4.018509855332317926e+01,5.630782000617670646e-02,5.760182346893149008e-01,-8.154952009126461565e-01
-2.629524892632117083e+00,-3.205322499079186116e+01,4.018509855332317926e+01,4.732062243253054579e-02,5.768260881591960043e-01,-8.154952009126462675e-01
-2.129482742662307526e+00,-3.209032465899962716e+01,4.018509855332317926e+01,3.832192238395008138e-02,5.774937294492825668e-01,-8.154952009126462675e-01
-1.628922968016165429e+00,-3.211962396161519706e+01,4.018509855332317926e+01,2.931390722223296830e-02,5.780209962724616179e-01,-8.154952009126462675e-01
-1.127967242415738758e+00,-3.214111577670154674e+01,4.018509855332317926e+01,2.029876657345087640e-02,5.784077604631867597e-01,-8.154952009126462675e-01
-6.267373358289759500e-01,-3.215479488012906018e+01,4.018509855332317926e+01,1.127869179570543251e-02,5.786539280086330228e-01,-8.154952009126462675e-01
-1.253550848704534648e-01,-3.216065794684544699e+01,4.018509855332317926e+01,2.255875446463190270e-03,5.787594390715479209e-01,-8.154952009126462675e-01
3.760576368140968739e-01,-3.215870355168394923e+01,4.018509855332317926e+01,-6.767489250400954108e-03,5.787242680047972598e-01,-8.154952009126462675e-01
8.773789481722620298e-01,-3.214893216970977363e+01,4.018509855332317926e+01,-1.578920893772233630e-02,5.785484233575990398e-01,-8.154952009126461565e-01
1.378486990371222687e+00,-3.213134617610462129e+01,4.018509855332317926e+01,-2.480709065819750730e-02,5.782319478734452289e-01,-8.154952009126462675e-01
1.879259956418654065e+00,-3.210594984558932907e+01,4.018509855332317926e+01,-3.381894238743848174e-02,5.777749184797119630e-01,-8.154952009126462675e-01
2.379576120770886316e+00,-3.207274935138478611e+01,4.018509855332317926e+01,-4.282257356679775723e-02,5.771774462689606144e-01,-8.154952009126462675e-01
2.879313868921546948e+00,-3.203175276371138835e+01,4.018509855332317926e+01,-5.181579563584203657e-02,5.764396764719335042e-01,-8.154952009126462675e-01
3.378351726962933288e+00,-3.198297004782736863e+01,4.018509855332317926e+01,-6.079642256433525488e-02,5.755617884222523628e-01,-8.154952009126462675e-01
3.876568391113346390e+00,-3.192641306160648185e+01,4.018509855332317926e+01,-6.976227138360900637e-02,5.745439955128262000e-01,-8.154952009126462675e-01
4.373842757203048492e+00,-3.186209555265564219e+01,4.018509855332317926e+01,-7.871116271718835156e-02,5.733865451439813521e-01,-8.154952009126462675e-01
4.870053950111691066e+00,-3.179003315497323356e+01,4.018509855332317926e+01,-8.764092131054446178e-02,5.720897186633243647e-01,-8.154952009126462675e-01
5.365081353150078058e+00,-3.171024338514886409e+01,4.018509855332317926e+01,-9.654937655984523193e-02,5.706538312973531424e-01,-8.154952009126462675e-01
5.858804637379100733e+00,-3.162274563810551342e+01,4.018509855332317926e+01,-1.054343630395755266e-01,5.690792320748330191e-01,-8.154952009126462675e-01
6.351103790858735998e+00,-3.152756118238509941e+01,4.018509855332317926e+01,-1.142937210288985650e-01,5.673663037419572897e-01,-8.154952009126462675e-01
6.841859147819978837e+00,-3.142471315497865092e+01,4.018509855332317926e+01,-1.231252970366309013e-01,5.655154626693102982e-01,-8.154952009126462675e-01
7.330951417752643806e+00,-3.131422655570222702e+01,4.018509855332317926e+01,-1.319269443247027829e-01,5.635271587506581747e-01,-8.154952009126462675e-01
7.818261714401938178e+00,-3.119612824112013172e+01,4.018509855332317926e+01,-1.406965234299772383e-01,5.614018752935909795e-01,-8.154952009126462675e-01
8.303671584666803440e+00,-3.107044691801669600e+01,4.018509855332317926e+01,-1.494319026843013432e-01,5.591401289020421217e-01,-8.154952009126462675e-01
8.787063037392833564e+00,-3.093721313641842130e+01,4.018509855332317926e+01,-1.581309587326598931e-01,5.567424693507156963e-01,-8.154952009126462675e-01
9.268318572053164672e+00,-3.079645928216798367e+01,4.018509855332317926e+01,-1.667915770493138272e-01,5.542094794514484946e-01,-8.154952009126462675e-01
9.747321207309855851e+00,-3.064821956905202427e+01,4.018509855332317926e+01,-1.754116524517869979e-01,5.515417749115439916e-01,-8.154952009126462675e-01
1.022395450944918416e+01,-3.049253003048467647e+01,4.018509855332317926e+01,-1.839890896125847553e-01,5.487400041841081766e-01,-8.154952009126462675e-01
1.069810262068380879e+01,-3.032942851074867008e+01,4.018509855332317926e+01,-1.925218035685161699e-01,5.458048483104270820e-01,-8.154952009126462675e-01
1.116965028731493170e+01,-3.015895465579636792e+01,4.018509855332317926e+01,-2.010077202274972163e-01,5.427370207544229830e-01,-8.154952009126462675e-01
1.163848288774763695e+01,-2.998114990361279197e+01,4.018509855332317926e+01,-2.094447768727112358e-01,5.395372672292275684e-01,-8.154952009126462675e-01
1.210448646035256282e+01,-2.979605747414307615e+01,4.018509855332317926e+01,-2.178309226640045837e-01,5.362063655159188258e-01,-8.154952009126462675e-01
1.256754773116715818e+01,-2.960372235878676150e+01,4.018509855332317926e+01,-2.261641191363952252e-01,5.327451252744609400e-01,-8.154952009126462675e-01
1.302755414142979618e+01,-2.940419130946150261e+01,4.018509855332317926e+01,-2.344423406955730704e-01,5.291543878468962792e-01,-8.154952009126462675e-01
1.348439387494001451e+01,-2.919751282723883179e+01,4.018509855332317926e+01,-2.426635751102721172e-01,5.254350260528356520e-01,-8.154952009126462675e-01
1.393795588523831874e+01,-2.898373715055473099e+01,4.018509855332317926e+01,-2.508258240013946372e-01,5.215879439772971304e-01,-8.154952009126462675e-01
1.438812992259871137e+01,-2.876291624299795657e+01,4.018509855332317926e+01,-2.589271033277658618e-01,5.176140767509469498e-01,-8.154952009126462675e-01
1.483480656082784854e+01,-2.853510378067889519e+01,4.018509855332317926e+01,-2.669654438684082032e-01,5.135143903227897821e-01,-8.154952009126462675e-01
1.527787722386373304e+01,-2.830035513918229739e+01,4.018509855332317926e+01,-2.749388917012085543e-01,5.092898812253723317e-01,-8.154952009126462675e-01
1.571723421216790051e+01,-2.805872738010680223e+01,4.018509855332317926e+01,-2.828455086778685068e-01,5.049415763325501016e-01,-8.154952009126461565e-01
1.615277072890452459e+01,-2.781027923719467765e+01,4.018509855332317926e+01,-2.906833728950211637e-01,5.004705326098798368e-01,-8.154952009126462675e-01
1.658438090590008684e+01,-2.755507110205510912e+01,4.018509855332317926e+01,-2.984505791613974446e-01,4.958778368576973183e-01,-8.154952009126462675e-01
1.701195982937731443e+01,-2.729316500948448976e+01,4.018509855332317926e+01,-3.061452394609319172e-01,4.911646054469431255e-01,-8.154952009126462675e-01
1.743540356545713621e+01,-2.702462462238727881e+01,4.018509855332317926e+01,-3.137654834116920810e-01,4.863319840478003142e-01,-8.154952009126462675e-01
1.785460918542241870e+01,-2.674951521630112339e+01,4.018509855332317926e+01,-3.213094587205226893e-01,4.813811473512100703e-01,-8.154952009126462675e-01
1.826947479073744063e+01,-2.646790366353000934e+01,4.018509855332317926e+01,-3.287753316332922005e-01,4.763132987833338938e-01,-8.154952009126462675e-01
1.867989953781685841e+01,-2.617985841688922477e+01,4.018509855332317926e+01,-3.361612873806330004e-01,4.711296702130297054e-01,-8.154952009126462675e-01
1.908578366253833636e+01,-2.588544949306619003e+01,4.018509855332317926e+01,-3.434655306190674828e-01,4.658315216524157587e-01,-8.154952009126462675e-01
1.948702850449273427e+01,-2.558474845560111532e+01,4.018509855332317926e+01,-3.506862858674114625e-01,4.604201409505918607e-01,-8.154952009126462675e-01
1.988353653096594442e+01,-2.527782839749172084e+01,4.018509855332317926e+01,-3.578217979383487846e-01,4.548968434805964467e-01,-8.154952009126462675e-01
2.027521136064681428e+01,-2.496476392342604100e+01,4.018509855332317926e+01,-3.648703323650761554e-01,4.492629718196700095e-01,-8.154952009126462675e-01
2.066195778705496622e+01,-2.464563113164794927e+01,4.018509855332317926e+01,-3.718301758229076159e-01,4.435198954229092050e-01,-8.154952009126462675e-01
2.104368180168318503e+01,-2.432050759545951379e+01,4.018509855332317926e+01,-3.786996365457420133e-01,4.376690102903855184e-01,-8.154952009126462675e-01
2.142029061684853986e+01,-2.398947234436485942e+01,4.018509855332317926e+01,-3.854770447372893316e-01,4.317117386278123137e-01,-8.154952009126462675e-01
2.179169268824680117e+01,-2.365260584486003026e+01,4.018509855332317926e+01,-3.921607529769571276e-01,4.256495285008415341e-01,-8.154952009126462675e-01
2.215779773720458579e+01,-2.330998998087359197e+01,4.018509855332317926e+01,-3.987491366202977616e-01,4.194838534830748200e-01,-8.154952009126462675e-01
2.251851677262388307e+01,-2.296170803386266002e+01,4.018509855332317926e+01,-4.052405941939192791e-01,4.132162122978743080e-01,-8.154952009126462675e-01
2.287376211261357994e+01,-2.260784466256922087e+01,4.018509855332317926e+01,-4.116335477847642421e-01,4.068481284540595988e-01,-8.154952009126462675e-01
2.322344740580278710e+01,-2.224848588244170600e+01,4.018509855332317926e+01,-4.179264434236609205e-01,4.003811498755807663e-01,-8.154952009126462675e-01
2.356748765233069420e+01,-2.188371904472674601e+01,4.018509855332317926e+01,-4.241177514630556922e-01,3.938168485252559470e-01,-8.154952009126462675e-01
2.390579922450799444e+01,-2.151363281523622817e+01,4.018509855332317926e+01,-4.302059669488322302e-01,3.871568200226659928e-01,-8.154952009126462675e-01
2.423829988714458850e+01,-2.113831715279489032e+01,4.018509855332317926e+01,-4.361896099861273801e-01,3.804026832562997784e-01,-8.154952009126462675e-01
2.456490881753908795e+01,-2.075786328737344633e+01,4.018509855332317926e+01,-4.420672260990596292e-01,3.735560799900405904e-01,-8.154952009126462675e-01
2.488554662512471438e+01,-2.037236369791291324e+01,4.018509855332317926e+01,-4.478373865842741330e-01,3.666186744640950734e-01,-8.154952009126462675e-01
2.520013537076721377e+01,-1.998191208984523826e+01,4.018509855332317926e+01,-4.534986888582263065e-01,3.595921529904572145e-01,-8.154952009126462675e-01
2.550859858570993666e+01,-1.958660337231581750e+01,4.018509855332317926e+01,-4.590497567981147720e-01,3.524782235430074517e-01,-8.154952009126461565e-01
2.581086129016149400e+01,-1.918653363511343102e+01,4.018509855332317926e+01,-4.644892410763832302e-01,3.452786153423467730e-01,-8.154952009126462675e-01
2.610685001152151941e+01,-1.878180012531320031e+01,4.018509855332317926e+01,-4.698158194887082084e-01,3.379950784354652793e-01,-8.154952009126462675e-01
2.639649280224001160e+01,-1.837250122363820637e+01,4.018509855332317926e+01,-4.750281972753944149e-01,3.306293832703495195e-01,-8.154952009126462675e-01
2.667971925730603289e+01,-1.795873642054556640e+01,4.018509855332317926e+01,-4.801251074360994298e-01,3.231833202656299586e-01,-8.154952009126462675e-01
2.695646053136141163e+01,-1.754060629204277078e+01,4.018509855332317926e+01,-4.851053110378092392e-01,3.156586993753746073e-01,-8.154952009126462675e-01
2.722664935543535947e+01,-1.711821247524014211e+01,4.018509855332317926e+01,-4.899675975159930030e-01,3.080573496491337271e-01,-8.154952009126462675e-01
2.749022005329589646e+01,-1.669165764364534610e+01,4.018509855332317926e+01,-4.947107849688610615e-01,3.003811187873431932e-01,-8.154952009126462675e-01
2.774710855741412985e+01,-1.626104548220598645e+01,4.018509855332317926e+01,-4.993337204446566258e-01,2.926318726921936508e-01,-8.154952009126462675e-01
2.799725242453743235e+01,-1.582648066210643378e+01,4.018509855332317926e+01,-5.038352802219083770e-01,2.848114950140773760e-01,-8.154952009126462675e-01
2.824059085086795307e+01,-1.538806881532473092e+01,4.018509855332317926e+01,-5.082143700825814125e-01,2.769218866937168677e-01,-8.154952009126462675e-01
2.847706468684243575e+01,-1.494591650895613633e+01,4.018509855332317926e+01,-5.124699255780532647e-01,2.689649655000949657e-01,-8.154952009126462675e-01
2.870661645151006880e+01,-1.450013121930927795e+01,4.018509855332317926e+01,-5.166009122878557625e-01,2.609426655642918536e-01,-8.154952009126462675e-01
2.892919034650464738e+01,-1.405082130578132471e+01,4.018509855332317926e+01,-5.206063260711166762e-01,2.528569369093459085e-01,-8.154952009126462675e-01
2.914473226960780394e+01,-1.359809598451847812e+01,4.018509855332317926e+01,-5.244851933106414732e-01,2.447097449762507815e-01,-8.154952009126462675e-01
2.935318982789991438e+01,-1.314206530186823407e+01,4.018509855332317926e+01,-5.282365711495766725e-01,2.365030701462055573e-01,-8.154952009126462675e-01
2.955451235049552139e+01,-1.268284010762983094e+01,4.018509855332317926e+01,-5.318595477205931843e-01,2.282389072592329593e-01,-8.154952009126462675e-01
2.974865090086016295e+01,-1.222053202810940142e+01,4.018509855332317926e+01,-5.353532423675407825e-01,2.199192651292828649e-01,-8.154952009126462675e-01
2.993555828870567836e+01,-1.175525343898636521e+01,4.018509855332317926e+01,-5.387168058595124265e-01,2.115461660559393997e-01,-8.154952009126462675e-01
3.011518908146094375e+01,-1.128711743799768996e+01,4.018509855332317926e+01,-5.419494205972719136e-01,2.031216453328495430e-01,-8.154952009126462675e-01
3.028749961531546475e+01,-1.081623781744658253e+01,4.018509855332317926e+01,-5.450503008119923498e-01,1.946477507529933704e-01,-8.154952009126462675e-01
3.045244800583290612e+01,-1.034272903654250975e+01,4.018509855332317926e+01,-5.480186927562556987e-01,1.861265421109178642e-01,-8.154952009126462675e-01
3.060999415813223123e+01,-9.866706193578819395e+00,4.018509855332317926e+01,-5.508538748872725543e-01,1.775600907020488395e-01,-8.154952009126462675e-01
3.076009977663374428e+01,-9.388284997955304689e+00,4.018509855332317926e+01,-5.535551580422691798e-01,1.689504788192122131e-01,-8.154952009126462675e-01
3.090272837436779696e+01,-8.907581742052068208e+00,4.018509855332317926e+01,-5.561218856060073934e-01,1.602997992464793853e-01,-8.154952009126462675e-01
3.103784528184388591e+01,-8.424713272961721344e+00,4.018509855332317926e+01,-5.585534336703905645e-01,1.516101547504631608e-01,-8.154952009126462675e-01
3.116541765547792053e+01,-7.939796964086743181e+00,4.018509855332317926e+01,-5.608492111861208551e-01,1.428836575691871391e-01,-8.154952009126462675e-01
3.128541448557573545e+01,-7.452950686608900810e+00,4.018509855332317926e+01,-5.630086601063686302e-01,1.341224288986529178e-01,-8.154952009126462675e-01
3.139780660387072686e+01,-6.964292780837675778e+00,4.018509855332317926e+01,-5.650312555224196176e-01,1.253285983772293721e-01,-8.154952009126462675e-01
3.150256669061398540e+01,-6.473942027444657299e+00,4.018509855332317926e+01,-5.669165057912675110e-01,1.165043035679905331e-01,-8.154952009126462675e-01
3.159966928121501795e+01,-5.982017618590894870e+00,4.018509855332317926e+01,-5.686639526551200419e-01,1.076516894391265355e-01,-8.154952009126462675e-01
3.168909077243158379e+01,-5.488639128954225122e+00,4.018509855332317926e+01,-5.702731713527902091e-01,9.877290784255490785e-02,-8.154952009126462675e-01
3.177080942810704656e+01,-4.993926486663621489e+00,4.018509855332317926e+01,-5.717437707229455768e-01,8.987011699085850625e-02,-8.154952009126462675e-01
3.184480538445390252e+01,-4.497999944147595741e+00,4.018509855332317926e+01,-5.730753932991892174e-01,8.094548093267672773e-02,-8.154952009126462675e-01
3.191106065488216714e+01,-4.000980048903922004e+00,4.018509855332317926e+01,-5.742677153969514281e-01,7.200116902668093899e-02,-8.154952009126462675e-01
3.196955913437149732e+01,-3.502987614197337507e+00,4.018509855332317926e+01,-5.753204471921696816e-01,6.303935541425365052e-02,-8.154952009126462675e-01
3.202028660338589106e+01,-3.004143689692939656e+00,4.018509855332317926e+01,-5.762333327917371628e-01,5.406221849101063709e-02,-8.154952009126462675e-01
3.206323073133013679e+01,-2.504569532031973189e+00,4.018509855332317926e+01,-5.770061502957043453e-01,4.507194037728621400e-02,-8.154952009126462675e-01
3.209838107954703901e+01,-2.004386575357332223e+00,4.018509855332317926e+01,-5.776387118512176233e-01,3.607070638771360527e-02,-8.154952009126462675e-01
3.212572910385483738e+01,-1.503716401795918811e+00,4.018509855332317926e+01,-5.781308636981811189e-01,2.706070450002894673e-02,-8.154952009126462675e-01
3.214526815662406989e+01,-1.002680711905032274e+00,4.018509855332317926e+01,-5.784824862066322293e-01,1.804412482322793887e-02,-8.154952009126462675e-01
3.215699348839343941e+01,-5.014012950899650045e-01,4.018509855332317926e+01,-5.786934939058212546e-01,9.023159065204381171e-03,-8.154952009126462675e-01
3.216090224902429640e+01,-7.877149199391703797e-15,4.018509855332317926e+01,-5.787638355049862238e-01,1.417562557226853299e-16,-8.154952009126462675e-01
