-7.000000000000000000e+01,0.000000000000000000e+00,1.070000000000000107e+01,0.000000000000000000e+00,0.000000000000000000e+00,-1.000000000000000000e+00
-6.990000000000000568e+01,1.908953869359116234e-04,1.070000000000000107e+01,0.000000000000000000e+00,0.000000000000000000e+00,-1.000000000000000000e+00
-6.980000000000001137e+01,7.635815476868592364e-04,1.070000000000000107e+01,0.000000000000000000e+00,0.000000000000000000e+00,-1.000000000000000000e+00
-6.970000000000001705e+01,1.718058481741758636e-03,1.070000000000000107e+01,0.000000000000000000e+00,0.000000000000000000e+00,-1.000000000000000000e+00
-6.960000000000002274e+01,3.054326187113058123e-03,1.070000000000000107e+01,0.000000000000000000e+00,0.000000000000000000e+00,-1.000000000000000000e+00
-6.950000000000002842e+01,4.772384658633127379e-03,1.070000000000000107e+01,0.000000000000000000e+00,0.000000000000000000e+00,-1.000000000000000000e+00
-6.940000000000003411e+01,6.872233885569189321e-03,1.070000000000000107e+01,0.000000000000000000e+00,0.000000000000000000e+00,-1.000000000000000000e+00
-6.930000000000003979e+01,9.353873848556820692e-03,1.070000000000000107e+01,0.000000000000000000e+00,0.000000000000000000e+00,-1.000000000000000000e+00
-6.920000000000004547e+01,1.221730451585199481e-02,1.070000000000000107e+01,0.000000000000000000e+00,0.000000000000000000e+00,-1.000000000000000000e+00
-6.910000000000005116e+01,1.546252583890168550e-02,1.070000000000000107e+01,0.000000000000000000e+00,0.000000000000000000e+00,-1.000000000000000000e+00
-6.900000000000005684e+01,1.908953774723301869e-02,1.070000000000000107e+01,0.000000000000000000e+00,0.000000000000000000e+00,-1.000000000000000000e+00
-6.890000000000006253e+01,2.309834014266099259e-02,1.070000000000000107e+01,0.000000000000000000e+00,0.000000000000000000e+00,-1.000000000000000000e+00
-6.880000000000006821e+01,2.748893289281472557e-02,1.070000000000000107e+01,0.000000000000000000e+00,0.000000000000000000e+00,-1.000000000000000000e+00
-6.870000000000007390e+01,3.226131582398230474e-02,1.070000000000000107e+01,0.000000000000000000e+00,0.000000000000000000e+00,-1.000000000000000000e+00
-6.860000000000007958e+01,3.741548871327413789e-02,1.070000000000000107e+01,0.000000000000000000e+00,0.000000000000000000e+00,-1.000000000000000000e+00
-6.850000000000008527e+01,4.295145128010492003e-02,1.070000000000000107e+01,0.000000000000000000e+00,0.000000000000000000e+00,-1.000000000000000000e+00
-6.840000000000009095e+01,4.886920317699410682e-02,1.070000000000000107e+01,0.000000000000000000e+00,0.000000000000000000e+00,-1.000000000000000000e+00
-6.830000000000009663e+01,5.516874397968498517e-02,1.070000000000000107e+01,0.000000000000000000e+00,0.000000000000000000e+00,-1.000000000000000000e+00
-6.820000000000010232e+01,6.185007317658230280e-02,1.070000000000000107e+01,0.000000000000000000e+00,0.000000000000000000e+00,-1.000000000000000000e+00
-6.810000000000010800e+01,6.891319015750846377e-02,1.070000000000000107e+01,0.000000000000000000e+00,0.000000000000000000e+00,-1.000000000000000000e+00
-6.800000000000011369e+01,7.635809420177826212e-02,1.070000000000000107e+01,0.000000000000000000e+00,0.000000000000000000e+00,-1.000000000000000000e+00
-6.790000000000011937e+01,8.418478446559227168e-02,1.070000000000000107e+01,0.000000000000000000e+00,0.000000000000000000e+00,-1.000000000000000000e+00
-6.780000000000012506e+01,9.239325996874875324e-02,1.070000000000000107e+01,0.000000000000000000e+00,0.000000000000000000e+00,-1.000000000000000000e+00
-6.770000000000013074e+01,1.009835195806741415e-01,1.070000000000000107e+01,0.000000000000000000e+00,0.000000000000000000e+00,-1.000000000000000000e+00
-6.760000000000013642e+01,1.099555620057722227e-01,1.070000000000000107e+01,0.000000000000000000e+00,0.000000000000000000e+00,-1.000000000000000000e+00
-6.750000000000014211e+01,1.193093857680917053e-01,1.070000000000000107e+01,0.000000000000000000e+00,0.000000000000000000e+00,-1.000000000000000000e+00
-6.740000000000014779e+01,1.290449891953127093e-01,1.070000000000000107e+01,0.000000000000000000e+00,0.000000000000000000e+00,-1.000000000000000000e+00
-6.730000000000015348e+01,1.391623704020516217e-01,1.070000000000000107e+01,0.000000000000000000e+00,0.000000000000000000e+00,-1.000000000000000000e+00
-6.720000000000015916e+01,1.496615272724847179e-01,1.070000000000000107e+01,0.000000000000000000e+00,0.000000000000000000e+00,-1.000000000000000000e+00
-6.710000000000016485e+01,1.605424574422904538e-01,1.070000000000000107e+01,0.000000000000000000e+00,0.000000000000000000e+00,-1.000000000000000000e+00
-6.700000000000017053e+01,1.718051582799101362e-01,1.070000000000000107e+01,0.000000000000000000e+00,0.000000000000000000e+00,-1.000000000000000000e+00
-6.690000000000017621e+01,1.834496268671278740e-01,1.070000000000000107e+01,0.000000000000000000e+00,0.000000000000000000e+00,-1.000000000000000000e+00
-6.680000000000018190e+01,1.954758599789686024e-01,1.070000000000000107e+01,0.000000000000000000e+00,0.000000000000000000e+00,-1.000000000000000000e+00
-6.670000000000018758e+01,2.078838540629152631e-01,1.070000000000000107e+01,0.000000000000000000e+00,0.000000000000000000e+00,-1.000000000000000000e+00
-6.660000000000019327e+01,2.206736052174444185e-01,1.070000000000000107e+01,0.000000000000000000e+00,0.000000000000000000e+00,-1.000000000000000000e+00
-6.650000000000019895e+01,2.338451091698809936e-01,1.070000000000000107e+01,0.000000000000000000e+00,0.000000000000000000e+00,-1.000000000000000000e+00
-6.640000000000020464e+01,2.473983612535715360e-01,1.070000000000000107e+01,0.000000000000000000e+00,0.000000000000000000e+00,-1.000000000000000000e+00
-6.630000000000021032e+01,2.613333563843763807e-01,1.070000000000000107e+01,0.000000000000000000e+00,0.000000000000000000e+00,-1.000000000000000000e+00
-6.620000000000021600e+01,2.756500890364808609e-01,1.070000000000000107e+01,0.000000000000000000e+00,0.000000000000000000e+00,-1.000000000000000000e+00
-6.610000000000022169e+01,2.903485532175250627e-01,1.070000000000000107e+01,0.000000000000000000e+00,0.000000000000000000e+00,-1.000000000000000000e+00
-6.600000000000022737e+01,3.054287424430529585e-01,1.070000000000000107e+01,0.000000000000000000e+00,0.000000000000000000e+00,-1.000000000000000000e+00
-6.590000000000023306e+01,3.208906497102805289e-01,1.070000000000000107e+01,0.000000000000000000e+00,0.000000000000000000e+00,-1.000000000000000000e+00
-6.580000000000023874e+01,3.367342674711821249e-01,1.070000000000000107e+01,0.000000000000000000e+00,0.000000000000000000e+00,-1.000000000000000000e+00
-6.570000000000024443e+01,3.529595876048973180e-01,1.070000000000000107e+01,0.000000000000000000e+00,0.000000000000000000e+00,-1.000000000000000000e+00
-6.560000000000025011e+01,3.695666013894554625e-01,1.070000000000000107e+01,0.000000000000000000e+00,0.000000000000000000e+00,-1.000000000000000000e+00
-6.550000000000025580e+01,3.865552994728205793e-01,1.070000000000000107e+01,0.000000000000000000e+00,0.000000000000000000e+00,-1.000000000000000000e+00
-6.540000000000026148e+01,4.039256718432551185e-01,1.070000000000000107e+01,0.000000000000000000e+00,0.000000000000000000e+00,-1.000000000000000000e+00
-6.530000000000026716e+01,4.216777077990029321e-01,1.070000000000000107e+01,0.000000000000000000e+00,0.000000000000000000e+00,-1.000000000000000000e+00
-6.520000000000027285e+01,4.398113959172912923e-01,1.070000000000000107e+01,0.000000000000000000e+00,0.000000000000000000e+00,-1.000000000000000000e+00
-6.510000000000027853e+01,4.583267240226540085e-01,1.070000000000000107e+01,0.000000000000000000e+00,0.000000000000000000e+00,-1.000000000000000000e+00
-6.500000000000028422e+01,4.772236791545724222e-01,1.070000000000000107e+01,0.000000000000000000e+00,0.000000000000000000e+00,-1.000000000000000000e+00
-6.490000000000028990e+01,4.965022475344361697e-01,1.070000000000000107e+01,0.000000000000000000e+00,0.000000000000000000e+00,-1.000000000000000000e+00
-6.480000000000029559e+01,5.161624145318257639e-01,1.070000000000000107e+01,0.000000000000000000e+00,0.000000000000000000e+00,-1.000000000000000000e+00
-6.470000000000030127e+01,5.362041646301121123e-01,1.070000000000000107e+01,0.000000000000000000e+00,0.000000000000000000e+00,-1.000000000000000000e+00
-6.460000000000030695e+01,5.566274813913777431e-01,1.070000000000000107e+01,0.000000000000000000e+00,0.000000000000000000e+00,-1.000000000000000000e+00
-6.450000000000031264e+01,5.774323474206590756e-01,1.070000000000000107e+01,0.000000000000000000e+00,0.000000000000000000e+00,-1.000000000000000000e+00
-6.440000000000031832e+01,5.986187443295063471e-01,1.070000000000000107e+01,0.000000000000000000e+00,0.000000000000000000e+00,-1.000000000000000000e+00
-6.430000000000032401e+01,6.201866526988658590e-01,1.070000000000000107e+01,0.000000000000000000e+00,0.000000000000000000e+00,-1.000000000000000000e+00
-6.420000000000032969e+01,6.421360520412821016e-01,1.070000000000000107e+01,0.000000000000000000e+00,0.000000000000000000e+00,-1.000000000000000000e+00
-6.410000000000033538e+01,6.644669207624208651e-01,1.070000000000000107e+01,0.000000000000000000e+00,0.000000000000000000e+00,-1.000000000000000000e+00
-6.400000000000034106e+01,6.871792361219124512e-01,1.070000000000000107e+01,0.000000000000000000e+00,0.000000000000000000e+00,-1.000000000000000000e+00
-6.390000000000034674e+01,7.102729741935165375e-01,1.070000000000000107e+01,0.000000000000000000e+00,0.000000000000000000e+00,-1.000000000000000000e+00
-6.380000000000035243e+01,7.337481098246080302e-01,1.070000000000000107e+01,0.000000000000000000e+00,0.000000000000000000e+00,-1.000000000000000000e+00
-6.370000000000035811e+01,7.576046165949835709e-01,1.070000000000000107e+01,0.000000000000000000e+00,0.000000000000000000e+00,-1.000000000000000000e+00
-6.360000000000036380e+01,7.818424667749906964e-01,1.070000000000000107e+01,0.000000000000000000e+00,0.000000000000000000e+00,-1.000000000000000000e+00
-6.350000000000036948e+01,8.064616312829783196e-01,1.070000000000000107e+01,0.000000000000000000e+00,0.000000000000000000e+00,-1.000000000000000000e+00
-6.340000000000037517e+01,8.314620796420676418e-01,1.070000000000000107e+01,0.000000000000000000e+00,0.000000000000000000e+00,-1.000000000000000000e+00
-6.330000000000038085e+01,8.568437799362477181e-01,1.070000000000000107e+01,0.000000000000000000e+00,0.000000000000000000e+00,-1.000000000000000000e+00
-6.320000000000038654e+01,8.826066987657918972e-01,1.070000000000000107e+01,0.000000000000000000e+00,0.000000000000000000e+00,-1.000000000000000000e+00
-6.310000000000039222e+01,9.087508012019962500e-01,1.070000000000000107e+01,0.000000000000000000e+00,0.000000000000000000e+00,-1.000000000000000000e+00
-6.300000000000039790e+01,9.352760507412427593e-01,1.070000000000000107e+01,0.000000000000000000e+00,0.000000000000000000e+00,-1.000000000000000000e+00
-6.290000000000040359e+01,9.621824092583839416e-01,1.070000000000000107e+01,0.000000000000000000e+00,0.000000000000000000e+00,-1.000000000000000000e+00
-6.280000000000040927e+01,9.894698369594512322e-01,1.070000000000000107e+01,0.000000000000000000e+00,0.000000000000000000e+00,-1.000000000000000000e+00
-6.270000000000041496e+01,1.017138292333688021e+00,1.070000000000000107e+01,0.000000000000000000e+00,0.000000000000000000e+00,-1.000000000000000000e+00
-6.260000000000042064e+01,1.045187732104904565e+00,1.070000000000000107e+01,0.000000000000000000e+00,0.000000000000000000e+00,-1.000000000000000000e+00
-6.250000000000042633e+01,1.073618111182159662e+00,1.070000000000000107e+01,0.000000000000000000e+00,0.000000000000000000e+00,-1.000000000000000000e+00
-6.240000000000043201e+01,1.102429382609766195e+00,1.070000000000000107e+01,0.000000000000000000e+00,0.000000000000000000e+00,-1.000000000000000000e+00
-6.230000000000043769e+01,1.131621497516618113e+00,1.070000000000000107e+01,0.000000000000000000e+00,0.000000000000000000e+00,-1.000000000000000000e+00
-6.220000000000044338e+01,1.161194405064850610e+00,1.070000000000000107e+01,0.000000000000000000e+00,0.000000000000000000e+00,-1.000000000000000000e+00
-6.210000000000044906e+01,1.191148052397816404e+00,1.070000000000000107e+01,0.000000000000000000e+00,0.000000000000000000e+00,-1.000000000000000000e+00
-6.200000000000045475e+01,1.221482384587395220e+00,1.070000000000000107e+01,0.000000000000000000e+00,0.000000000000000000e+00,-1.000000000000000000e+00
-6.190000000000046043e+01,1.252197344580627369e+00,1.070000000000000107e+01,0.000000000000000000e+00,0.000000000000000000e+00,-1.000000000000000000e+00
-6.180000000000046612e+01,1.283292873145673418e+00,1.070000000000000107e+01,0.000000000000000000e+00,0.000000000000000000e+00,-1.000000000000000000e+00
-6.170000000000047180e+01,1.314768908817100623e+00,1.070000000000000107e+01,0.000000000000000000e+00,0.000000000000000000e+00,-1.000000000000000000e+00
-6.160000000000047748e+01,1.346625387840501009e+00,1.070000000000000107e+01,0.000000000000000000e+00,0.000000000000000000e+00,-1.000000000000000000e+00
-6.150000000000048317e+01,1.378862244116431990e+00,1.070000000000000107e+01,0.000000000000000000e+00,0.000000000000000000e+00,-1.000000000000000000e+00
-6.140000000000048885e+01,1.411479409143690189e+00,1.070000000000000107e+01,0.000000000000000000e+00,0.000000000000000000e+00,-1.000000000000000000e+00
-6.130000000000049454e+01,1.444476811961911356e+00,1.070000000000000107e+01,0.000000000000000000e+00,0.000000000000000000e+00,-1.000000000000000000e+00
-6.120000000000050022e+01,1.477854379093503923e+00,1.070000000000000107e+01,0.000000000000000000e+00,0.000000000000000000e+00,-1.000000000000000000e+00
-6.110000000000050591e+01,1.511612034484905998e+00,1.070000000000000107e+01,0.000000000000000000e+00,0.000000000000000000e+00,-1.000000000000000000e+00
-6.100000000000051159e+01,1.545749699447181991e+00,1.070000000000000107e+01,0.000000000000000000e+00,0.000000000000000000e+00,-1.000000000000000000e+00
-6.090000000000051728e+01,1.580267292595941120e+00,1.070000000000000107e+01,0.000000000000000000e+00,0.000000000000000000e+00,-1.000000000000000000e+00
-6.080000000000052296e+01,1.615164729790595777e+00,1.070000000000000107e+01,0.000000000000000000e+00,0.000000000000000000e+00,-1.000000000000000000e+00
-6.070000000000052864e+01,1.650441924072948874e+00,1.070000000000000107e+01,0.000000000000000000e+00,0.000000000000000000e+00,-1.000000000000000000e+00
-6.060000000000053433e+01,1.686098785605112393e+00,1.070000000000000107e+01,0.000000000000000000e+00,0.000000000000000000e+00,-1.000000000000000000e+00
-6.050000000000054001e+01,1.722135221606763800e+00,1.070000000000000107e+01,0.000000000000000000e+00,0.000000000000000000e+00,-1.000000000000000000e+00
-6.040000000000054570e+01,1.758551136291734540e+00,1.070000000000000107e+01,0.000000000000000000e+00,0.000000000000000000e+00,-1.000000000000000000e+00
-6.030000000000055138e+01,1.795346430803935300e+00,1.070000000000000107e+01,0.000000000000000000e+00,0.000000000000000000e+00,-1.000000000000000000e+00
-6.020000000000055707e+01,1.832521003152613348e+00,1.070000000000000107e+01,0.000000000000000000e+00,0.000000000000000000e+00,-1.000000000000000000e+00
-6.010000000000056275e+01,1.870074748146952404e+00,1.070000000000000107e+01,0.000000000000000000e+00,0.000000000000000000e+00,-1.000000000000000000e+00
-6.000000000000056843e+01,1.908007557330004600e+00,1.070000000000000107e+01,0.000000000000000000e+00,0.000000000000000000e+00,-1.000000000000000000e+00
-5.990000000000057412e+01,1.946319318911962748e+00,1.070000000000000107e+01,0.000000000000000000e+00,0.000000000000000000e+00,-1.000000000000000000e+00
-5.980000000000057980e+01,1.985009917702773130e+00,1.070000000000000107e+01,0.000000000000000000e+00,0.000000000000000000e+00,-1.000000000000000000e+00
-5.970000000000058549e+01,2.024079235044085934e+00,1.070000000000000107e+01,0.000000000000000000e+00,0.000000000000000000e+00,-1.000000000000000000e+00
-5.960000000000059117e+01,2.063527148740544437e+00,1.070000000000000107e+01,0.000000000000000000e+00,0.000000000000000000e+00,-1.000000000000000000e+00
-5.950000000000059686e+01,2.103353532990423602e+00,1.070000000000000107e+01,0.000000000000000000e+00,0.000000000000000000e+00,-1.000000000000000000e+00
-5.940000000000060254e+01,2.143558258315600540e+00,1.070000000000000107e+01,0.000000000000000000e+00,0.000000000000000000e+00,-1.000000000000000000e+00
-5.930000000000060822e+01,2.184141191490876821e+00,1.070000000000000107e+01,0.000000000000000000e+00,0.000000000000000000e+00,-1.000000000000000000e+00
-5.920000000000061391e+01,2.225102195472641764e+00,1.070000000000000107e+01,0.000000000000000000e+00,0.000000000000000000e+00,-1.000000000000000000e+00
-5.910000000000061959e+01,2.266441129326880244e+00,1.070000000000000107e+01,0.000000000000000000e+00,0.000000000000000000e+00,-1.000000000000000000e+00
-5.900000000000062528e+01,2.308157848156529468e+00,1.070000000000000107e+01,0.000000000000000000e+00,0.000000000000000000e+00,-1.000000000000000000e+00
-5.890000000000063096e+01,2.350252203028181164e+00,1.070000000000000107e+01,0.000000000000000000e+00,0.000000000000000000e+00,-1.000000000000000000e+00
-5.880000000000063665e+01,2.392724040898133175e+00,1.070000000000000107e+01,0.000000000000000000e+00,0.000000000000000000e+00,-1.000000000000000000e+00
-5.870000000000064233e+01,2.435573204537791803e+00,1.070000000000000107e+01,0.000000000000000000e+00,0.000000000000000000e+00,-1.000000000000000000e+00
-5.860000000000064801e+01,2.478799532458420884e+00,1.070000000000000107e+01,0.000000000000000000e+00,0.000000000000000000e+00,-1.000000000000000000e+00
-5.850000000000065370e+01,2.522402858835250949e+00,1.070000000000000107e+01,0.000000000000000000e+00,0.000000000000000000e+00,-1.000000000000000000e+00
-5.840000000000065938e+01,2.566383013430928450e+00,1.070000000000000107e+01,0.000000000000000000e+00,0.000000000000000000e+00,-1.000000000000000000e+00
-5.830000000000066507e+01,2.610739821518336612e+00,1.070000000000000107e+01,0.000000000000000000e+00,0.000000000000000000e+00,-1.000000000000000000e+00
-5.820000000000067075e+01,2.655473103802756807e+00,1.070000000000000107e+01,0.000000000000000000e+00,0.000000000000000000e+00,-1.000000000000000000e+00
-5.810000000000067644e+01,2.700582676343393995e+00,1.070000000000000107e+01,0.000000000000000000e+00,0.000000000000000000e+00,-1.000000000000000000e+00
-5.800000000000068212e+01,2.746068350474261788e+00,1.070000000000000107e+01,0.000000000000000000e+00,0.000000000000000000e+00,-1.000000000000000000e+00
-5.790000000000068781e+01,2.791929932724420471e+00,1.070000000000000107e+01,0.000000000000000000e+00,0.000000000000000000e+00,-1.000000000000000000e+00
-5.780000000000069349e+01,2.838167224737587091e+00,1.070000000000000107e+01,0.000000000000000000e+00,0.000000000000000000e+00,-1.000000000000000000e+00
-5.770000000000069917e+01,2.884780023191095388e+00,1.070000000000000107e+01,0.000000000000000000e+00,0.000000000000000000e+00,-1.000000000000000000e+00
-5.760000000000070486e+01,2.931768119714230458e+00,1.070000000000000107e+01,0.000000000000000000e+00,0.000000000000000000e+00,-1.000000000000000000e+00
-5.750000000000071054e+01,2.979131300805923921e+00,1.070000000000000107e+01,0.000000000000000000e+00,0.000000000000000000e+00,-1.000000000000000000e+00
-5.740000000000071623e+01,3.026869347751814932e+00,1.070000000000000107e+01,0.000000000000000000e+00,0.000000000000000000e+00,-1.000000000000000000e+00
-5.730000000000072191e+01,3.074982036540685471e+00,1.070000000000000107e+01,0.000000000000000000e+00,0.000000000000000000e+00,-1.000000000000000000e+00
-5.720000000000072760e+01,3.123469137780259697e+00,1.070000000000000107e+01,0.000000000000000000e+00,0.000000000000000000e+00,-1.000000000000000000e+00
-5.710000000000073328e+01,3.172330416612381132e+00,1.070000000000000107e+01,0.000000000000000000e+00,0.000000000000000000e+00,-1.000000000000000000e+00
-5.700000000000073896e+01,3.221565632627556575e+00,1.070000000000000107e+01,0.000000000000000000e+00,0.000000000000000000e+00,-1.000000000000000000e+00
-5.690000000000074465e+01,3.271174539778887169e+00,1.070000000000000107e+01,0.000000000000000000e+00,0.000000000000000000e+00,-1.000000000000000000e+00
-5.680000000000075033e+01,3.321156886295361321e+00,1.070000000000000107e+01,0.000000000000000000e+00,0.000000000000000000e+00,-1.000000000000000000e+00
-5.670000000000075602e+01,3.371512414594539653e+00,1.070000000000000107e+01,0.000000000000000000e+00,0.000000000000000000e+00,-1.000000000000000000e+00
-5.660000000000076170e+01,3.422240861194616901e+00,1.070000000000000107e+01,0.000000000000000000e+00,0.000000000000000000e+00,-1.000000000000000000e+00
-5.650000000000076739e+01,3.473341956625863869e+00,1.070000000000000107e+01,0.000000000000000000e+00,0.000000000000000000e+00,-1.000000000000000000e+00
-5.640000000000077307e+01,3.524815425341456088e+00,1.070000000000000107e+01,0.000000000000000000e+00,0.000000000000000000e+00,-1.000000000000000000e+00
-5.630000000000077875e+01,3.576660985627694078e+00,1.070000000000000107e+01,0.000000000000000000e+00,0.000000000000000000e+00,-1.000000000000000000e+00
-5.620000000000078444e+01,3.628878349513605883e+00,1.070000000000000107e+01,0.000000000000000000e+00,0.000000000000000000e+00,-1.000000000000000000e+00
-5.610000000000079012e+01,3.681467222679942530e+00,1.070000000000000107e+01,0.000000000000000000e+00,0.000000000000000000e+00,-1.000000000000000000e+00
-5.600000000000079581e+01,3.734427304367569089e+00,1.070000000000000107e+01,0.000000000000000000e+00,0.000000000000000000e+00,-1.000000000000000000e+00
-5.590000000000080149e+01,3.787758287285252212e+00,1.070000000000000107e+01,0.000000000000000000e+00,0.000000000000000000e+00,-1.000000000000000000e+00
-5.580000000000080718e+01,3.841459857516837051e+00,1.070000000000000107e+01,0.000000000000000000e+00,0.000000000000000000e+00,-1.000000000000000000e+00
-5.570000000000081286e+01,3.895531694427836200e+00,1.070000000000000107e+01,0.000000000000000000e+00,0.000000000000000000e+00,-1.000000000000000000e+00
-5.560000000000081855e+01,3.949973470571411571e+00,1.070000000000000107e+01,0.000000000000000000e+00,0.000000000000000000e+00,-1.000000000000000000e+00
-5.550000000000082423e+01,4.004784851593766959e+00,1.070000000000000107e+01,0.000000000000000000e+00,0.000000000000000000e+00,-1.000000000000000000e+00
-5.540000000000082991e+01,4.059965496138938867e+00,1.070000000000000107e+01,0.000000000000000000e+00,0.000000000000000000e+00,-1.000000000000000000e+00
-5.530000000000083560e+01,4.115515055753014906e+00,1.070000000000000107e+01,0.000000000000000000e+00,0.000000000000000000e+00,-1.000000000000000000e+00
-5.520000000000084128e+01,4.171433174787742892e+00,1.070000000000000107e+01,0.000000000000000000e+00,0.000000000000000000e+00,-1.000000000000000000e+00
-5.510000000000084697e+01,4.227719490303567085e+00,1.070000000000000107e+01,0.000000000000000000e+00,0.000000000000000000e+00,-1.000000000000000000e+00
-5.500000000000085265e+01,4.284373631972081320e+00,1.070000000000000107e+01,0.000000000000000000e+00,0.000000000000000000e+00,-1.000000000000000000e+00
-5.490000000000085834e+01,4.341395221977904839e+00,1.070000000000000107e+01,0.000000000000000000e+00,0.000000000000000000e+00,-1.000000000000000000e+00
-5.480000000000086402e+01,4.398783874919964809e+00,1.070000000000000107e+01,0.000000000000000000e+00,0.000000000000000000e+00,-1.000000000000000000e+00
-5.470000000000086970e+01,4.456539197712228173e+00,1.070000000000000107e+01,0.000000000000000000e+00,0.000000000000000000e+00,-1.000000000000000000e+00
-5.460000000000087539e+01,4.514660789483846415e+00,1.070000000000000107e+01,0.000000000000000000e+00,0.000000000000000000e+00,-1.000000000000000000e+00
-5.450000000000088107e+01,4.573148241478738996e+00,1.070000000000000107e+01,0.000000000000000000e+00,0.000000000000000000e+00,-1.000000000000000000e+00
-5.440000000000088676e+01,4.632001136954600362e+00,1.070000000000000107e+01,0.000000000000000000e+00,0.000000000000000000e+00,-1.000000000000000000e+00
-5.430000000000089244e+01,4.691219051081364277e+00,1.070000000000000107e+01,0.000000000000000000e+00,0.000000000000000000e+00,-1.000000000000000000e+00
-5.420000000000089813e+01,4.750801550839085508e+00,1.070000000000000107e+01,0.000000000000000000e+00,0.000000000000000000e+00,-1.000000000000000000e+00
-5.410000000000090381e+01,4.810748194915286824e+00,1.070000000000000107e+01,0.000000000000000000e+00,0.000000000000000000e+00,-1.000000000000000000e+00
-5.400000000000090949e+01,4.871058533601740237e+00,1.070000000000000107e+01,0.000000000000000000e+00,0.000000000000000000e+00,-1.000000000000000000e+00
-5.390000000000091518e+01,4.931732108690701111e+00,1.070000000000000107e+01,0.000000000000000000e+00,0.000000000000000000e+00,-1.000000000000000000e+00
-5.380000000000092086e+01,4.992768453370593384e+00,1.070000000000000107e+01,0.000000000000000000e+00,0.000000000000000000e+00,-1.000000000000000000e+00
-5.370000000000092655e+01,5.054167092121164551e+00,1.070000000000000107e+01,0.000000000000000000e+00,0.000000000000000000e+00,-1.000000000000000000e+00
-5.360000000000093223e+01,5.115927540608081969e+00,1.070000000000000107e+01,0.000000000000000000e+00,0.000000000000000000e+00,-1.000000000000000000e+00
-5.350000000000093792e+01,5.178049305577009598e+00,1.070000000000000107e+01,0.000000000000000000e+00,0.000000000000000000e+00,-1.000000000000000000e+00
-5.340000000000094360e+01,5.240531884747143820e+00,1.070000000000000107e+01,0.000000000000000000e+00,0.000000000000000000e+00,-1.000000000000000000e+00
-5.330000000000094929e+01,5.303374766704223475e+00,1.070000000000000107e+01,0.000000000000000000e+00,0.000000000000000000e+00,-1.000000000000000000e+00
-5.320000000000095497e+01,5.366577430793015857e+00,1.070000000000000107e+01,0.000000000000000000e+00,0.000000000000000000e+00,-1.000000000000000000e+00
-5.310000000000096065e+01,5.430139347009281359e+00,1.070000000000000107e+01,0.000000000000000000e+00,0.000000000000000000e+00,-1.000000000000000000e+00
-5.300000000000096634e+01,5.494059975891209646e+00,1.070000000000000107e+01,0.000000000000000000e+00,0.000000000000000000e+00,-1.000000000000000000e+00
-5.290000000000097202e+01,5.558338768410370889e+00,1.070000000000000107e+01,0.000000000000000000e+00,0.000000000000000000e+00,-1.000000000000000000e+00
-5.280000000000097771e+01,5.622975165862127866e+00,1.070000000000000107e+01,0.000000000000000000e+00,0.000000000000000000e+00,-1.000000000000000000e+00
-5.270000000000098339e+01,5.687968599755554244e+00,1.070000000000000107e+01,0.000000000000000000e+00,0.000000000000000000e+00,-1.000000000000000000e+00
-5.260000000000098908e+01,5.753318491702860804e+00,1.070000000000000107e+01,0.000000000000000000e+00,0.000000000000000000e+00,-1.000000000000000000e+00
-5.250000000000099476e+01,5.819024253308308303e+00,1.070000000000000107e+01,0.000000000000000000e+00,0.000000000000000000e+00,-1.000000000000000000e+00
-5.240000000000100044e+01,5.885085286056639831e+00,1.070000000000000107e+01,0.000000000000000000e+00,0.000000000000000000e+00,-1.000000000000000000e+00
-5.230000000000100613e+01,5.951500981201021112e+00,1.070000000000000107e+01,0.000000000000000000e+00,0.000000000000000000e+00,-1.000000000000000000e+00
-5.220000000000101181e+01,6.018270719650498535e+00,1.070000000000000107e+01,0.000000000000000000e+00,0.000000000000000000e+00,-1.000000000000000000e+00
-5.210000000000101750e+01,6.085393871856976666e+00,1.070000000000000107e+01,0.000000000000000000e+00,0.000000000000000000e+00,-1.000000000000000000e+00
-5.200000000000102318e+01,6.152869797701715271e+00,1.070000000000000107e+01,0.000000000000000000e+00,0.000000000000000000e+00,-1.000000000000000000e+00
-5.190000000000102887e+01,6.220697846381372464e+00,1.070000000000000107e+01,0.000000000000000000e+00,0.000000000000000000e+00,-1.000000000000000000e+00
-5.180000000000103455e+01,6.288877356293565590e+00,1.070000000000000107e+01,0.000000000000000000e+00,0.000000000000000000e+00,-1.000000000000000000e+00
-5.170000000000104023e+01,6.357407654921981788e+00,1.070000000000000107e+01,0.000000000000000000e+00,0.000000000000000000e+00,-1.000000000000000000e+00
-5.160000000000104592e+01,6.426288058721029373e+00,1.070000000000000107e+01,0.000000000000000000e+00,0.000000000000000000e+00,-1.000000000000000000e+00
-5.150000000000105160e+01,6.495517873000039799e+00,1.070000000000000107e+01,0.000000000000000000e+00,0.000000000000000000e+00,-1.000000000000000000e+00
-5.140000000000105729e+01,6.565096391807021980e+00,1.070000000000000107e+01,0.000000000000000000e+00,0.000000000000000000e+00,-1.000000000000000000e+00
-5.130000000000106297e+01,6.635022897811984954e+00,1.070000000000000107e+01,0.000000000000000000e+00,0.000000000000000000e+00,-1.000000000000000000e+00
-5.120000000000106866e+01,6.705296662189808465e+00,1.070000000000000107e+01,0.000000000000000000e+00,0.000000000000000000e+00,-1.000000000000000000e+00
-5.110000000000107434e+01,6.775916944502701433e+00,1.070000000000000107e+01,0.000000000000000000e+00,0.000000000000000000e+00,-1.000000000000000000e+00
-5.100000000000108002e+01,6.846882992582230543e+00,1.070000000000000107e+01,0.000000000000000000e+00,0.000000000000000000e+00,-1.000000000000000000e+00
-5.090000000000108571e+01,6.918194042410923394e+00,1.070000000000000107e+01,0.000000000000000000e+00,0.000000000000000000e+00,-1.000000000000000000e+00
-5.080000000000109139e+01,6.989849318003461320e+00,1.070000000000000107e+01,0.000000000000000000e+00,0.000000000000000000e+00,-1.000000000000000000e+00
-5.070000000000109708e+01,7.061848031287476068e+00,1.070000000000000107e+01,0.000000000000000000e+00,0.000000000000000000e+00,-1.000000000000000000e+00
-5.060000000000110276e+01,7.134189381983921052e+00,1.070000000000000107e+01,0.000000000000000000e+00,0.000000000000000000e+00,-1.000000000000000000e+00
-5.050000000000110845e+01,7.206872557487074005e+00,1.070000000000000107e+01,0.000000000000000000e+00,0.000000000000000000e+00,-1.000000000000000000e+00
-5.040000000000111413e+01,7.279896732744128407e+00,1.070000000000000107e+01,0.000000000000000000e+00,0.000000000000000000e+00,-1.000000000000000000e+00
-5.030000000000111982e+01,7.353261070134405664e+00,1.070000000000000107e+01,0.000000000000000000e+00,0.000000000000000000e+00,-1.000000000000000000e+00
-5.020000000000112550e+01,7.426964719348199573e+00,1.070000000000000107e+01,0.000000000000000000e+00,0.000000000000000000e+00,-1.000000000000000000e+00
-5.010000000000113118e+01,7.501006817265231774e+00,1.070000000000000107e+01,0.000000000000000000e+00,0.000000000000000000e+00,-1.000000000000000000e+00
-5.000000000000113687e+01,7.575386487832753701e+00,1.070000000000000107e+01,0.000000000000000000e+00,0.000000000000000000e+00,-1.000000000000000000e+00
-4.990000000000114255e+01,7.650102841943288823e+00,1.070000000000000107e+01,0.000000000000000000e+00,0.000000000000000000e+00,-1.000000000000000000e+00
-4.980000000000114824e+01,7.725154977312019611e+00,1.070000000000000107e+01,0.000000000000000000e+00,0.000000000000000000e+00,-1.000000000000000000e+00
-4.970000000000115392e+01,7.800541978353816575e+00,1.070000000000000107e+01,0.000000000000000000e+00,0.000000000000000000e+00,-1.000000000000000000e+00
-4.960000000000115961e+01,7.876262916059952879e+00,1.070000000000000107e+01,0.000000000000000000e+00,0.000000000000000000e+00,-1.000000000000000000e+00
-4.950000000000116529e+01,7.952316847874463690e+00,1.070000000000000107e+01,0.000000000000000000e+00,0.000000000000000000e+00,-1.000000000000000000e+00
-4.940000000000117097e+01,8.028702817570184891e+00,1.070000000000000107e+01,0.000000000000000000e+00,0.000000000000000000e+00,-1.000000000000000000e+00
-4.930000000000117666e+01,8.105419855124486261e+00,1.070000000000000107e+01,0.000000000000000000e+00,0.000000000000000000e+00,-1.000000000000000000e+00
-4.920000000000118234e+01,8.182466976594664487e+00,1.070000000000000107e+01,0.000000000000000000e+00,0.000000000000000000e+00,-1.000000000000000000e+00
-4.910000000000118803e+01,8.259843183993066162e+00,1.070000000000000107e+01,0.000000000000000000e+00,0.000000000000000000e+00,-1.000000000000000000e+00
-4.900000000000119371e+01,8.337547465161881277e+00,1.070000000000000107e+01,0.000000000000000000e+00,0.000000000000000000e+00,-1.000000000000000000e+00
-4.890000000000119940e+01,8.415578793647663147e+00,1.070000000000000107e+01,0.000000000000000000e+00,0.000000000000000000e+00,-1.000000000000000000e+00
-4.880000000000120508e+01,8.493936128575560573e+00,1.070000000000000107e+01,0.000000000000000000e+00,0.000000000000000000e+00,-1.000000000000000000e+00
-4.870000000000121076e+01,8.572618414523279995e+00,1.070000000000000107e+01,0.000000000000000000e+00,0.000000000000000000e+00,-1.000000000000000000e+00
-4.860000000000121645e+01,8.651624581394774083e+00,1.070000000000000107e+01,0.000000000000000000e+00,0.000000000000000000e+00,-1.000000000000000000e+00
-4.850000000000122213e+01,8.730953544293660329e+00,1.070000000000000107e+01,0.000000000000000000e+00,0.000000000000000000e+00,-1.000000000000000000e+00
-4.840000000000122782e+01,8.810604203396417589e+00,1.070000000000000107e+01,0.000000000000000000e+00,0.000000000000000000e+00,-1.000000000000000000e+00
-4.830000000000123350e+01,8.890575443825301960e+00,1.070000000000000107e+01,0.000000000000000000e+00,0.000000000000000000e+00,-1.000000000000000000e+00
-4.820000000000123919e+01,8.970866135521045948e+00,1.070000000000000107e+01,0.000000000000000000e+00,0.000000000000000000e+00,-1.000000000000000000e+00
-4.810000000000124487e+01,9.051475133115333804e+00,1.070000000000000107e+01,0.000000000000000000e+00,0.000000000000000000e+00,-1.000000000000000000e+00
-4.800000000000125056e+01,9.132401275803045948e+00,1.070000000000000107e+01,0.000000000000000000e+00,0.000000000000000000e+00,-1.000000000000000000e+00
-4.790000000000125624e+01,9.213643387214288438e+00,1.070000000000000107e+01,0.000000000000000000e+00,0.000000000000000000e+00,-1.000000000000000000e+00
-4.780000000000126192e+01,9.295200275286241265e+00,1.070000000000000107e+01,0.000000000000000000e+00,0.000000000000000000e+00,-1.000000000000000000e+00
-4.770000000000126761e+01,9.377070732134775710e+00,1.070000000000000107e+01,0.000000000000000000e+00,0.000000000000000000e+00,-1.000000000000000000e+00
-4.760000000000127329e+01,9.459253533925926050e+00,1.070000000000000107e+01,0.000000000000000000e+00,0.000000000000000000e+00,-1.000000000000000000e+00
-4.750000000000127898e+01,9.541747440747156972e+00,1.070000000000000107e+01,0.000000000000000000e+00,0.000000000000000000e+00,-1.000000000000000000e+00
-4.740000000000128466e+01,9.624551196478474679e+00,1.070000000000000107e+01,0.000000000000000000e+00,0.000000000000000000e+00,-1.000000000000000000e+00
-4.730000000000129035e+01,9.707663528663363905e+00,1.070000000000000107e+01,0.000000000000000000e+00,0.000000000000000000e+00,-1.000000000000000000e+00
-4.720000000000129603e+01,9.791083148379605916e+00,1.070000000000000107e+01,0.000000000000000000e+00,0.000000000000000000e+00,-1.000000000000000000e+00
-4.710000000000130171e+01,9.874808750109922428e+00,1.070000000000000107e+01,0.000000000000000000e+00,0.000000000000000000e+00,-1.000000000000000000e+00
-4.700000000000130740e+01,9.958839011612498737e+00,1.070000000000000107e+01,0.000000000000000000e+00,0.000000000000000000e+00,-1.000000000000000000e+00
-4.690000000000131308e+01,1.004317259379140381e+01,1.070000000000000107e+01,0.000000000000000000e+00,0.000000000000000000e+00,-1.000000000000000000e+00
-4.680000000000131877e+01,1.012780814056686474e+01,1.070000000000000107e+01,0.000000000000000000e+00,0.000000000000000000e+00,-1.000000000000000000e+00
-4.670000000000132445e+01,1.021274427874547186e+01,1.070000000000000107e+01,0.000000000000000000e+00,0.000000000000000000e+00,-1.000000000000000000e+00
-4.660000000000133014e+01,1.029797961789026850e+01,1.070000000000000107e+01,0.000000000000000000e+00,0.000000000000000000e+00,-1.000000000000000000e+00
-4.650000000000133582e+01,1.038351275019075892e+01,1.070000000000000107e+01,0.000000000000000000e+00,0.000000000000000000e+00,-1.000000000000000000e+00
-4.640000000000134150e+01,1.046934225033286303e+01,1.070000000000000107e+01,0.000000000000000000e+00,0.000000000000000000e+00,-1.000000000000000000e+00
-4.630000000000134719e+01,1.055546667536878935e+01,1.070000000000000107e+01,0.000000000000000000e+00,0.000000000000000000e+00,-1.000000000000000000e+00
-4.620000000000135287e+01,1.064188456458685827e+01,1.070000000000000107e+01,0.000000000000000000e+00,0.000000000000000000e+00,-1.000000000000000000e+00
-4.610000000000135856e+01,1.072859443938129154e+01,1.070000000000000107e+01,0.000000000000000000e+00,0.000000000000000000e+00,-1.000000000000000000e+00
-4.600000000000136424e+01,1.081559480312197152e+01,1.070000000000000107e+01,0.000000000000000000e+00,0.000000000000000000e+00,-1.000000000000000000e+00
-4.590000000000136993e+01,1.090288414102415970e+01,1.070000000000000107e+01,0.000000000000000000e+00,0.000000000000000000e+00,-1.000000000000000000e+00
-4.580000000000137561e+01,1.099046092001823460e+01,1.070000000000000107e+01,0.000000000000000000e+00,0.000000000000000000e+00,-1.000000000000000000e+00
-4.570000000000138130e+01,1.107832358861941557e+01,1.070000000000000107e+01,0.000000000000000000e+00,0.000000000000000000e+00,-1.000000000000000000e+00
-4.560000000000138698e+01,1.116647057679748833e+01,1.070000000000000107e+01,0.000000000000000000e+00,0.000000000000000000e+00,-1.000000000000000000e+00
-4.550000000000139266e+01,1.125490029584658558e+01,1.070000000000000107e+01,0.000000000000000000e+00,0.000000000000000000e+00,-1.000000000000000000e+00
-4.540000000000139835e+01,1.134361113825496403e+01,1.070000000000000107e+01,0.000000000000000000e+00,0.000000000000000000e+00,-1.000000000000000000e+00
-4.530000000000140403e+01,1.143260147757485434e+01,1.070000000000000107e+01,0.000000000000000000e+00,0.000000000000000000e+00,-1.000000000000000000e+00
-4.520000000000140972e+01,1.152186966829236248e+01,1.070000000000000107e+01,0.000000000000000000e+00,0.000000000000000000e+00,-1.000000000000000000e+00
-4.510000000000141540e+01,1.161141404569743507e+01,1.070000000000000107e+01,0.000000000000000000e+00,0.000000000000000000e+00,-1.000000000000000000e+00
-4.500000000000142109e+01,1.170123292575391538e+01,1.070000000000000107e+01,0.000000000000000000e+00,0.000000000000000000e+00,-1.000000000000000000e+00
-4.490000000000142677e+01,1.179132460496967383e+01,1.070000000000000107e+01,0.000000000000000000e+00,0.000000000000000000e+00,-1.000000000000000000e+00
-4.480000000000143245e+01,1.188168736026687888e+01,1.070000000000000107e+01,0.000000000000000000e+00,0.000000000000000000e+00,-1.000000000000000000e+00
-4.470000000000143814e+01,1.197231944885233901e+01,1.070000000000000107e+01,0.000000000000000000e+00,0.000000000000000000e+00,-1.000000000000000000e+00
-4.460000000000144382e+01,1.206321910808801334e+01,1.070000000000000107e+01,0.000000000000000000e+00,0.000000000000000000e+00,-1.000000000000000000e+00
-4.450000000000144951e+01,1.215438455536165030e+01,1.070000000000000107e+01,0.000000000000000000e+00,0.000000000000000000e+00,-1.000000000000000000e+00
-4.440000000000145519e+01,1.224581398795757536e+01,1.070000000000000107e+01,0.000000000000000000e+00,0.000000000000000000e+00,-1.000000000000000000e+00
-4.430000000000146088e+01,1.233750558292765120e+01,1.070000000000000107e+01,0.000000000000000000e+00,0.000000000000000000e+00,-1.000000000000000000e+00
-4.420000000000146656e+01,1.242945749696242608e+01,1.070000000000000107e+01,0.000000000000000000e+00,0.000000000000000000e+00,-1.000000000000000000e+00
-4.410000000000147224e+01,1.252166786626245631e+01,1.070000000000000107e+01,0.000000000000000000e+00,0.000000000000000000e+00,-1.000000000000000000e+00
-4.400000000000147793e+01,1.261413480640986329e+01,1.070000000000000107e+01,0.000000000000000000e+00,0.000000000000000000e+00,-1.000000000000000000e+00
-4.390000000000148361e+01,1.270685641224008400e+01,1.070000000000000107e+01,0.000000000000000000e+00,0.000000000000000000e+00,-1.000000000000000000e+00
-4.380000000000148930e+01,1.279983075771386858e+01,1.070000000000000107e+01,0.000000000000000000e+00,0.000000000000000000e+00,-1.000000000000000000e+00
-4.370000000000149498e+01,1.289305589578951405e+01,1.070000000000000107e+01,0.000000000000000000e+00,0.000000000000000000e+00,-1.000000000000000000e+00
-4.360000000000150067e+01,1.298652985829538054e+01,1.070000000000000107e+01,0.000000000000000000e+00,0.000000000000000000e+00,-1.000000000000000000e+00
-4.350000000000150635e+01,1.308025065580265611e+01,1.070000000000000107e+01,0.000000000000000000e+00,0.000000000000000000e+00,-1.000000000000000000e+00
-4.340000000000151203e+01,1.317421627749842195e+01,1.070000000000000107e+01,0.000000000000000000e+00,0.000000000000000000e+00,-1.000000000000000000e+00
-4.330000000000151772e+01,1.326842469105901934e+01,1.070000000000000107e+01,0.000000000000000000e+00,0.000000000000000000e+00,-1.000000000000000000e+00
-4.320000000000152340e+01,1.336287384252374011e+01,1.070000000000000107e+01,0.000000000000000000e+00,0.000000000000000000e+00,-1.000000000000000000e+00
-4.310000000000152909e+01,1.345756165616882605e+01,1.070000000000000107e+01,0.000000000000000000e+00,0.000000000000000000e+00,-1.000000000000000000e+00
-4.300000000000153477e+01,1.355248603438183963e+01,1.070000000000000107e+01,0.000000000000000000e+00,0.000000000000000000e+00,-1.000000000000000000e+00
-4.290000000000154046e+01,1.364764485753637047e+01,1.070000000000000107e+01,0.000000000000000000e+00,0.000000000000000000e+00,-1.000000000000000000e+00
-4.280000000000154614e+01,1.374303598386715208e+01,1.070000000000000107e+01,0.000000000000000000e+00,0.000000000000000000e+00,-1.000000000000000000e+00
-4.270000000000155183e+01,1.383865724934551267e+01,1.070000000000000107e+01,0.000000000000000000e+00,0.000000000000000000e+00,-1.000000000000000000e+00
-4.260000000000155751e+01,1.393450646755529831e+01,1.070000000000000107e+01,0.000000000000000000e+00,0.000000000000000000e+00,-1.000000000000000000e+00
-4.250000000000156319e+01,1.403058142956915333e+01,1.070000000000000107e+01,0.000000000000000000e+00,0.000000000000000000e+00,-1.000000000000000000e+00
-4.240000000000156888e+01,1.412687990382527481e+01,1.070000000000000107e+01,0.000000000000000000e+00,0.000000000000000000e+00,-1.000000000000000000e+00
-4.230000000000157456e+01,1.422339963600460955e+01,1.070000000000000107e+01,0.000000000000000000e+00,0.000000000000000000e+00,-1.000000000000000000e+00
-4.220000000000158025e+01,1.432013834890851101e+01,1.070000000000000107e+01,0.000000000000000000e+00,0.000000000000000000e+00,-1.000000000000000000e+00
-4.210000000000158593e+01,1.441709374233688301e+01,1.070000000000000107e+01,0.000000000000000000e+00,0.000000000000000000e+00,-1.000000000000000000e+00
-4.200000000000159162e+01,1.451426349296681728e+01,1.070000000000000107e+01,0.000000000000000000e+00,0.000000000000000000e+00,-1.000000000000000000e+00
-4.190000000000159730e+01,1.461164525423175853e+01,1.070000000000000107e+01,0.000000000000000000e+00,0.000000000000000000e+00,-1.000000000000000000e+00
-4.180000000000160298e+01,1.470923665620117760e+01,1.070000000000000107e+01,0.000000000000000000e+00,0.000000000000000000e+00,-1.000000000000000000e+00
-4.170000000000160867e+01,1.480703530546081303e+01,1.070000000000000107e+01,0.000000000000000000e+00,0.000000000000000000e+00,-1.000000000000000000e+00
-4.160000000000161435e+01,1.490503878499345625e+01,1.070000000000000107e+01,0.000000000000000000e+00,0.000000000000000000e+00,-1.000000000000000000e+00
-4.150000000000162004e+01,1.500324465406034591e+01,1.070000000000000107e+01,0.000000000000000000e+00,0.000000000000000000e+00,-1.000000000000000000e+00
-4.140000000000162572e+01,1.510165044808311485e+01,1.070000000000000107e+01,0.000000000000000000e+00,0.000000000000000000e+00,-1.000000000000000000e+00
-4.130000000000163141e+01,1.520025367852639775e+01,1.070000000000000107e+01,0.000000000000000000e+00,0.000000000000000000e+00,-1.000000000000000000e+00
-4.120000000000163709e+01,1.529905183278103209e+01,1.070000000000000107e+01,0.000000000000000000e+00,0.000000000000000000e+00,-1.000000000000000000e+00
-4.110000000000164277e+01,1.539804237404792708e+01,1.070000000000000107e+01,0.000000000000000000e+00,0.000000000000000000e+00,-1.000000000000000000e+00
-4.100000000000164846e+01,1.549722274122260401e+01,1.070000000000000107e+01,0.000000000000000000e+00,0.000000000000000000e+00,-1.000000000000000000e+00
-4.090000000000165414e+01,1.559659034878037787e+01,1.070000000000000107e+01,0.000000000000000000e+00,0.000000000000000000e+00,-1.000000000000000000e+00
-4.080000000000165983e+01,1.569614258666230100e+01,1.070000000000000107e+01,0.000000000000000000e+00,0.000000000000000000e+00,-1.000000000000000000e+00
-4.070000000000166551e+01,1.579587682016178540e+01,1.070000000000000107e+01,0.000000000000000000e+00,0.000000000000000000e+00,-1.000000000000000000e+00
-4.060000000000167120e+01,1.589579038981195325e+01,1.070000000000000107e+01,0.000000000000000000e+00,0.000000000000000000e+00,-1.000000000000000000e+00
-4.050000000000167688e+01,1.599588061127377792e+01,1.070000000000000107e+01,0.000000000000000000e+00,0.000000000000000000e+00,-1.000000000000000000e+00
-4.040000000000168257e+01,1.609614477522496045e+01,1.070000000000000107e+01,0.000000000000000000e+00,0.000000000000000000e+00,-1.000000000000000000e+00
-4.030000000000168825e+01,1.619658014724962669e+01,1.070000000000000107e+01,0.000000000000000000e+00,0.000000000000000000e+00,-1.000000000000000000e+00
-4.020000000000169393e+01,1.629718396772880951e+01,1.070000000000000107e+01,0.000000000000000000e+00,0.000000000000000000e+00,-1.000000000000000000e+00
-4.010000000000169962e+01,1.639795345173177665e+01,1.070000000000000107e+01,0.000000000000000000e+00,0.000000000000000000e+00,-1.000000000000000000e+00
-4.000000000000170530e+01,1.649888578890819346e+01,1.070000000000000107e+01,0.000000000000000000e+00,0.000000000000000000e+00,-1.000000000000000000e+00
-3.990000000000171099e+01,1.659997814338116484e+01,1.070000000000000107e+01,0.000000000000000000e+00,0.000000000000000000e+00,-1.000000000000000000e+00
-3.980000000000171667e+01,1.670122765364113704e+01,1.070000000000000107e+01,0.000000000000000000e+00,0.000000000000000000e+00,-1.000000000000000000e+00
-3.970000000000172236e+01,1.680263143244074087e+01,1.070000000000000107e+01,0.000000000000000000e+00,0.000000000000000000e+00,-1.000000000000000000e+00
-3.960000000000172804e+01,1.690418656669052311e+01,1.070000000000000107e+01,0.000000000000000000e+00,0.000000000000000000e+00,-1.000000000000000000e+00
-3.950000000000173372e+01,1.700589011735564071e+01,1.070000000000000107e+01,0.000000000000000000e+00,0.000000000000000000e+00,-1.000000000000000000e+00
-3.940000000000173941e+01,1.710773911935350711e+01,1.070000000000000107e+01,0.000000000000000000e+00,0.000000000000000000e+00,-1.000000000000000000e+00
-3.930000000000174509e+01,1.720973058145244750e+01,1.070000000000000107e+01,0.000000000000000000e+00,0.000000000000000000e+00,-1.000000000000000000e+00
-3.920000000000175078e+01,1.731186148617129916e+01,1.070000000000000107e+01,0.000000000000000000e+00,0.000000000000000000e+00,-1.000000000000000000e+00
-3.910000000000175646e+01,1.741412878968010602e+01,1.070000000000000107e+01,0.000000000000000000e+00,0.000000000000000000e+00,-1.000000000000000000e+00
-3.900000000000176215e+01,1.751652942170181149e+01,1.070000000000000107e+01,0.000000000000000000e+00,0.000000000000000000e+00,-1.000000000000000000e+00
-3.890000000000176783e+01,1.761906028541501357e+01,1.070000000000000107e+01,0.000000000000000000e+00,0.000000000000000000e+00,-1.000000000000000000e+00
-3.880000000000177351e+01,1.772171825735781425e+01,1.070000000000000107e+01,0.000000000000000000e+00,0.000000000000000000e+00,-1.000000000000000000e+00
-3.870000000000177920e+01,1.782450018733280928e+01,1.070000000000000107e+01,0.000000000000000000e+00,0.000000000000000000e+00,-1.000000000000000000e+00
-3.860000000000178488e+01,1.792740289831312595e+01,1.070000000000000107e+01,0.000000000000000000e+00,0.000000000000000000e+00,-1.000000000000000000e+00
-3.850000000000179057e+01,1.803042318634966534e+01,1.070000000000000107e+01,0.000000000000000000e+00,0.000000000000000000e+00,-1.000000000000000000e+00
-3.840000000000179625e+01,1.813355782047950981e+01,1.070000000000000107e+01,0.000000000000000000e+00,0.000000000000000000e+00,-1.000000000000000000e+00
-3.830000000000180194e+01,1.823680354263549575e+01,1.070000000000000107e+01,0.000000000000000000e+00,0.000000000000000000e+00,-1.000000000000000000e+00
-3.820000000000180762e+01,1.834015706755700137e+01,1.070000000000000107e+01,0.000000000000000000e+00,0.000000000000000000e+00,-1.000000000000000000e+00
-3.810000000000181331e+01,1.844361508270199224e+01,1.070000000000000107e+01,0.000000000000000000e+00,0.000000000000000000e+00,-1.000000000000000000e+00
-3.800000000000181899e+01,1.854717424816028526e+01,1.070000000000000107e+01,0.000000000000000000e+00,0.000000000000000000e+00,-1.000000000000000000e+00
-3.790000000000182467e+01,1.865083119656811661e+01,1.070000000000000107e+01,0.000000000000000000e+00,0.000000000000000000e+00,-1.000000000000000000e+00
-3.780000000000183036e+01,1.875458253302398504e+01,1.070000000000000107e+01,0.000000000000000000e+00,0.000000000000000000e+00,-1.000000000000000000e+00
-3.770000000000183604e+01,1.885842483500582389e+01,1.070000000000000107e+01,0.000000000000000000e+00,0.000000000000000000e+00,-1.000000000000000000e+00
-3.760000000000184173e+01,1.896235465228953032e+01,1.070000000000000107e+01,0.000000000000000000e+00,0.000000000000000000e+00,-1.000000000000000000e+00
-3.750000000000184741e+01,1.906636850686883378e+01,1.070000000000000107e+01,0.000000000000000000e+00,0.000000000000000000e+00,-1.000000000000000000e+00
-3.740000000000185310e+01,1.917046289287657146e+01,1.070000000000000107e+01,0.000000000000000000e+00,0.000000000000000000e+00,-1.000000000000000000e+00
-3.730000000000185878e+01,1.927463427650734218e+01,1.070000000000000107e+01,0.000000000000000000e+00,0.000000000000000000e+00,-1.000000000000000000e+00
-3.720000000000186446e+01,1.937887909594164881e+01,1.070000000000000107e+01,0.000000000000000000e+00,0.000000000000000000e+00,-1.000000000000000000e+00
-3.710000000000187015e+01,1.948319376127143698e+01,1.070000000000000107e+01,0.000000000000000000e+00,0.000000000000000000e+00,-1.000000000000000000e+00
-3.700000000000187583e+01,1.958757465442715073e+01,1.070000000000000107e+01,0.000000000000000000e+00,0.000000000000000000e+00,-1.000000000000000000e+00
-3.690000000000188152e+01,1.969201812910627680e+01,1.070000000000000107e+01,0.000000000000000000e+00,0.000000000000000000e+00,-1.000000000000000000e+00
-3.680000000000188720e+01,1.979652051070339525e+01,1.070000000000000107e+01,0.000000000000000000e+00,0.000000000000000000e+00,-1.000000000000000000e+00
-3.670000000000189289e+01,1.990107809624183943e+01,1.070000000000000107e+01,0.000000000000000000e+00,0.000000000000000000e+00,-1.000000000000000000e+00
-3.660000000000189857e+01,2.000568715430683042e+01,1.070000000000000107e+01,0.000000000000000000e+00,0.000000000000000000e+00,-1.000000000000000000e+00
-3.650000000000190425e+01,2.011034392498032375e+01,1.070000000000000107e+01,0.000000000000000000e+00,0.000000000000000000e+00,-1.000000000000000000e+00
-3.640000000000190994e+01,2.021504461977736256e+01,1.070000000000000107e+01,0.000000000000000000e+00,0.000000000000000000e+00,-1.000000000000000000e+00
-3.630000000000191562e+01,2.031978542158418222e+01,1.070000000000000107e+01,0.000000000000000000e+00,0.000000000000000000e+00,-1.000000000000000000e+00
-3.620000000000192131e+01,2.042456248459788171e+01,1.070000000000000107e+01,0.000000000000000000e+00,0.000000000000000000e+00,-1.000000000000000000e+00
-3.610000000000192699e+01,2.052937193426784646e+01,1.070000000000000107e+01,0.000000000000000000e+00,0.000000000000000000e+00,-1.000000000000000000e+00
-3.600000000000193268e+01,2.063420986723891204e+01,1.070000000000000107e+01,0.000000000000000000e+00,0.000000000000000000e+00,-1.000000000000000000e+00
-3.590000000000193836e+01,2.073907235129619764e+01,1.070000000000000107e+01,0.000000000000000000e+00,0.000000000000000000e+00,-1.000000000000000000e+00
-3.580000000000194404e+01,2.084395542531174073e+01,1.070000000000000107e+01,0.000000000000000000e+00,0.000000000000000000e+00,-1.000000000000000000e+00
-3.570000000000194973e+01,2.094885509919295785e+01,1.070000000000000107e+01,0.000000000000000000e+00,0.000000000000000000e+00,-1.000000000000000000e+00
-3.560000000000195541e+01,2.105376735383285336e+01,1.070000000000000107e+01,0.000000000000000000e+00,0.000000000000000000e+00,-1.000000000000000000e+00
-3.550000000000196110e+01,2.115868814106211815e+01,1.070000000000000107e+01,0.000000000000000000e+00,0.000000000000000000e+00,-1.000000000000000000e+00
-3.540000000000196678e+01,2.126361338360307940e+01,1.070000000000000107e+01,0.000000000000000000e+00,0.000000000000000000e+00,-1.000000000000000000e+00
-3.530000000000197247e+01,2.136853897502555455e+01,1.070000000000000107e+01,0.000000000000000000e+00,0.000000000000000000e+00,-1.000000000000000000e+00
-3.520000000000197815e+01,2.147346077970457756e+01,1.070000000000000107e+01,0.000000000000000000e+00,0.000000000000000000e+00,-1.000000000000000000e+00
-3.510000000000198384e+01,2.157837463278012891e+01,1.070000000000000107e+01,0.000000000000000000e+00,0.000000000000000000e+00,-1.000000000000000000e+00
-3.500000000000198952e+01,2.168327634011880534e+01,1.070000000000000107e+01,0.000000000000000000e+00,0.000000000000000000e+00,-1.000000000000000000e+00
-3.490000000000199520e+01,2.178816167827744366e+01,1.070000000000000107e+01,0.000000000000000000e+00,0.000000000000000000e+00,-1.000000000000000000e+00
-3.480000000000200089e+01,2.189302639446884768e+01,1.070000000000000107e+01,0.000000000000000000e+00,0.000000000000000000e+00,-1.000000000000000000e+00
-3.470000000000200657e+01,2.199786620652950120e+01,1.070000000000000107e+01,0.000000000000000000e+00,0.000000000000000000e+00,-1.000000000000000000e+00
-3.460000000000201226e+01,2.210267680288935921e+01,1.070000000000000107e+01,0.000000000000000000e+00,0.000000000000000000e+00,-1.000000000000000000e+00
-3.450000000000201794e+01,2.220745384254374244e+01,1.070000000000000107e+01,0.000000000000000000e+00,0.000000000000000000e+00,-1.000000000000000000e+00
-3.440000000000202363e+01,2.231219295502737410e+01,1.070000000000000107e+01,0.000000000000000000e+00,0.000000000000000000e+00,-1.000000000000000000e+00
-3.430000000000202931e+01,2.241688974039053761e+01,1.070000000000000107e+01,0.000000000000000000e+00,0.000000000000000000e+00,-1.000000000000000000e+00
-3.420000000000203499e+01,2.252153976917742995e+01,1.070000000000000107e+01,0.000000000000000000e+00,0.000000000000000000e+00,-1.000000000000000000e+00
-3.410000000000204068e+01,2.262613858240671405e+01,1.070000000000000107e+01,0.000000000000000000e+00,0.000000000000000000e+00,-1.000000000000000000e+00
-3.400000000000204636e+01,2.273068169155428819e+01,1.070000000000000107e+01,0.000000000000000000e+00,0.000000000000000000e+00,-1.000000000000000000e+00
-3.390000000000205205e+01,2.283516457853836101e+01,1.070000000000000107e+01,0.000000000000000000e+00,0.000000000000000000e+00,-1.000000000000000000e+00
-3.380000000000205773e+01,2.293958269570672570e+01,1.070000000000000107e+01,0.000000000000000000e+00,0.000000000000000000e+00,-1.000000000000000000e+00
-3.370000000000206342e+01,2.304393146582643581e+01,1.070000000000000107e+01,0.000000000000000000e+00,0.000000000000000000e+00,-1.000000000000000000e+00
-3.360000000000206910e+01,2.314820628207576192e+01,1.070000000000000107e+01,0.000000000000000000e+00,0.000000000000000000e+00,-1.000000000000000000e+00
-3.350000000000207478e+01,2.325240250803852149e+01,1.070000000000000107e+01,0.000000000000000000e+00,0.000000000000000000e+00,-1.000000000000000000e+00
-3.340000000000208047e+01,2.335651547770083170e+01,1.070000000000000107e+01,0.000000000000000000e+00,0.000000000000000000e+00,-1.000000000000000000e+00
-3.330000000000208615e+01,2.346054049545023190e+01,1.070000000000000107e+01,0.000000000000000000e+00,0.000000000000000000e+00,-1.000000000000000000e+00
-3.320000000000209184e+01,2.356447283607730370e+01,1.070000000000000107e+01,0.000000000000000000e+00,0.000000000000000000e+00,-1.000000000000000000e+00
-3.310000000000209752e+01,2.366830774477975297e+01,1.070000000000000107e+01,0.000000000000000000e+00,0.000000000000000000e+00,-1.000000000000000000e+00
-3.300000000000210321e+01,2.377204043716894688e+01,1.070000000000000107e+01,0.000000000000000000e+00,0.000000000000000000e+00,-1.000000000000000000e+00
-3.290000000000210889e+01,2.387566609927905503e+01,1.070000000000000107e+01,0.000000000000000000e+00,0.000000000000000000e+00,-1.000000000000000000e+00
-3.280000000000211458e+01,2.397917988757871655e+01,1.070000000000000107e+01,0.000000000000000000e+00,0.000000000000000000e+00,-1.000000000000000000e+00
-3.270000000000212026e+01,2.408257692898525804e+01,1.070000000000000107e+01,0.000000000000000000e+00,0.000000000000000000e+00,-1.000000000000000000e+00
-3.260000000000212594e+01,2.418585232088158676e+01,1.070000000000000107e+01,0.000000000000000000e+00,0.000000000000000000e+00,-1.000000000000000000e+00
-3.250000000000213163e+01,2.428900113113569503e+01,1.070000000000000107e+01,0.000000000000000000e+00,0.000000000000000000e+00,-1.000000000000000000e+00
-3.240000000000213731e+01,2.439201839812281847e+01,1.070000000000000107e+01,0.000000000000000000e+00,0.000000000000000000e+00,-1.000000000000000000e+00
-3.230000000000214300e+01,2.449489913075034053e+01,1.070000000000000107e+01,0.000000000000000000e+00,0.000000000000000000e+00,-1.000000000000000000e+00
-3.220000000000214868e+01,2.459763830848535449e+01,1.070000000000000107e+01,0.000000000000000000e+00,0.000000000000000000e+00,-1.000000000000000000e+00
-3.210000000000215437e+01,2.470023088138506395e+01,1.070000000000000107e+01,0.000000000000000000e+00,0.000000000000000000e+00,-1.000000000000000000e+00
-3.200000000000216005e+01,2.480267177012988000e+01,1.070000000000000107e+01,0.000000000000000000e+00,0.000000000000000000e+00,-1.000000000000000000e+00
-3.190000000000216573e+01,2.490495586605939948e+01,1.070000000000000107e+01,0.000000000000000000e+00,0.000000000000000000e+00,-1.000000000000000000e+00
-3.180000000000217142e+01,2.500707803121119355e+01,1.070000000000000107e+01,0.000000000000000000e+00,0.000000000000000000e+00,-1.000000000000000000e+00
-3.170000000000217710e+01,2.510903309836244190e+01,1.070000000000000107e+01,0.000000000000000000e+00,0.000000000000000000e+00,-1.000000000000000000e+00
-3.160000000000218279e+01,2.521081587107451938e+01,1.070000000000000107e+01,0.000000000000000000e+00,0.000000000000000000e+00,-1.000000000000000000e+00
-3.150000000000218847e+01,2.531242112374045306e+01,1.070000000000000107e+01,0.000000000000000000e+00,0.000000000000000000e+00,-1.000000000000000000e+00
-3.140000000000219416e+01,2.541384360163536371e+01,1.070000000000000107e+01,0.000000000000000000e+00,0.000000000000000000e+00,-1.000000000000000000e+00
-3.130000000000219984e+01,2.551507802096988797e+01,1.070000000000000107e+01,0.000000000000000000e+00,0.000000000000000000e+00,-1.000000000000000000e+00
-3.120000000000220552e+01,2.561611906894660962e+01,1.070000000000000107e+01,0.000000000000000000e+00,0.000000000000000000e+00,-1.000000000000000000e+00
-3.110000000000221121e+01,2.571696140381950713e+01,1.070000000000000107e+01,0.000000000000000000e+00,0.000000000000000000e+00,-1.000000000000000000e+00
-3.100000000000221689e+01,2.581759965495652409e+01,1.070000000000000107e+01,0.000000000000000000e+00,0.000000000000000000e+00,-1.000000000000000000e+00
-3.090000000000222258e+01,2.591802842290518072e+01,1.070000000000000107e+01,0.000000000000000000e+00,0.000000000000000000e+00,-1.000000000000000000e+00
-3.080000000000222826e+01,2.601824227946132950e+01,1.070000000000000107e+01,0.000000000000000000e+00,0.000000000000000000e+00,-1.000000000000000000e+00
-3.070000000000223395e+01,2.611823576774111189e+01,1.070000000000000107e+01,0.000000000000000000e+00,0.000000000000000000e+00,-1.000000000000000000e+00
-3.060000000000223963e+01,2.621800340225600934e+01,1.070000000000000107e+01,0.000000000000000000e+00,0.000000000000000000e+00,-1.000000000000000000e+00
-3.050000000000224532e+01,2.631753966899120556e+01,1.070000000000000107e+01,0.000000000000000000e+00,0.000000000000000000e+00,-1.000000000000000000e+00
-3.040000000000225100e+01,2.641683902548708573e+01,1.070000000000000107e+01,0.000000000000000000e+00,0.000000000000000000e+00,-1.000000000000000000e+00
-3.030000000000225668e+01,2.651589590092414284e+01,1.070000000000000107e+01,0.000000000000000000e+00,0.000000000000000000e+00,-1.000000000000000000e+00
-3.020000000000226237e+01,2.661470469621102808e+01,1.070000000000000107e+01,0.000000000000000000e+00,0.000000000000000000e+00,-1.000000000000000000e+00
-3.010000000000226805e+01,2.671325978407605106e+01,1.070000000000000107e+01,0.000000000000000000e+00,0.000000000000000000e+00,-1.000000000000000000e+00
-3.000000000000227374e+01,2.681155550916200170e+01,1.070000000000000107e+01,0.000000000000000000e+00,0.000000000000000000e+00,-1.000000000000000000e+00
-2.990000000000227942e+01,2.690958618812430814e+01,1.070000000000000107e+01,0.000000000000000000e+00,0.000000000000000000e+00,-1.000000000000000000e+00
-2.980000000000228511e+01,2.700734610973270122e+01,1.070000000000000107e+01,0.000000000000000000e+00,0.000000000000000000e+00,-1.000000000000000000e+00
-2.970000000000229079e+01,2.710482953497624337e+01,1.070000000000000107e+01,0.000000000000000000e+00,0.000000000000000000e+00,-1.000000000000000000e+00
-2.960000000000229647e+01,2.720203069717188171e+01,1.070000000000000107e+01,0.000000000000000000e+00,0.000000000000000000e+00,-1.000000000000000000e+00
-2.950000000000230216e+01,2.729894380207647586e+01,1.070000000000000107e+01,0.000000000000000000e+00,0.000000000000000000e+00,-1.000000000000000000e+00
-2.940000000000230784e+01,2.739556302800236409e+01,1.070000000000000107e+01,0.000000000000000000e+00,0.000000000000000000e+00,-1.000000000000000000e+00
-2.930000000000231353e+01,2.749188252593650361e+01,1.070000000000000107e+01,0.000000000000000000e+00,0.000000000000000000e+00,-1.000000000000000000e+00
-2.920000000000231921e+01,2.758789641966317419e+01,1.070000000000000107e+01,0.000000000000000000e+00,0.000000000000000000e+00,-1.000000000000000000e+00
-2.910000000000232490e+01,2.768359880589033040e+01,1.070000000000000107e+01,0.000000000000000000e+00,0.000000000000000000e+00,-1.000000000000000000e+00
-2.900000000000233058e+01,2.777898375437955991e+01,1.070000000000000107e+01,0.000000000000000000e+00,0.000000000000000000e+00,-1.000000000000000000e+00
-2.890000000000233626e+01,2.787404530807974723e+01,1.070000000000000107e+01,0.000000000000000000e+00,0.000000000000000000e+00,-1.000000000000000000e+00
-2.880000000000234195e+01,2.796877748326444646e+01,1.070000000000000107e+01,0.000000000000000000e+00,0.000000000000000000e+00,-1.000000000000000000e+00
-2.870000000000234763e+01,2.806317426967296669e+01,1.070000000000000107e+01,0.000000000000000000e+00,0.000000000000000000e+00,-1.000000000000000000e+00
-2.860000000000235332e+01,2.815722963065521256e+01,1.070000000000000107e+01,0.000000000000000000e+00,0.000000000000000000e+00,-1.000000000000000000e+00
-2.850000000000235900e+01,2.825093750332032982e+01,1.070000000000000107e+01,0.000000000000000000e+00,0.000000000000000000e+00,-1.000000000000000000e+00
-2.840000000000236469e+01,2.834429179868919135e+01,1.070000000000000107e+01,0.000000000000000000e+00,0.000000000000000000e+00,-1.000000000000000000e+00
-2.830000000000237037e+01,2.843728640185066325e+01,1.070000000000000107e+01,0.000000000000000000e+00,0.000000000000000000e+00,-1.000000000000000000e+00
-2.820000000000237605e+01,2.852991517212181094e+01,1.070000000000000107e+01,0.000000000000000000e+00,0.000000000000000000e+00,-1.000000000000000000e+00
-2.810000000000238174e+01,2.862217194321197411e+01,1.070000000000000107e+01,0.000000000000000000e+00,0.000000000000000000e+00,-1.000000000000000000e+00
-2.800000000000238742e+01,2.871405052339078523e+01,1.070000000000000107e+01,0.000000000000000000e+00,0.000000000000000000e+00,-1.000000000000000000e+00
-2.790000000000239311e+01,2.880554469566013509e+01,1.070000000000000107e+01,0.000000000000000000e+00,0.000000000000000000e+00,-1.000000000000000000e+00
-2.780000000000239879e+01,2.889664821793013161e+01,1.070000000000000107e+01,0.000000000000000000e+00,0.000000000000000000e+00,-1.000000000000000000e+00
-2.770000000000240448e+01,2.898735482319908741e+01,1.070000000000000107e+01,0.000000000000000000e+00,0.000000000000000000e+00,-1.000000000000000000e+00
-2.760000000000241016e+01,2.907765821973751841e+01,1.070000000000000107e+01,0.000000000000000000e+00,0.000000000000000000e+00,-1.000000000000000000e+00
-2.750000000000241585e+01,2.916755209127625648e+01,1.070000000000000107e+01,0.000000000000000000e+00,0.000000000000000000e+00,-1.000000000000000000e+00
-2.740000000000242153e+01,2.925703009719859793e+01,1.070000000000000107e+01,0.000000000000000000e+00,0.000000000000000000e+00,-1.000000000000000000e+00
-2.730000000000242721e+01,2.934608587273664426e+01,1.070000000000000107e+01,0.000000000000000000e+00,0.000000000000000000e+00,-1.000000000000000000e+00
-2.720000000000243290e+01,2.943471302917175336e+01,1.070000000000000107e+01,0.000000000000000000e+00,0.000000000000000000e+00,-1.000000000000000000e+00
-2.710000000000243858e+01,2.952290515403919002e+01,1.070000000000000107e+01,0.000000000000000000e+00,0.000000000000000000e+00,-1.000000000000000000e+00
-2.700000000000244427e+01,2.961065581133696512e+01,1.070000000000000107e+01,0.000000000000000000e+00,0.000000000000000000e+00,-1.000000000000000000e+00
-2.690000000000244995e+01,2.969795854173892380e+01,1.070000000000000107e+01,0.000000000000000000e+00,0.000000000000000000e+00,-1.000000000000000000e+00
-2.680000000000245564e+01,2.978480686281208989e+01,1.070000000000000107e+01,0.000000000000000000e+00,0.000000000000000000e+00,-1.000000000000000000e+00
-2.670000000000246132e+01,2.987119426923830545e+01,1.070000000000000107e+01,0.000000000000000000e+00,0.000000000000000000e+00,-1.000000000000000000e+00
-2.660000000000246700e+01,2.995711423304017629e+01,1.070000000000000107e+01,0.000000000000000000e+00,0.000000000000000000e+00,-1.000000000000000000e+00
-2.650000000000247269e+01,3.004256020381135528e+01,1.070000000000000107e+01,0.000000000000000000e+00,0.000000000000000000e+00,-1.000000000000000000e+00
-2.640000000000247837e+01,3.012752560895118492e+01,1.070000000000000107e+01,0.000000000000000000e+00,0.000000000000000000e+00,-1.000000000000000000e+00
-2.630000000000248406e+01,3.021200385390377718e+01,1.070000000000000107e+01,0.000000000000000000e+00,0.000000000000000000e+00,-1.000000000000000000e+00
-2.620000000000248974e+01,3.029598832240146322e+01,1.070000000000000107e+01,0.000000000000000000e+00,0.000000000000000000e+00,-1.000000000000000000e+00
-2.610000000000249543e+01,3.037947237671268397e+01,1.070000000000000107e+01,0.000000000000000000e+00,0.000000000000000000e+00,-1.000000000000000000e+00
-2.600000000000250111e+01,3.046244935789441755e+01,1.070000000000000107e+01,0.000000000000000000e+00,0.000000000000000000e+00,-1.000000000000000000e+00
-2.590000000000250679e+01,3.054491258604901560e+01,1.070000000000000107e+01,0.000000000000000000e+00,0.000000000000000000e+00,-1.000000000000000000e+00
-2.580000000000251248e+01,3.062685536058562263e+01,1.070000000000000107e+01,0.000000000000000000e+00,0.000000000000000000e+00,-1.000000000000000000e+00
-2.570000000000251816e+01,3.070827096048612503e+01,1.070000000000000107e+01,0.000000000000000000e+00,0.000000000000000000e+00,-1.000000000000000000e+00
-2.560000000000252385e+01,3.078915264457565826e+01,1.070000000000000107e+01,0.000000000000000000e+00,0.000000000000000000e+00,-1.000000000000000000e+00
-2.550000000000252953e+01,3.086949365179772187e+01,1.070000000000000107e+01,0.000000000000000000e+00,0.000000000000000000e+00,-1.000000000000000000e+00
-2.540000000000253522e+01,3.094928720149389534e+01,1.070000000000000107e+01,0.000000000000000000e+00,0.000000000000000000e+00,-1.000000000000000000e+00
-2.530000000000254090e+01,3.102852649368826832e+01,1.070000000000000107e+01,0.000000000000000000e+00,0.000000000000000000e+00,-1.000000000000000000e+00
-2.520000000000254659e+01,3.110720470937640414e+01,1.070000000000000107e+01,0.000000000000000000e+00,0.000000000000000000e+00,-1.000000000000000000e+00
-2.510000000000255227e+01,3.118531501081915636e+01,1.070000000000000107e+01,0.000000000000000000e+00,0.000000000000000000e+00,-1.000000000000000000e+00
-2.500000000000255795e+01,3.126285054184105761e+01,1.070000000000000107e+01,0.000000000000000000e+00,0.000000000000000000e+00,-1.000000000000000000e+00
-2.490000000000256364e+01,3.133980442813356504e+01,1.070000000000000107e+01,0.000000000000000000e+00,0.000000000000000000e+00,-1.000000000000000000e+00
-2.480000000000256932e+01,3.141616977756295270e+01,1.070000000000000107e+01,0.000000000000000000e+00,0.000000000000000000e+00,-1.000000000000000000e+00
-2.470000000000257501e+01,3.149193968048312087e+01,1.070000000000000107e+01,0.000000000000000000e+00,0.000000000000000000e+00,-1.000000000000000000e+00
-2.460000000000258069e+01,3.156710721005308073e+01,1.070000000000000107e+01,0.000000000000000000e+00,0.000000000000000000e+00,-1.000000000000000000e+00
-2.450000000000258638e+01,3.164166542255936321e+01,1.070000000000000107e+01,0.000000000000000000e+00,0.000000000000000000e+00,-1.000000000000000000e+00
-2.440000000000259206e+01,3.171560735774323447e+01,1.070000000000000107e+01,0.000000000000000000e+00,0.000000000000000000e+00,-1.000000000000000000e+00
-2.430000000000259774e+01,3.178892603913279657e+01,1.070000000000000107e+01,0.000000000000000000e+00,0.000000000000000000e+00,-1.000000000000000000e+00
-2.420000000000260343e+01,3.186161447437998007e+01,1.070000000000000107e+01,0.000000000000000000e+00,0.000000000000000000e+00,-1.000000000000000000e+00
-2.410000000000260911e+01,3.193366565560246428e+01,1.070000000000000107e+01,0.000000000000000000e+00,0.000000000000000000e+00,-1.000000000000000000e+00
-2.400000000000261480e+01,3.200507255973051457e+01,1.070000000000000107e+01,0.000000000000000000e+00,0.000000000000000000e+00,-1.000000000000000000e+00
-2.390000000000262048e+01,3.207582814885879685e+01,1.070000000000000107e+01,0.000000000000000000e+00,0.000000000000000000e+00,-1.000000000000000000e+00
-2.380000000000262617e+01,3.214592537060315891e+01,1.070000000000000107e+01,0.000000000000000000e+00,0.000000000000000000e+00,-1.000000000000000000e+00
-2.370000000000263185e+01,3.221535715846238190e+01,1.070000000000000107e+01,0.000000000000000000e+00,0.000000000000000000e+00,-1.000000000000000000e+00
-2.360000000000263753e+01,3.228411643218504423e+01,1.070000000000000107e+01,0.000000000000000000e+00,0.000000000000000000e+00,-1.000000000000000000e+00
-2.350000000000264322e+01,3.235219609814129171e+01,1.070000000000000107e+01,0.000000000000000000e+00,0.000000000000000000e+00,-1.000000000000000000e+00
-2.340000000000264890e+01,3.241958904969974498e+01,1.070000000000000107e+01,0.000000000000000000e+00,0.000000000000000000e+00,-1.000000000000000000e+00
-2.330000000000265459e+01,3.248628816760948723e+01,1.070000000000000107e+01,0.000000000000000000e+00,0.000000000000000000e+00,-1.000000000000000000e+00
-2.320000000000266027e+01,3.255228632038709691e+01,1.070000000000000107e+01,0.000000000000000000e+00,0.000000000000000000e+00,-1.000000000000000000e+00
-2.310000000000266596e+01,3.261757636470882460e+01,1.070000000000000107e+01,0.000000000000000000e+00,0.000000000000000000e+00,-1.000000000000000000e+00
-2.300000000000267164e+01,3.268215114580787883e+01,1.070000000000000107e+01,0.000000000000000000e+00,0.000000000000000000e+00,-1.000000000000000000e+00
-2.290000000000267733e+01,3.274600349787687037e+01,1.070000000000000107e+01,0.000000000000000000e+00,0.000000000000000000e+00,-1.000000000000000000e+00
-2.280000000000268301e+01,3.280912624447543635e+01,1.070000000000000107e+01,0.000000000000000000e+00,0.000000000000000000e+00,-1.000000000000000000e+00
-2.270000000000268869e+01,3.287151219894297327e+01,1.070000000000000107e+01,0.000000000000000000e+00,0.000000000000000000e+00,-1.000000000000000000e+00
-2.260000000000269438e+01,3.293315416481664926e+01,1.070000000000000107e+01,0.000000000000000000e+00,0.000000000000000000e+00,-1.000000000000000000e+00
-2.250000000000270006e+01,3.299404493625459622e+01,1.070000000000000107e+01,0.000000000000000000e+00,0.000000000000000000e+00,-1.000000000000000000e+00
-2.240000000000270575e+01,3.305417729846426766e+01,1.070000000000000107e+01,0.000000000000000000e+00,0.000000000000000000e+00,-1.000000000000000000e+00
-2.230000000000271143e+01,3.311354402813614684e+01,1.070000000000000107e+01,0.000000000000000000e+00,0.000000000000000000e+00,-1.000000000000000000e+00
-2.220000000000271712e+01,3.317213789388263478e+01,1.070000000000000107e+01,0.000000000000000000e+00,0.000000000000000000e+00,-1.000000000000000000e+00
-2.210000000000272280e+01,3.322995165668218931e+01,1.070000000000000107e+01,0.000000000000000000e+00,0.000000000000000000e+00,-1.000000000000000000e+00
-2.200000000000272848e+01,3.328697807032882849e+01,1.070000000000000107e+01,0.000000000000000000e+00,0.000000000000000000e+00,-1.000000000000000000e+00
-2.190000000000273417e+01,3.334320988188685675e+01,1.070000000000000107e+01,0.000000000000000000e+00,0.000000000000000000e+00,-1.000000000000000000e+00
-2.180000000000273985e+01,3.339863983215091991e+01,1.070000000000000107e+01,0.000000000000000000e+00,0.000000000000000000e+00,-1.000000000000000000e+00
-2.170000000000274554e+01,3.345326065611140365e+01,1.070000000000000107e+01,0.000000000000000000e+00,0.000000000000000000e+00,-1.000000000000000000e+00
-2.160000000000275122e+01,3.350706508342511825e+01,1.070000000000000107e+01,0.000000000000000000e+00,0.000000000000000000e+00,-1.000000000000000000e+00
-2.150000000000275691e+01,3.356004583889136228e+01,1.070000000000000107e+01,0.000000000000000000e+00,0.000000000000000000e+00,-1.000000000000000000e+00
-2.140000000000276259e+01,3.361219564293334372e+01,1.070000000000000107e+01,0.000000000000000000e+00,0.000000000000000000e+00,-1.000000000000000000e+00
-2.130000000000276827e+01,3.366350721208493013e+01,1.070000000000000107e+01,0.000000000000000000e+00,0.000000000000000000e+00,-1.000000000000000000e+00
-2.120000000000277396e+01,3.371397325948280610e+01,1.070000000000000107e+01,0.000000000000000000e+00,0.000000000000000000e+00,-1.000000000000000000e+00
-2.110000000000277964e+01,3.376358649536398104e+01,1.070000000000000107e+01,0.000000000000000000e+00,0.000000000000000000e+00,-1.000000000000000000e+00
-2.100000000000278533e+01,3.381233962756876821e+01,1.070000000000000107e+01,0.000000000000000000e+00,0.000000000000000000e+00,-1.000000000000000000e+00
-2.090000000000279101e+01,3.386022536204901456e+01,1.070000000000000107e+01,0.000000000000000000e+00,0.000000000000000000e+00,-1.000000000000000000e+00
-2.080000000000279670e+01,3.390723640338190847e+01,1.070000000000000107e+01,0.000000000000000000e+00,0.000000000000000000e+00,-1.000000000000000000e+00
-2.070000000000280238e+01,3.395336545528908800e+01,1.070000000000000107e+01,0.000000000000000000e+00,0.000000000000000000e+00,-1.000000000000000000e+00
-2.060000000000280806e+01,3.399860522116120620e+01,1.070000000000000107e+01,0.000000000000000000e+00,0.000000000000000000e+00,-1.000000000000000000e+00
-2.050000000000281375e+01,3.404294840458793914e+01,1.070000000000000107e+01,0.000000000000000000e+00,0.000000000000000000e+00,-1.000000000000000000e+00
-2.040000000000281943e+01,3.408638770989342248e+01,1.070000000000000107e+01,0.000000000000000000e+00,0.000000000000000000e+00,-1.000000000000000000e+00
-2.030000000000282512e+01,3.412891584267707401e+01,1.070000000000000107e+01,0.000000000000000000e+00,0.000000000000000000e+00,-1.000000000000000000e+00
-2.020000000000283080e+01,3.417052551035995123e+01,1.070000000000000107e+01,0.000000000000000000e+00,0.000000000000000000e+00,-1.000000000000000000e+00
-2.010000000000283649e+01,3.421120942273649490e+01,1.070000000000000107e+01,0.000000000000000000e+00,0.000000000000000000e+00,-1.000000000000000000e+00
-2.000000000000284217e+01,3.425096029253172958e+01,1.070000000000000107e+01,0.000000000000000000e+00,0.000000000000000000e+00,-1.000000000000000000e+00
-1.990000000000284786e+01,3.428977083596391395e+01,1.070000000000000107e+01,0.000000000000000000e+00,0.000000000000000000e+00,-1.000000000000000000e+00
-1.980000000000285354e+01,3.432763377331268373e+01,1.070000000000000107e+01,0.000000000000000000e+00,0.000000000000000000e+00,-1.000000000000000000e+00
-1.970000000000285922e+01,3.436454182949262304e+01,1.070000000000000107e+01,0.000000000000000000e+00,0.000000000000000000e+00,-1.000000000000000000e+00
-1.960000000000286491e+01,3.440048773463225729e+01,1.070000000000000107e+01,0.000000000000000000e+00,0.000000000000000000e+00,-1.000000000000000000e+00
-1.950000000000287059e+01,3.443546422465857404e+01,1.070000000000000107e+01,0.000000000000000000e+00,0.000000000000000000e+00,-1.000000000000000000e+00
-1.940000000000287628e+01,3.446946404188697244e+01,1.070000000000000107e+01,0.000000000000000000e+00,0.000000000000000000e+00,-1.000000000000000000e+00
-1.930000000000288196e+01,3.450247993561661985e+01,1.070000000000000107e+01,0.000000000000000000e+00,0.000000000000000000e+00,-1.000000000000000000e+00
-1.920000000000288765e+01,3.453450466273136499e+01,1.070000000000000107e+01,0.000000000000000000e+00,0.000000000000000000e+00,-1.000000000000000000e+00
-1.910000000000289333e+01,3.456553098830602266e+01,1.070000000000000107e+01,0.000000000000000000e+00,0.000000000000000000e+00,-1.000000000000000000e+00
-1.900000000000289901e+01,3.459555168621809429e+01,1.070000000000000107e+01,0.000000000000000000e+00,0.000000000000000000e+00,-1.000000000000000000e+00
-1.890000000000290470e+01,3.462455953976502343e+01,1.070000000000000107e+01,0.000000000000000000e+00,0.000000000000000000e+00,-1.000000000000000000e+00
-1.880000000000291038e+01,3.465254734228680888e+01,1.070000000000000107e+01,0.000000000000000000e+00,0.000000000000000000e+00,-1.000000000000000000e+00
-1.870000000000291607e+01,3.467950789779409604e+01,1.070000000000000107e+01,0.000000000000000000e+00,0.000000000000000000e+00,-1.000000000000000000e+00
-1.860000000000292175e+01,3.470543402160166124e+01,1.070000000000000107e+01,0.000000000000000000e+00,0.000000000000000000e+00,-1.000000000000000000e+00
-1.850000000000292744e+01,3.473031854096737447e+01,1.070000000000000107e+01,0.000000000000000000e+00,0.000000000000000000e+00,-1.000000000000000000e+00
-1.840000000000293312e+01,3.475415429573653370e+01,1.070000000000000107e+01,0.000000000000000000e+00,0.000000000000000000e+00,-1.000000000000000000e+00
-1.830000000000293880e+01,3.477693413899159935e+01,1.070000000000000107e+01,0.000000000000000000e+00,0.000000000000000000e+00,-1.000000000000000000e+00
-1.820000000000294449e+01,3.479865093770738582e+01,1.070000000000000107e+01,0.000000000000000000e+00,0.000000000000000000e+00,-1.000000000000000000e+00
-1.810000000000295017e+01,3.481929757341158904e+01,1.070000000000000107e+01,0.000000000000000000e+00,0.000000000000000000e+00,-1.000000000000000000e+00
-1.800000000000295586e+01,3.483886694285069296e+01,1.070000000000000107e+01,0.000000000000000000e+00,0.000000000000000000e+00,-1.000000000000000000e+00
-1.790000000000296154e+01,3.485735195866131875e+01,1.070000000000000107e+01,0.000000000000000000e+00,0.000000000000000000e+00,-1.000000000000000000e+00
-1.780000000000296723e+01,3.487474555004678933e+01,1.070000000000000107e+01,0.000000000000000000e+00,0.000000000000000000e+00,-1.000000000000000000e+00
-1.770000000000297291e+01,3.489104066345921495e+01,1.070000000000000107e+01,0.000000000000000000e+00,0.000000000000000000e+00,-1.000000000000000000e+00
-1.760000000000297860e+01,3.490623026328675849e+01,1.070000000000000107e+01,0.000000000000000000e+00,0.000000000000000000e+00,-1.000000000000000000e+00
-1.750000000000298428e+01,3.492030733254630093e+01,1.070000000000000107e+01,0.000000000000000000e+00,0.000000000000000000e+00,-1.000000000000000000e+00
-1.740000000000298996e+01,3.493326487358138621e+01,1.070000000000000107e+01,0.000000000000000000e+00,0.000000000000000000e+00,-1.000000000000000000e+00
-1.730000000000299565e+01,3.494509590876544536e+01,1.070000000000000107e+01,0.000000000000000000e+00,0.000000000000000000e+00,-1.000000000000000000e+00
-1.720000000000300133e+01,3.495579348121030705e+01,1.070000000000000107e+01,0.000000000000000000e+00,0.000000000000000000e+00,-1.000000000000000000e+00
-1.710000000000300702e+01,3.496535065547995913e+01,1.070000000000000107e+01,0.000000000000000000e+00,0.000000000000000000e+00,-1.000000000000000000e+00
-1.700000000000301270e+01,3.497376051830950416e+01,1.070000000000000107e+01,0.000000000000000000e+00,0.000000000000000000e+00,-1.000000000000000000e+00
-1.690000000000301839e+01,3.498101617932940854e+01,1.070000000000000107e+01,0.000000000000000000e+00,0.000000000000000000e+00,-1.000000000000000000e+00
-1.680000000000302407e+01,3.498711077179486750e+01,1.070000000000000107e+01,0.000000000000000000e+00,0.000000000000000000e+00,-1.000000000000000000e+00
-1.670000000000302975e+01,3.499203745332039972e+01,1.070000000000000107e+01,0.000000000000000000e+00,0.000000000000000000e+00,-1.000000000000000000e+00
-1.660000000000303544e+01,3.499578940661955073e+01,1.070000000000000107e+01,0.000000000000000000e+00,0.000000000000000000e+00,-1.000000000000000000e+00
-1.650000000000304112e+01,3.499835984024978330e+01,1.070000000000000107e+01,0.000000000000000000e+00,0.000000000000000000e+00,-1.000000000000000000e+00
-1.640000000000304681e+01,3.499974198936241265e+01,1.070000000000000107e+01,0.000000000000000000e+00,0.000000000000000000e+00,-1.000000000000000000e+00
-1.630000000000305249e+01,3.499992911645766469e+01,1.070000000000000107e+01,0.000000000000000000e+00,0.000000000000000000e+00,-1.000000000000000000e+00
-1.620000000000305818e+01,3.499891451214476490e+01,1.070000000000000107e+01,0.000000000000000000e+00,0.000000000000000000e+00,-1.000000000000000000e+00
-1.610000000000306386e+01,3.499669149590712180e+01,1.070000000000000107e+01,0.000000000000000000e+00,0.000000000000000000e+00,-1.000000000000000000e+00
-1.600000000000306954e+01,3.499325341687239188e+01,1.070000000000000107e+01,0.000000000000000000e+00,0.000000000000000000e+00,-1.000000000000000000e+00
-1.590000000000307523e+01,3.498859365458767456e+01,1.070000000000000107e+01,0.000000000000000000e+00,0.000000000000000000e+00,-1.000000000000000000e+00
-1.580000000000308091e+01,3.498270561979950344e+01,1.070000000000000107e+01,0.000000000000000000e+00,0.000000000000000000e+00,-1.000000000000000000e+00
-1.570000000000308660e+01,3.497558275523888227e+01,1.070000000000000107e+01,0.000000000000000000e+00,0.000000000000000000e+00,-1.000000000000000000e+00
-1.560000000000309228e+01,3.496721853641111721e+01,1.070000000000000107e+01,0.000000000000000000e+00,0.000000000000000000e+00,-1.000000000000000000e+00
-1.550000000000309797e+01,3.495760647239056595e+01,1.070000000000000107e+01,0.000000000000000000e+00,0.000000000000000000e+00,-1.000000000000000000e+00
-1.540000000000310365e+01,3.494674010662016173e+01,1.070000000000000107e+01,0.000000000000000000e+00,0.000000000000000000e+00,-1.000000000000000000e+00
-1.530000000000310934e+01,3.493461301771574767e+01,1.070000000000000107e+01,0.000000000000000000e+00,0.000000000000000000e+00,-1.000000000000000000e+00
-1.520000000000311502e+01,3.492121882027517188e+01,1.070000000000000107e+01,0.000000000000000000e+00,0.000000000000000000e+00,-1.000000000000000000e+00
-1.510000000000312070e+01,3.490655116569209326e+01,1.070000000000000107e+01,0.000000000000000000e+00,0.000000000000000000e+00,-1.000000000000000000e+00
-1.500000000000312639e+01,3.489060374297444866e+01,1.070000000000000107e+01,0.000000000000000000e+00,0.000000000000000000e+00,-1.000000000000000000e+00
-1.490000000000313207e+01,3.487337027956761659e+01,1.070000000000000107e+01,0.000000000000000000e+00,0.000000000000000000e+00,-1.000000000000000000e+00
-1.480000000000313776e+01,3.485484454218210004e+01,1.070000000000000107e+01,0.000000000000000000e+00,0.000000000000000000e+00,-1.000000000000000000e+00
-1.470000000000314344e+01,3.483502033762588468e+01,1.070000000000000107e+01,0.000000000000000000e+00,0.000000000000000000e+00,-1.000000000000000000e+00
-1.460000000000314913e+01,3.481389151364120949e+01,1.070000000000000107e+01,0.000000000000000000e+00,0.000000000000000000e+00,-1.000000000000000000e+00
-1.450000000000315481e+01,3.479145195974589910e+01,1.070000000000000107e+01,0.000000000000000000e+00,0.000000000000000000e+00,-1.000000000000000000e+00
-1.440000000000316049e+01,3.476769560807911574e+01,1.070000000000000107e+01,0.000000000000000000e+00,0.000000000000000000e+00,-1.000000000000000000e+00
-1.430000000000316618e+01,3.474261643425146673e+01,1.070000000000000107e+01,0.000000000000000000e+00,0.000000000000000000e+00,-1.000000000000000000e+00
-1.420000000000317186e+01,3.471620845819953871e+01,1.070000000000000107e+01,0.000000000000000000e+00,0.000000000000000000e+00,-1.000000000000000000e+00
-1.410000000000317755e+01,3.468846574504463831e+01,1.070000000000000107e+01,0.000000000000000000e+00,0.000000000000000000e+00,-1.000000000000000000e+00
-1.400000000000318323e+01,3.465938240595590969e+01,1.070000000000000107e+01,0.000000000000000000e+00,0.000000000000000000e+00,-1.000000000000000000e+00
-1.390000000000318892e+01,3.462895259901753064e+01,1.070000000000000107e+01,0.000000000000000000e+00,0.000000000000000000e+00,-1.000000000000000000e+00
-1.380000000000319460e+01,3.459717053010018617e+01,1.070000000000000107e+01,0.000000000000000000e+00,0.000000000000000000e+00,-1.000000000000000000e+00
-1.370000000000320028e+01,3.456403045373656369e+01,1.070000000000000107e+01,0.000000000000000000e+00,0.000000000000000000e+00,-1.000000000000000000e+00
-1.360000000000320597e+01,3.452952667400095521e+01,1.070000000000000107e+01,0.000000000000000000e+00,0.000000000000000000e+00,-1.000000000000000000e+00
-1.350000000000321165e+01,3.449365354539284567e+01,1.070000000000000107e+01,0.000000000000000000e+00,0.000000000000000000e+00,-1.000000000000000000e+00
-1.340000000000321734e+01,3.445640547372445894e+01,1.070000000000000107e+01,0.000000000000000000e+00,0.000000000000000000e+00,-1.000000000000000000e+00
-1.330000000000322302e+01,3.441777691701219766e+01,1.070000000000000107e+01,0.000000000000000000e+00,0.000000000000000000e+00,-1.000000000000000000e+00
-1.320000000000322871e+01,3.437776238637191284e+01,1.070000000000000107e+01,0.000000000000000000e+00,0.000000000000000000e+00,-1.000000000000000000e+00
-1.310000000000323439e+01,3.433635644691798205e+01,1.070000000000000107e+01,0.000000000000000000e+00,0.000000000000000000e+00,-1.000000000000000000e+00
-1.300000000000324007e+01,3.429355371866607527e+01,1.070000000000000107e+01,0.000000000000000000e+00,0.000000000000000000e+00,-1.000000000000000000e+00
-1.290000000000324576e+01,3.424934887743965106e+01,1.070000000000000107e+01,0.000000000000000000e+00,0.000000000000000000e+00,-1.000000000000000000e+00
-1.280000000000325144e+01,3.420373665577994871e+01,1.070000000000000107e+01,0.000000000000000000e+00,0.000000000000000000e+00,-1.000000000000000000e+00
-1.270000000000325713e+01,3.415671184385963244e+01,1.070000000000000107e+01,0.000000000000000000e+00,0.000000000000000000e+00,-1.000000000000000000e+00
-1.260000000000326281e+01,3.410826929039984634e+01,1.070000000000000107e+01,0.000000000000000000e+00,0.000000000000000000e+00,-1.000000000000000000e+00
-1.250000000000326850e+01,3.405840390359075087e+01,1.070000000000000107e+01,0.000000000000000000e+00,0.000000000000000000e+00,-1.000000000000000000e+00
-1.240000000000327418e+01,3.400711065201529237e+01,1.070000000000000107e+01,0.000000000000000000e+00,0.000000000000000000e+00,-1.000000000000000000e+00
-1.230000000000327987e+01,3.395438456557639029e+01,1.070000000000000107e+01,0.000000000000000000e+00,0.000000000000000000e+00,-1.000000000000000000e+00
-1.220000000000328555e+01,3.390022073642725786e+01,1.070000000000000107e+01,0.000000000000000000e+00,0.000000000000000000e+00,-1.000000000000000000e+00
-1.210000000000329123e+01,3.384461431990488478e+01,1.070000000000000107e+01,0.000000000000000000e+00,0.000000000000000000e+00,-1.000000000000000000e+00
-1.200000000000329692e+01,3.378756053546661065e+01,1.070000000000000107e+01,0.000000000000000000e+00,0.000000000000000000e+00,-1.000000000000000000e+00
-1.190000000000330260e+01,3.372905466762969695e+01,1.070000000000000107e+01,0.000000000000000000e+00,0.000000000000000000e+00,-1.000000000000000000e+00
-1.180000000000330829e+01,3.366909206691379808e+01,1.070000000000000107e+01,0.000000000000000000e+00,0.000000000000000000e+00,-1.000000000000000000e+00
-1.170000000000331397e+01,3.360766815078637393e+01,1.070000000000000107e+01,0.000000000000000000e+00,0.000000000000000000e+00,-1.000000000000000000e+00
-1.160000000000331966e+01,3.354477840461076710e+01,1.070000000000000107e+01,0.000000000000000000e+00,0.000000000000000000e+00,-1.000000000000000000e+00
-1.150000000000332534e+01,3.348041838259710801e+01,1.070000000000000107e+01,0.000000000000000000e+00,0.000000000000000000e+00,-1.000000000000000000e+00
-1.140000000000333102e+01,3.341458370875577089e+01,1.070000000000000107e+01,0.000000000000000000e+00,0.000000000000000000e+00,-1.000000000000000000e+00
-1.130000000000333671e+01,3.334727007785337349e+01,1.070000000000000107e+01,0.000000000000000000e+00,0.000000000000000000e+00,-1.000000000000000000e+00
-1.120000000000334239e+01,3.327847325637132769e+01,1.070000000000000107e+01,0.000000000000000000e+00,0.000000000000000000e+00,-1.000000000000000000e+00
-1.110000000000334808e+01,3.320818908346667797e+01,1.070000000000000107e+01,0.000000000000000000e+00,0.000000000000000000e+00,-1.000000000000000000e+00
-1.100000000000335376e+01,3.313641347193532027e+01,1.070000000000000107e+01,0.000000000000000000e+00,0.000000000000000000e+00,-1.000000000000000000e+00
-1.090000000000335945e+01,3.306314240917742353e+01,1.070000000000000107e+01,0.000000000000000000e+00,0.000000000000000000e+00,-1.000000000000000000e+00
-1.080000000000336513e+01,3.298837195816493306e+01,1.070000000000000107e+01,0.000000000000000000e+00,0.000000000000000000e+00,-1.000000000000000000e+00
-1.070000000000337081e+01,3.291209825841123404e+01,1.070000000000000107e+01,0.000000000000000000e+00,0.000000000000000000e+00,-1.000000000000000000e+00
-1.060000000000337650e+01,3.283431752694266237e+01,1.070000000000000107e+01,0.000000000000000000e+00,0.000000000000000000e+00,-1.000000000000000000e+00
-1.050000000000338218e+01,3.275502605927196242e+01,1.070000000000000107e+01,0.000000000000000000e+00,0.000000000000000000e+00,-1.000000000000000000e+00
-1.040000000000338787e+01,3.267422023037352830e+01,1.070000000000000107e+01,0.000000000000000000e+00,0.000000000000000000e+00,-1.000000000000000000e+00
-1.030000000000339355e+01,3.259189649566027924e+01,1.070000000000000107e+01,0.000000000000000000e+00,0.000000000000000000e+00,-1.000000000000000000e+00
-1.020000000000339924e+01,3.250805139196217652e+01,1.070000000000000107e+01,0.000000000000000000e+00,0.000000000000000000e+00,-1.000000000000000000e+00
-1.010000000000340492e+01,3.242268153850625367e+01,1.070000000000000107e+01,0.000000000000000000e+00,0.000000000000000000e+00,-1.000000000000000000e+00
-1.000000000000341061e+01,3.233578363789802523e+01,1.070000000000000107e+01,0.000000000000000000e+00,0.000000000000000000e+00,-1.000000000000000000e+00
-9.900000000003416289e+00,3.224735447710423841e+01,1.070000000000000107e+01,0.000000000000000000e+00,0.000000000000000000e+00,-1.000000000000000000e+00
-9.800000000003421974e+00,3.215739092843678293e+01,1.070000000000000107e+01,0.000000000000000000e+00,0.000000000000000000e+00,-1.000000000000000000e+00
-9.700000000003427658e+00,3.206588995053780877e+01,1.070000000000000107e+01,0.000000000000000000e+00,0.000000000000000000e+00,-1.000000000000000000e+00
-9.600000000003433342e+00,3.197284858936572860e+01,1.070000000000000107e+01,0.000000000000000000e+00,0.000000000000000000e+00,-1.000000000000000000e+00
-9.500000000003439027e+00,3.187826397918230370e+01,1.070000000000000107e+01,0.000000000000000000e+00,0.000000000000000000e+00,-1.000000000000000000e+00
-9.400000000003444711e+00,3.178213334354032682e+01,1.070000000000000107e+01,0.000000000000000000e+00,0.000000000000000000e+00,-1.000000000000000000e+00
-9.300000000003450396e+00,3.168445399627221448e+01,1.070000000000000107e+01,0.000000000000000000e+00,0.000000000000000000e+00,-1.000000000000000000e+00
-9.200000000003456080e+00,3.158522334247902563e+01,1.070000000000000107e+01,0.000000000000000000e+00,0.000000000000000000e+00,-1.000000000000000000e+00
-9.100000000003461764e+00,3.148443887952012332e+01,1.070000000000000107e+01,0.000000000000000000e+00,0.000000000000000000e+00,-1.000000000000000000e+00
-9.000000000003467449e+00,3.138209819800305311e+01,1.070000000000000107e+01,0.000000000000000000e+00,0.000000000000000000e+00,-1.000000000000000000e+00
-8.900000000003473133e+00,3.127819898277385136e+01,1.070000000000000107e+01,0.000000000000000000e+00,0.000000000000000000e+00,-1.000000000000000000e+00
-8.800000000003478817e+00,3.117273901390741031e+01,1.070000000000000107e+01,0.000000000000000000e+00,0.000000000000000000e+00,-1.000000000000000000e+00
-8.700000000003484502e+00,3.106571616769788946e+01,1.070000000000000107e+01,0.000000000000000000e+00,0.000000000000000000e+00,-1.000000000000000000e+00
-8.600000000003490186e+00,3.095712841764914813e+01,1.070000000000000107e+01,0.000000000000000000e+00,0.000000000000000000e+00,-1.000000000000000000e+00
-8.500000000003495870e+00,3.084697383546491878e+01,1.070000000000000107e+01,0.000000000000000000e+00,0.000000000000000000e+00,-1.000000000000000000e+00
-8.400000000003501555e+00,3.073525059203863918e+01,1.070000000000000107e+01,0.000000000000000000e+00,0.000000000000000000e+00,-1.000000000000000000e+00
-8.300000000003507239e+00,3.062195695844301113e+01,1.070000000000000107e+01,0.000000000000000000e+00,0.000000000000000000e+00,-1.000000000000000000e+00
-8.200000000003512923e+00,3.050709130691888404e+01,1.070000000000000107e+01,0.000000000000000000e+00,0.000000000000000000e+00,-1.000000000000000000e+00
-8.100000000003518608e+00,3.039065211186353821e+01,1.070000000000000107e+01,0.000000000000000000e+00,0.000000000000000000e+00,-1.000000000000000000e+00
-8.000000000003524292e+00,3.027263795081820419e+01,1.070000000000000107e+01,0.000000000000000000e+00,0.000000000000000000e+00,-1.000000000000000000e+00
-7.900000000003529976e+00,3.015304750545463719e+01,1.070000000000000107e+01,0.000000000000000000e+00,0.000000000000000000e+00,-1.000000000000000000e+00
-7.800000000003535661e+00,3.003187956256067537e+01,1.070000000000000107e+01,0.000000000000000000e+00,0.000000000000000000e+00,-1.000000000000000000e+00
-7.700000000003541345e+00,2.990913301502468613e+01,1.070000000000000107e+01,0.000000000000000000e+00,0.000000000000000000e+00,-1.000000000000000000e+00
-7.600000000003547029e+00,2.978480686281865175e+01,1.070000000000000107e+01,0.000000000000000000e+00,0.000000000000000000e+00,-1.000000000000000000e+00
-7.500000000003552714e+00,2.965890021397993692e+01,1.070000000000000107e+01,0.000000000000000000e+00,0.000000000000000000e+00,-1.000000000000000000e+00
-7.400000000003558398e+00,2.953141228559142561e+01,1.070000000000000107e+01,0.000000000000000000e+00,0.000000000000000000e+00,-1.000000000000000000e+00
-7.300000000003564082e+00,2.940234240476004857e+01,1.070000000000000107e+01,0.000000000000000000e+00,0.000000000000000000e+00,-1.000000000000000000e+00
-7.200000000003569767e+00,2.927169000959345624e+01,1.070000000000000107e+01,0.000000000000000000e+00,0.000000000000000000e+00,-1.000000000000000000e+00
-7.100000000003575451e+00,2.913945465017486214e+01,1.070000000000000107e+01,0.000000000000000000e+00,0.000000000000000000e+00,-1.000000000000000000e+00
-7.000000000003581135e+00,2.900563598953565148e+01,1.070000000000000107e+01,0.000000000000000000e+00,0.000000000000000000e+00,-1.000000000000000000e+00
-6.900000000003586820e+00,2.887023380462586886e+01,1.070000000000000107e+01,0.000000000000000000e+00,0.000000000000000000e+00,-1.000000000000000000e+00
-6.800000000003592504e+00,2.873324798728240381e+01,1.070000000000000107e+01,0.000000000000000000e+00,0.000000000000000000e+00,-1.000000000000000000e+00
-6.700000000003598188e+00,2.859467854519456509e+01,1.070000000000000107e+01,0.000000000000000000e+00,0.000000000000000000e+00,-1.000000000000000000e+00
-6.600000000003603873e+00,2.845452560286715027e+01,1.070000000000000107e+01,0.000000000000000000e+00,0.000000000000000000e+00,-1.000000000000000000e+00
-6.500000000003609557e+00,2.831278940258065546e+01,1.070000000000000107e+01,0.000000000000000000e+00,0.000000000000000000e+00,-1.000000000000000000e+00
-6.400000000003615241e+00,2.816947030534863217e+01,1.070000000000000107e+01,0.000000000000000000e+00,0.000000000000000000e+00,-1.000000000000000000e+00
-6.300000000003620926e+00,2.802456879187191774e+01,1.070000000000000107e+01,0.000000000000000000e+00,0.000000000000000000e+00,-1.000000000000000000e+00
-6.200000000003626610e+00,2.787808546348975725e+01,1.070000000000000107e+01,0.000000000000000000e+00,0.000000000000000000e+00,-1.000000000000000000e+00
-6.100000000003632294e+00,2.773002104312747562e+01,1.070000000000000107e+01,0.000000000000000000e+00,0.000000000000000000e+00,-1.000000000000000000e+00
-6.000000000003637979e+00,2.758037637624074279e+01,1.070000000000000107e+01,0.000000000000000000e+00,0.000000000000000000e+00,-1.000000000000000000e+00
-5.900000000003643663e+00,2.742915243175609419e+01,1.070000000000000107e+01,0.000000000000000000e+00,0.000000000000000000e+00,-1.000000000000000000e+00
-5.800000000003649347e+00,2.727635030300772812e+01,1.070000000000000107e+01,0.000000000000000000e+00,0.000000000000000000e+00,-1.000000000000000000e+00
-5.700000000003655032e+00,2.712197120867033462e+01,1.070000000000000107e+01,0.000000000000000000e+00,0.000000000000000000e+00,-1.000000000000000000e+00
-5.600000000003660716e+00,2.696601649368778553e+01,1.070000000000000107e+01,0.000000000000000000e+00,0.000000000000000000e+00,-1.000000000000000000e+00
-5.500000000003666401e+00,2.680848763019761094e+01,1.070000000000000107e+01,0.000000000000000000e+00,0.000000000000000000e+00,-1.000000000000000000e+00
-5.400000000003672085e+00,2.664938621845100641e+01,1.070000000000000107e+01,0.000000000000000000e+00,0.000000000000000000e+00,-1.000000000000000000e+00
-5.300000000003677769e+00,2.648871398772835661e+01,1.070000000000000107e+01,0.000000000000000000e+00,0.000000000000000000e+00,-1.000000000000000000e+00
-5.200000000003683454e+00,2.632647279724990952e+01,1.070000000000000107e+01,0.000000000000000000e+00,0.000000000000000000e+00,-1.000000000000000000e+00
-5.100000000003689138e+00,2.616266463708166512e+01,1.070000000000000107e+01,0.000000000000000000e+00,0.000000000000000000e+00,-1.000000000000000000e+00
-5.000000000003694822e+00,2.599729162903614821e+01,1.070000000000000107e+01,0.000000000000000000e+00,0.000000000000000000e+00,-1.000000000000000000e+00
-4.900000000003700507e+00,2.583035602756799420e+01,1.070000000000000107e+01,0.000000000000000000e+00,0.000000000000000000e+00,-1.000000000000000000e+00
-4.800000000003706191e+00,2.566186022066419170e+01,1.070000000000000107e+01,0.000000000000000000e+00,0.000000000000000000e+00,-1.000000000000000000e+00
-4.700000000003711875e+00,2.549180673072869396e+01,1.070000000000000107e+01,0.000000000000000000e+00,0.000000000000000000e+00,-1.000000000000000000e+00
-4.600000000003717560e+00,2.532019821546138516e+01,1.070000000000000107e+01,0.000000000000000000e+00,0.000000000000000000e+00,-1.000000000000000000e+00
-4.500000000003723244e+00,2.514703746873123436e+01,1.070000000000000107e+01,0.000000000000000000e+00,0.000000000000000000e+00,-1.000000000000000000e+00
-4.400000000003728928e+00,2.497232742144327133e+01,1.070000000000000107e+01,0.000000000000000000e+00,0.000000000000000000e+00,-1.000000000000000000e+00
-4.300000000003734613e+00,2.479607114239944465e+01,1.070000000000000107e+01,0.000000000000000000e+00,0.000000000000000000e+00,-1.000000000000000000e+00
-4.200000000003740297e+00,2.461827183915311679e+01,1.070000000000000107e+01,0.000000000000000000e+00,0.000000000000000000e+00,-1.000000000000000000e+00
-4.100000000003745981e+00,2.443893285885694411e+01,1.070000000000000107e+01,0.000000000000000000e+00,0.000000000000000000e+00,-1.000000000000000000e+00
-4.000000000003751666e+00,2.425805768910406712e+01,1.070000000000000107e+01,0.000000000000000000e+00,0.000000000000000000e+00,-1.000000000000000000e+00
-3.900000000003757350e+00,2.407564995876242975e+01,1.070000000000000107e+01,0.000000000000000000e+00,0.000000000000000000e+00,-1.000000000000000000e+00
-3.800000000003763034e+00,2.389171343880195408e+01,1.070000000000000107e+01,0.000000000000000000e+00,0.000000000000000000e+00,-1.000000000000000000e+00
-3.700000000003768719e+00,2.370625204311458489e+01,1.070000000000000107e+01,0.000000000000000000e+00,0.000000000000000000e+00,-1.000000000000000000e+00
-3.600000000003774403e+00,2.351926982932679167e+01,1.070000000000000107e+01,0.000000000000000000e+00,0.000000000000000000e+00,-1.000000000000000000e+00
-3.500000000003780087e+00,2.333077099960454603e+01,1.070000000000000107e+01,0.000000000000000000e+00,0.000000000000000000e+00,-1.000000000000000000e+00
-3.400000000003785772e+00,2.314075990145050810e+01,1.070000000000000107e+01,0.000000000000000000e+00,0.000000000000000000e+00,-1.000000000000000000e+00
-3.300000000003791456e+00,2.294924102849323333e+01,1.070000000000000107e+01,0.000000000000000000e+00,0.000000000000000000e+00,-1.000000000000000000e+00
-3.200000000003797140e+00,2.275621902126827223e+01,1.070000000000000107e+01,0.000000000000000000e+00,0.000000000000000000e+00,-1.000000000000000000e+00
-3.100000000003802825e+00,2.256169866799092460e+01,1.070000000000000107e+01,0.000000000000000000e+00,0.000000000000000000e+00,-1.000000000000000000e+00
-3.000000000003808509e+00,2.236568490532047448e+01,1.070000000000000107e+01,0.000000000000000000e+00,0.000000000000000000e+00,-1.000000000000000000e+00
-2.900000000003814193e+00,2.216818281911583099e+01,1.070000000000000107e+01,0.000000000000000000e+00,0.000000000000000000e+00,-1.000000000000000000e+00
-2.800000000003819878e+00,2.196919764518215601e+01,1.070000000000000107e+01,0.000000000000000000e+00,0.000000000000000000e+00,-1.000000000000000000e+00
-2.700000000003825562e+00,2.176873477000855317e+01,1.070000000000000107e+01,0.000000000000000000e+00,0.000000000000000000e+00,-1.000000000000000000e+00
-2.600000000003831246e+00,2.156679973149647012e+01,1.070000000000000107e+01,0.000000000000000000e+00,0.000000000000000000e+00,-1.000000000000000000e+00
-2.500000000003836931e+00,2.136339821967865760e+01,1.070000000000000107e+01,0.000000000000000000e+00,0.000000000000000000e+00,-1.000000000000000000e+00
-2.400000000003842615e+00,2.115853607742857179e+01,1.070000000000000107e+01,0.000000000000000000e+00,0.000000000000000000e+00,-1.000000000000000000e+00
-2.300000000003848299e+00,2.095221930115987519e+01,1.070000000000000107e+01,0.000000000000000000e+00,0.000000000000000000e+00,-1.000000000000000000e+00
-2.200000000003853984e+00,2.074445404151596861e+01,1.070000000000000107e+01,0.000000000000000000e+00,0.000000000000000000e+00,-1.000000000000000000e+00
-2.100000000003859668e+00,2.053524660404946189e+01,1.070000000000000107e+01,0.000000000000000000e+00,0.000000000000000000e+00,-1.000000000000000000e+00
-2.000000000003865352e+00,2.032460344989106105e+01,1.070000000000000107e+01,0.000000000000000000e+00,0.000000000000000000e+00,-1.000000000000000000e+00
-1.900000000003871037e+00,2.011253119640802467e+01,1.070000000000000107e+01,0.000000000000000000e+00,0.000000000000000000e+00,-1.000000000000000000e+00
-1.800000000003876721e+00,1.989903661785183075e+01,1.070000000000000107e+01,0.000000000000000000e+00,0.000000000000000000e+00,-1.000000000000000000e+00
-1.700000000003882406e+00,1.968412664599485495e+01,1.070000000000000107e+01,0.000000000000000000e+00,0.000000000000000000e+00,-1.000000000000000000e+00
-1.600000000003888090e+00,1.946780837075593595e+01,1.070000000000000107e+01,0.000000000000000000e+00,0.000000000000000000e+00,-1.000000000000000000e+00
-1.500000000003893774e+00,1.925008904081451888e+01,1.070000000000000107e+01,0.000000000000000000e+00,0.000000000000000000e+00,-1.000000000000000000e+00
-1.400000000003899459e+00,1.903097606421340515e+01,1.070000000000000107e+01,0.000000000000000000e+00,0.000000000000000000e+00,-1.000000000000000000e+00
-1.300000000003905143e+00,1.881047700894955810e+01,1.070000000000000107e+01,0.000000000000000000e+00,0.000000000000000000e+00,-1.000000000000000000e+00
-1.200000000003910827e+00,1.858859960355318464e+01,1.070000000000000107e+01,0.000000000000000000e+00,0.000000000000000000e+00,-1.000000000000000000e+00
-1.100000000003916512e+00,1.836535173765450324e+01,1.070000000000000107e+01,0.000000000000000000e+00,0.000000000000000000e+00,-1.000000000000000000e+00
-1.000000000003922196e+00,1.814074146253829767e+01,1.070000000000000107e+01,0.000000000000000000e+00,0.000000000000000000e+00,-1.000000000000000000e+00
-9.000000000039278802e-01,1.791477699168589055e+01,1.070000000000000107e+01,0.000000000000000000e+00,0.000000000000000000e+00,-1.000000000000000000e+00
-8.000000000039335646e-01,1.768746670130434495e+01,1.070000000000000107e+01,0.000000000000000000e+00,0.000000000000000000e+00,-1.000000000000000000e+00
-7.000000000039392489e-01,1.745881913084288328e+01,1.070000000000000107e+01,0.000000000000000000e+00,0.000000000000000000e+00,-1.000000000000000000e+00
-6.000000000039449333e-01,1.722884298349599419e+01,1.070000000000000107e+01,0.000000000000000000e+00,0.000000000000000000e+00,-1.000000000000000000e+00
-5.000000000039506176e-01,1.699754712669329848e+01,1.070000000000000107e+01,0.000000000000000000e+00,0.000000000000000000e+00,-1.000000000000000000e+00
-4.000000000039563020e-01,1.676494059257587566e+01,1.070000000000000107e+01,0.000000000000000000e+00,0.000000000000000000e+00,-1.000000000000000000e+00
-3.000000000039619863e-01,1.653103257845886631e+01,1.070000000000000107e+01,0.000000000000000000e+00,0.000000000000000000e+00,-1.000000000000000000e+00
-2.000000000039676706e-01,1.629583244728008751e+01,1.070000000000000107e+01,0.000000000000000000e+00,0.000000000000000000e+00,-1.000000000000000000e+00
-1.000000000039733550e-01,1.605934972803455452e+01,1.070000000000000107e+01,0.000000000000000000e+00,0.000000000000000000e+00,-1.000000000000000000e+00
-3.979039320256561041e-12,1.582159411619466560e+01,1.070000000000000107e+01,0.000000000000000000e+00,0.000000000000000000e+00,-1.000000000000000000e+00
9.999999999601527634e-02,1.558257547411577093e+01,1.070000000000000107e+01,0.000000000000000000e+00,0.000000000000000000e+00,-1.000000000000000000e+00
1.999999999960095920e-01,1.534230383142702792e+01,1.070000000000000107e+01,0.000000000000000000e+00,0.000000000000000000e+00,-1.000000000000000000e+00
2.999999999960039077e-01,1.510078938540738314e+01,1.070000000000000107e+01,0.000000000000000000e+00,0.000000000000000000e+00,-1.000000000000000000e+00
3.999999999959982233e-01,1.485804250134624205e+01,1.070000000000000107e+01,0.000000000000000000e+00,0.000000000000000000e+00,-1.000000000000000000e+00
4.999999999959925390e-01,1.461407371288889401e+01,1.070000000000000107e+01,0.000000000000000000e+00,0.000000000000000000e+00,-1.000000000000000000e+00
5.999999999959868546e-01,1.436889372236632845e+01,1.070000000000000107e+01,0.000000000000000000e+00,0.000000000000000000e+00,-1.000000000000000000e+00
6.999999999959811703e-01,1.412251340110927345e+01,1.070000000000000107e+01,0.000000000000000000e+00,0.000000000000000000e+00,-1.000000000000000000e+00
7.999999999959754859e-01,1.387494378974628617e+01,1.070000000000000107e+01,0.000000000000000000e+00,0.000000000000000000e+00,-1.000000000000000000e+00
8.999999999959698016e-01,1.362619609848557012e+01,1.070000000000000107e+01,0.000000000000000000e+00,0.000000000000000000e+00,-1.000000000000000000e+00
9.999999999959641173e-01,1.337628170738058664e+01,1.070000000000000107e+01,0.000000000000000000e+00,0.000000000000000000e+00,-1.000000000000000000e+00
1.099999999995958433e+00,1.312521216657886036e+01,1.070000000000000107e+01,0.000000000000000000e+00,0.000000000000000000e+00,-1.000000000000000000e+00
1.199999999995952749e+00,1.287299919655414016e+01,1.070000000000000107e+01,0.000000000000000000e+00,0.000000000000000000e+00,-1.000000000000000000e+00
1.299999999995947064e+00,1.261965468832149817e+01,1.070000000000000107e+01,0.000000000000000000e+00,0.000000000000000000e+00,-1.000000000000000000e+00
1.399999999995941380e+00,1.236519070363523376e+01,1.070000000000000107e+01,0.000000000000000000e+00,0.000000000000000000e+00,-1.000000000000000000e+00
1.499999999995935696e+00,1.210961947516935311e+01,1.070000000000000107e+01,0.000000000000000000e+00,0.000000000000000000e+00,-1.000000000000000000e+00
1.599999999995930011e+00,1.185295340668045583e+01,1.070000000000000107e+01,0.000000000000000000e+00,0.000000000000000000e+00,-1.000000000000000000e+00
1.699999999995924327e+00,1.159520507315279580e+01,1.070000000000000107e+01,0.000000000000000000e+00,0.000000000000000000e+00,-1.000000000000000000e+00
1.799999999995918643e+00,1.133638722092524453e+01,1.070000000000000107e+01,0.000000000000000000e+00,0.000000000000000000e+00,-1.000000000000000000e+00
1.899999999995912958e+00,1.107651276780020666e+01,1.070000000000000107e+01,0.000000000000000000e+00,0.000000000000000000e+00,-1.000000000000000000e+00
1.999999999995907274e+00,1.081559480313386601e+01,1.070000000000000107e+01,0.000000000000000000e+00,0.000000000000000000e+00,-1.000000000000000000e+00
2.099999999995901590e+00,1.055364658790798593e+01,1.070000000000000107e+01,0.000000000000000000e+00,0.000000000000000000e+00,-1.000000000000000000e+00
2.199999999995895905e+00,1.029068155478275948e+01,1.070000000000000107e+01,0.000000000000000000e+00,0.000000000000000000e+00,-1.000000000000000000e+00
2.299999999995890221e+00,1.002671330813072537e+01,1.070000000000000107e+01,0.000000000000000000e+00,0.000000000000000000e+00,-1.000000000000000000e+00
2.399999999995884536e+00,9.761755624051284386e+00,1.070000000000000107e+01,0.000000000000000000e+00,0.000000000000000000e+00,-1.000000000000000000e+00
2.499999999995878852e+00,9.495822450365864142e+00,1.070000000000000107e+01,0.000000000000000000e+00,0.000000000000000000e+00,-1.000000000000000000e+00
2.599999999995873168e+00,9.228927906593510144e+00,1.070000000000000107e+01,0.000000000000000000e+00,0.000000000000000000e+00,-1.000000000000000000e+00
2.699999999995867483e+00,8.961086283906444905e+00,1.070000000000000107e+01,0.000000000000000000e+00,0.000000000000000000e+00,-1.000000000000000000e+00
2.799999999995861799e+00,8.692312045065726522e+00,1.070000000000000107e+01,0.000000000000000000e+00,0.000000000000000000e+00,-1.000000000000000000e+00
2.899999999995856115e+00,8.422619824336603500e+00,1.070000000000000107e+01,0.000000000000000000e+00,0.000000000000000000e+00,-1.000000000000000000e+00
2.999999999995850430e+00,8.152024427383418370e+00,1.070000000000000107e+01,0.000000000000000000e+00,0.000000000000000000e+00,-1.000000000000000000e+00
3.099999999995844746e+00,7.880540831143878044e+00,1.070000000000000107e+01,0.000000000000000000e+00,0.000000000000000000e+00,-1.000000000000000000e+00
3.199999999995839062e+00,7.608184183682483948e+00,1.070000000000000107e+01,0.000000000000000000e+00,0.000000000000000000e+00,-1.000000000000000000e+00
3.299999999995833377e+00,7.334969804022854589e+00,1.070000000000000107e+01,0.000000000000000000e+00,0.000000000000000000e+00,-1.000000000000000000e+00
3.399999999995827693e+00,7.060913181958970775e+00,1.070000000000000107e+01,0.000000000000000000e+00,0.000000000000000000e+00,-1.000000000000000000e+00
3.499999999995822009e+00,6.786029977844774130e+00,1.070000000000000107e+01,0.000000000000000000e+00,0.000000000000000000e+00,-1.000000000000000000e+00
3.599999999995816324e+00,6.510336022362318786e+00,1.070000000000000107e+01,0.000000000000000000e+00,0.000000000000000000e+00,-1.000000000000000000e+00
3.699999999995810640e+00,6.233847316268002814e+00,1.070000000000000107e+01,0.000000000000000000e+00,0.000000000000000000e+00,-1.000000000000000000e+00
3.799999999995804956e+00,5.956580030116828794e+00,1.070000000000000107e+01,0.000000000000000000e+00,0.000000000000000000e+00,-1.000000000000000000e+00
3.899999999995799271e+00,5.678550503964435947e+00,1.070000000000000107e+01,0.000000000000000000e+00,0.000000000000000000e+00,-1.000000000000000000e+00
3.999999999995793587e+00,5.399775247046751936e+00,1.070000000000000107e+01,0.000000000000000000e+00,0.000000000000000000e+00,-1.000000000000000000e+00
4.099999999995787903e+00,5.120270937437067182e+00,1.070000000000000107e+01,0.000000000000000000e+00,0.000000000000000000e+00,-1.000000000000000000e+00
4.199999999995782218e+00,4.840054421680280328e+00,1.070000000000000107e+01,0.000000000000000000e+00,0.000000000000000000e+00,-1.000000000000000000e+00
4.299999999995776534e+00,4.559142714404257113e+00,1.070000000000000107e+01,0.000000000000000000e+00,0.000000000000000000e+00,-1.000000000000000000e+00
4.399999999995770850e+00,4.277552997908056653e+00,1.070000000000000107e+01,0.000000000000000000e+00,0.000000000000000000e+00,-1.000000000000000000e+00
4.499999999995765165e+00,3.995302621726697367e+00,1.070000000000000107e+01,0.000000000000000000e+00,0.000000000000000000e+00,-1.000000000000000000e+00
4.599999999995759481e+00,3.712409102172535835e+00,1.070000000000000107e+01,0.000000000000000000e+00,0.000000000000000000e+00,-1.000000000000000000e+00
4.699999999995753797e+00,3.428890121852973483e+00,1.070000000000000107e+01,0.000000000000000000e+00,0.000000000000000000e+00,-1.000000000000000000e+00
4.799999999995748112e+00,3.144763529164071425e+00,1.070000000000000107e+01,0.000000000000000000e+00,0.000000000000000000e+00,-1.000000000000000000e+00
4.899999999995742428e+00,2.860047337760428743e+00,1.070000000000000107e+01,0.000000000000000000e+00,0.000000000000000000e+00,-1.000000000000000000e+00
4.999999999995736744e+00,2.574759726000523496e+00,1.070000000000000107e+01,0.000000000000000000e+00,0.000000000000000000e+00,-1.000000000000000000e+00
5.099999999995731059e+00,2.288919036367907278e+00,1.070000000000000107e+01,0.000000000000000000e+00,0.000000000000000000e+00,-1.000000000000000000e+00
5.199999999995725375e+00,2.002543774867582282e+00,1.070000000000000107e+01,0.000000000000000000e+00,0.000000000000000000e+00,-1.000000000000000000e+00
5.299999999995719691e+00,1.715652610397795819e+00,1.070000000000000107e+01,0.000000000000000000e+00,0.000000000000000000e+00,-1.000000000000000000e+00
5.399999999995714006e+00,1.428264374096829048e+00,1.070000000000000107e+01,0.000000000000000000e+00,0.000000000000000000e+00,-1.000000000000000000e+00
5.499999999995708322e+00,1.140398058664719549e+00,1.070000000000000107e+01,0.000000000000000000e+00,0.000000000000000000e+00,-1.000000000000000000e+00
5.599999999995702638e+00,8.520728176596437109e-01,1.070000000000000107e+01,0.000000000000000000e+00,0.000000000000000000e+00,-1.000000000000000000e+00
5.699999999995696953e+00,5.633079647690406588e-01,1.070000000000000107e+01,0.000000000000000000e+00,0.000000000000000000e+00,-1.000000000000000000e+00
5.799999999995691269e+00,2.741229730549089583e-01,1.070000000000000107e+01,0.000000000000000000e+00,0.000000000000000000e+00,-1.000000000000000000e+00
5.899999999995685585e+00,-1.546252582640249805e-02,1.070000000000000107e+01,0.000000000000000000e+00,0.000000000000000000e+00,-1.000000000000000000e+00
5.999999999995679900e+00,-3.054287424305526799e-01,1.070000000000000107e+01,0.000000000000000000e+00,0.000000000000000000e+00,-1.000000000000000000e+00
6.099999999995674216e+00,-5.957557303574674279e-01,1.070000000000000107e+01,0.000000000000000000e+00,0.000000000000000000e+00,-1.000000000000000000e+00
6.199999999995668531e+00,-8.864233871098901041e-01,1.070000000000000107e+01,0.000000000000000000e+00,0.000000000000000000e+00,-1.000000000000000000e+00
6.299999999995662847e+00,-1.177411454978376737e+00,1.070000000000000107e+01,0.000000000000000000e+00,0.000000000000000000e+00,-1.000000000000000000e+00
6.399999999995657163e+00,-1.468699521952668396e+00,1.070000000000000107e+01,0.000000000000000000e+00,0.000000000000000000e+00,-1.000000000000000000e+00
6.499999999995651478e+00,-1.760267022659888880e+00,1.070000000000000107e+01,0.000000000000000000e+00,0.000000000000000000e+00,-1.000000000000000000e+00
6.599999999995645794e+00,-2.052093239329553231e+00,1.070000000000000107e+01,0.000000000000000000e+00,0.000000000000000000e+00,-1.000000000000000000e+00
6.699999999995640110e+00,-2.344157302785492725e+00,1.070000000000000107e+01,0.000000000000000000e+00,0.000000000000000000e+00,-1.000000000000000000e+00
6.799999999995634425e+00,-2.636438193464876623e+00,1.070000000000000107e+01,0.000000000000000000e+00,0.000000000000000000e+00,-1.000000000000000000e+00
6.899999999995628741e+00,-2.928914742464633125e+00,1.070000000000000107e+01,0.000000000000000000e+00,0.000000000000000000e+00,-1.000000000000000000e+00
6.999999999995623057e+00,-3.221565632615123853e+00,1.070000000000000107e+01,0.000000000000000000e+00,0.000000000000000000e+00,-1.000000000000000000e+00
7.099999999995617372e+00,-3.514369399581328324e+00,1.070000000000000107e+01,0.000000000000000000e+00,0.000000000000000000e+00,-1.000000000000000000e+00
7.199999999995611688e+00,-3.807304432991911902e+00,1.070000000000000107e+01,0.000000000000000000e+00,0.000000000000000000e+00,-1.000000000000000000e+00
7.299999999995606004e+00,-4.100348977595749567e+00,1.070000000000000107e+01,0.000000000000000000e+00,0.000000000000000000e+00,-1.000000000000000000e+00
7.399999999995600319e+00,-4.393481134446668435e+00,1.070000000000000107e+01,0.000000000000000000e+00,0.000000000000000000e+00,-1.000000000000000000e+00
7.499999999995594635e+00,-4.686678862116053779e+00,1.070000000000000107e+01,0.000000000000000000e+00,0.000000000000000000e+00,-1.000000000000000000e+00
7.599999999995588951e+00,-4.979919977933625397e+00,1.070000000000000107e+01,0.000000000000000000e+00,0.000000000000000000e+00,-1.000000000000000000e+00
7.699999999995583266e+00,-5.273182159256617041e+00,1.070000000000000107e+01,0.000000000000000000e+00,0.000000000000000000e+00,-1.000000000000000000e+00
7.799999999995577582e+00,-5.566442944767202583e+00,1.070000000000000107e+01,0.000000000000000000e+00,0.000000000000000000e+00,-1.000000000000000000e+00
7.899999999995571898e+00,-5.859679735798563271e+00,1.070000000000000107e+01,0.000000000000000000e+00,0.000000000000000000e+00,-1.000000000000000000e+00
7.999999999995566213e+00,-6.152869797689401565e+00,1.070000000000000107e+01,0.000000000000000000e+00,0.000000000000000000e+00,-1.000000000000000000e+00
8.099999999995560529e+00,-6.445990261167395374e+00,1.070000000000000107e+01,0.000000000000000000e+00,0.000000000000000000e+00,-1.000000000000000000e+00
8.199999999995554845e+00,-6.739018123761248091e+00,1.070000000000000107e+01,0.000000000000000000e+00,0.000000000000000000e+00,-1.000000000000000000e+00
8.299999999995549160e+00,-7.031930251241878871e+00,1.070000000000000107e+01,0.000000000000000000e+00,0.000000000000000000e+00,-1.000000000000000000e+00
8.399999999995543476e+00,-7.324703379092476929e+00,1.070000000000000107e+01,0.000000000000000000e+00,0.000000000000000000e+00,-1.000000000000000000e+00
8.499999999995537792e+00,-7.617314114007743164e+00,1.070000000000000107e+01,0.000000000000000000e+00,0.000000000000000000e+00,-1.000000000000000000e+00
8.599999999995532107e+00,-7.909738935422321759e+00,1.070000000000000107e+01,0.000000000000000000e+00,0.000000000000000000e+00,-1.000000000000000000e+00
8.699999999995526423e+00,-8.201954197068527463e+00,1.070000000000000107e+01,0.000000000000000000e+00,0.000000000000000000e+00,-1.000000000000000000e+00
8.799999999995520739e+00,-8.493936128563422727e+00,1.070000000000000107e+01,0.000000000000000000e+00,0.000000000000000000e+00,-1.000000000000000000e+00
8.899999999995515054e+00,-8.785660837025446313e+00,1.070000000000000107e+01,0.000000000000000000e+00,0.000000000000000000e+00,-1.000000000000000000e+00
8.999999999995509370e+00,-9.077104308720372217e+00,1.070000000000000107e+01,0.000000000000000000e+00,0.000000000000000000e+00,-1.000000000000000000e+00
9.099999999995503686e+00,-9.368242410737110504e+00,1.070000000000000107e+01,0.000000000000000000e+00,0.000000000000000000e+00,-1.000000000000000000e+00
9.199999999995498001e+00,-9.659050892693006318e+00,1.070000000000000107e+01,0.000000000000000000e+00,0.000000000000000000e+00,-1.000000000000000000e+00
9.299999999995492317e+00,-9.949505388468956824e+00,1.070000000000000107e+01,0.000000000000000000e+00,0.000000000000000000e+00,-1.000000000000000000e+00
9.399999999995486633e+00,-1.023958141797423593e+01,1.070000000000000107e+01,0.000000000000000000e+00,0.000000000000000000e+00,-1.000000000000000000e+00
9.499999999995480948e+00,-1.052925438894131283e+01,1.070000000000000107e+01,0.000000000000000000e+00,0.000000000000000000e+00,-1.000000000000000000e+00
9.599999999995475264e+00,-1.081849959875050260e+01,1.070000000000000107e+01,0.000000000000000000e+00,0.000000000000000000e+00,-1.000000000000000000e+00
9.699999999995469580e+00,-1.110729223628447038e+01,1.070000000000000107e+01,0.000000000000000000e+00,0.000000000000000000e+00,-1.000000000000000000e+00
9.799999999995463895e+00,-1.139560738381296723e+01,1.070000000000000107e+01,0.000000000000000000e+00,0.000000000000000000e+00,-1.000000000000000000e+00
9.899999999995458211e+00,-1.168342001890733783e+01,1.070000000000000107e+01,0.000000000000000000e+00,0.000000000000000000e+00,-1.000000000000000000e+00
9.999999999995452526e+00,-1.197070501638536122e+01,1.070000000000000107e+01,0.000000000000000000e+00,0.000000000000000000e+00,-1.000000000000000000e+00
1.009999999999544684e+01,-1.225743715028601066e+01,1.070000000000000107e+01,0.000000000000000000e+00,0.000000000000000000e+00,-1.000000000000000000e+00
1.019999999999544116e+01,-1.254359109587444543e+01,1.070000000000000107e+01,0.000000000000000000e+00,0.000000000000000000e+00,-1.000000000000000000e+00
1.029999999999543547e+01,-1.282914143167717924e+01,1.070000000000000107e+01,0.000000000000000000e+00,0.000000000000000000e+00,-1.000000000000000000e+00
1.039999999999542979e+01,-1.311406264154731183e+01,1.070000000000000107e+01,0.000000000000000000e+00,0.000000000000000000e+00,-1.000000000000000000e+00
1.049999999999542410e+01,-1.339832911676016103e+01,1.070000000000000107e+01,0.000000000000000000e+00,0.000000000000000000e+00,-1.000000000000000000e+00
1.059999999999541842e+01,-1.368191515813885673e+01,1.070000000000000107e+01,0.000000000000000000e+00,0.000000000000000000e+00,-1.000000000000000000e+00
1.069999999999541274e+01,-1.396479497821038684e+01,1.070000000000000107e+01,0.000000000000000000e+00,0.000000000000000000e+00,-1.000000000000000000e+00
1.079999999999540705e+01,-1.424694270339169400e+01,1.070000000000000107e+01,0.000000000000000000e+00,0.000000000000000000e+00,-1.000000000000000000e+00
1.089999999999540137e+01,-1.452833237620605367e+01,1.070000000000000107e+01,0.000000000000000000e+00,0.000000000000000000e+00,-1.000000000000000000e+00
1.099999999999539568e+01,-1.480893795752963982e+01,1.070000000000000107e+01,0.000000000000000000e+00,0.000000000000000000e+00,-1.000000000000000000e+00
1.109999999999539000e+01,-1.508873332886827789e+01,1.070000000000000107e+01,0.000000000000000000e+00,0.000000000000000000e+00,-1.000000000000000000e+00
1.119999999999538431e+01,-1.536769229466442965e+01,1.070000000000000107e+01,0.000000000000000000e+00,0.000000000000000000e+00,-1.000000000000000000e+00
1.129999999999537863e+01,-1.564578858463419664e+01,1.070000000000000107e+01,0.000000000000000000e+00,0.000000000000000000e+00,-1.000000000000000000e+00
1.139999999999537295e+01,-1.592299585613461232e+01,1.070000000000000107e+01,0.000000000000000000e+00,0.000000000000000000e+00,-1.000000000000000000e+00
1.149999999999536726e+01,-1.619928769656092271e+01,1.070000000000000107e+01,0.000000000000000000e+00,0.000000000000000000e+00,-1.000000000000000000e+00
1.159999999999536158e+01,-1.647463762577387314e+01,1.070000000000000107e+01,0.000000000000000000e+00,0.000000000000000000e+00,-1.000000000000000000e+00
1.169999999999535589e+01,-1.674901909855725890e+01,1.070000000000000107e+01,0.000000000000000000e+00,0.000000000000000000e+00,-1.000000000000000000e+00
1.179999999999535021e+01,-1.702240550710499889e+01,1.070000000000000107e+01,0.000000000000000000e+00,0.000000000000000000e+00,-1.000000000000000000e+00
1.189999999999534452e+01,-1.729477018353865603e+01,1.070000000000000107e+01,0.000000000000000000e+00,0.000000000000000000e+00,-1.000000000000000000e+00
1.199999999999533884e+01,-1.756608640245434572e+01,1.070000000000000107e+01,0.000000000000000000e+00,0.000000000000000000e+00,-1.000000000000000000e+00
1.209999999999533316e+01,-1.783632738349973934e+01,1.070000000000000107e+01,0.000000000000000000e+00,0.000000000000000000e+00,-1.000000000000000000e+00
1.219999999999532747e+01,-1.810546629398058371e+01,1.070000000000000107e+01,0.000000000000000000e+00,0.000000000000000000e+00,-1.000000000000000000e+00
1.229999999999532179e+01,-1.837347625149705266e+01,1.070000000000000107e+01,0.000000000000000000e+00,0.000000000000000000e+00,-1.000000000000000000e+00
1.239999999999531610e+01,-1.864033032660950084e+01,1.070000000000000107e+01,0.000000000000000000e+00,0.000000000000000000e+00,-1.000000000000000000e+00
1.249999999999531042e+01,-1.890600154553382239e+01,1.070000000000000107e+01,0.000000000000000000e+00,0.000000000000000000e+00,-1.000000000000000000e+00
1.259999999999530473e+01,-1.917046289286611582e+01,1.070000000000000107e+01,0.000000000000000000e+00,0.000000000000000000e+00,-1.000000000000000000e+00
1.269999999999529905e+01,-1.943368731433668373e+01,1.070000000000000107e+01,0.000000000000000000e+00,0.000000000000000000e+00,-1.000000000000000000e+00
1.279999999999529336e+01,-1.969564771959326421e+01,1.070000000000000107e+01,0.000000000000000000e+00,0.000000000000000000e+00,-1.000000000000000000e+00
1.289999999999528768e+01,-1.995631698501321338e+01,1.070000000000000107e+01,0.000000000000000000e+00,0.000000000000000000e+00,-1.000000000000000000e+00
1.299999999999528200e+01,-2.021566795654483073e+01,1.070000000000000107e+01,0.000000000000000000e+00,0.000000000000000000e+00,-1.000000000000000000e+00
1.309999999999527631e+01,-2.047367345257741178e+01,1.070000000000000107e+01,0.000000000000000000e+00,0.000000000000000000e+00,-1.000000000000000000e+00
1.319999999999527063e+01,-2.073030626684006350e+01,1.070000000000000107e+01,0.000000000000000000e+00,0.000000000000000000e+00,-1.000000000000000000e+00
1.329999999999526494e+01,-2.098553917132912616e+01,1.070000000000000107e+01,0.000000000000000000e+00,0.000000000000000000e+00,-1.000000000000000000e+00
1.339999999999525926e+01,-2.123934491926404178e+01,1.070000000000000107e+01,0.000000000000000000e+00,0.000000000000000000e+00,-1.000000000000000000e+00
1.349999999999525357e+01,-2.149169624807151280e+01,1.070000000000000107e+01,0.000000000000000000e+00,0.000000000000000000e+00,-1.000000000000000000e+00
1.359999999999524789e+01,-2.174256588239791199e+01,1.070000000000000107e+01,0.000000000000000000e+00,0.000000000000000000e+00,-1.000000000000000000e+00
1.369999999999524221e+01,-2.199192653714954915e+01,1.070000000000000107e+01,0.000000000000000000e+00,0.000000000000000000e+00,-1.000000000000000000e+00
1.379999999999523652e+01,-2.223975092056094383e+01,1.070000000000000107e+01,0.000000000000000000e+00,0.000000000000000000e+00,-1.000000000000000000e+00
1.389999999999523084e+01,-2.248601173729067781e+01,1.070000000000000107e+01,0.000000000000000000e+00,0.000000000000000000e+00,-1.000000000000000000e+00
1.399999999999522515e+01,-2.273068169154477047e+01,1.070000000000000107e+01,0.000000000000000000e+00,0.000000000000000000e+00,-1.000000000000000000e+00
1.409999999999521947e+01,-2.297373349022741351e+01,1.070000000000000107e+01,0.000000000000000000e+00,0.000000000000000000e+00,-1.000000000000000000e+00
1.419999999999521378e+01,-2.321513984611877035e+01,1.070000000000000107e+01,0.000000000000000000e+00,0.000000000000000000e+00,-1.000000000000000000e+00
1.429999999999520810e+01,-2.345487348107981873e+01,1.070000000000000107e+01,0.000000000000000000e+00,0.000000000000000000e+00,-1.000000000000000000e+00
1.439999999999520242e+01,-2.369290712928385290e+01,1.070000000000000107e+01,0.000000000000000000e+00,0.000000000000000000e+00,-1.000000000000000000e+00
1.449999999999519673e+01,-2.392921354047457783e+01,1.070000000000000107e+01,0.000000000000000000e+00,0.000000000000000000e+00,-1.000000000000000000e+00
1.459999999999519105e+01,-2.416376548325048645e+01,1.070000000000000107e+01,0.000000000000000000e+00,0.000000000000000000e+00,-1.000000000000000000e+00
1.469999999999518536e+01,-2.439653574837534222e+01,1.070000000000000107e+01,0.000000000000000000e+00,0.000000000000000000e+00,-1.000000000000000000e+00
1.479999999999517968e+01,-2.462749715211462487e+01,1.070000000000000107e+01,0.000000000000000000e+00,0.000000000000000000e+00,-1.000000000000000000e+00
1.489999999999517399e+01,-2.485662253959749535e+01,1.070000000000000107e+01,0.000000000000000000e+00,0.000000000000000000e+00,-1.000000000000000000e+00
1.499999999999516831e+01,-2.508388478820428347e+01,1.070000000000000107e+01,0.000000000000000000e+00,0.000000000000000000e+00,-1.000000000000000000e+00
1.509999999999516263e+01,-2.530925681097906477e+01,1.070000000000000107e+01,0.000000000000000000e+00,0.000000000000000000e+00,-1.000000000000000000e+00
1.519999999999515694e+01,-2.553271156006715259e+01,1.070000000000000107e+01,0.000000000000000000e+00,0.000000000000000000e+00,-1.000000000000000000e+00
1.529999999999515126e+01,-2.575422203017732414e+01,1.070000000000000107e+01,0.000000000000000000e+00,0.000000000000000000e+00,-1.000000000000000000e+00
1.539999999999514557e+01,-2.597376126206831515e+01,1.070000000000000107e+01,0.000000000000000000e+00,0.000000000000000000e+00,-1.000000000000000000e+00
1.549999999999513989e+01,-2.619130234605945873e+01,1.070000000000000107e+01,0.000000000000000000e+00,0.000000000000000000e+00,-1.000000000000000000e+00
1.559999999999513420e+01,-2.640681842556525183e+01,1.070000000000000107e+01,0.000000000000000000e+00,0.000000000000000000e+00,-1.000000000000000000e+00
1.569999999999512852e+01,-2.662028270065331981e+01,1.070000000000000107e+01,0.000000000000000000e+00,0.000000000000000000e+00,-1.000000000000000000e+00
1.579999999999512283e+01,-2.683166843162574722e+01,1.070000000000000107e+01,0.000000000000000000e+00,0.000000000000000000e+00,-1.000000000000000000e+00
1.589999999999511715e+01,-2.704094894262327387e+01,1.070000000000000107e+01,0.000000000000000000e+00,0.000000000000000000e+00,-1.000000000000000000e+00
1.599999999999511147e+01,-2.724809762525219980e+01,1.070000000000000107e+01,0.000000000000000000e+00,0.000000000000000000e+00,-1.000000000000000000e+00
1.609999999999510578e+01,-2.745308794223355164e+01,1.070000000000000107e+01,0.000000000000000000e+00,0.000000000000000000e+00,-1.000000000000000000e+00
1.619999999999510010e+01,-2.765589343107438935e+01,1.070000000000000107e+01,0.000000000000000000e+00,0.000000000000000000e+00,-1.000000000000000000e+00
1.629999999999509441e+01,-2.785648770776054306e+01,1.070000000000000107e+01,0.000000000000000000e+00,0.000000000000000000e+00,-1.000000000000000000e+00
1.639999999999508873e+01,-2.805484447047098939e+01,1.070000000000000107e+01,0.000000000000000000e+00,0.000000000000000000e+00,-1.000000000000000000e+00
1.649999999999508304e+01,-2.825093750331296150e+01,1.070000000000000107e+01,0.000000000000000000e+00,0.000000000000000000e+00,-1.000000000000000000e+00
1.659999999999507736e+01,-2.844474068007785306e+01,1.070000000000000107e+01,0.000000000000000000e+00,0.000000000000000000e+00,-1.000000000000000000e+00
1.669999999999507168e+01,-2.863622796801742965e+01,1.070000000000000107e+01,0.000000000000000000e+00,0.000000000000000000e+00,-1.000000000000000000e+00
1.679999999999506599e+01,-2.882537343163986066e+01,1.070000000000000107e+01,0.000000000000000000e+00,0.000000000000000000e+00,-1.000000000000000000e+00
1.689999999999506031e+01,-2.901215123652531602e+01,1.070000000000000107e+01,0.000000000000000000e+00,0.000000000000000000e+00,-1.000000000000000000e+00
1.699999999999505462e+01,-2.919653565316087906e+01,1.070000000000000107e+01,0.000000000000000000e+00,0.000000000000000000e+00,-1.000000000000000000e+00
1.709999999999504894e+01,-2.937850106079404711e+01,1.070000000000000107e+01,0.000000000000000000e+00,0.000000000000000000e+00,-1.000000000000000000e+00
1.719999999999504325e+01,-2.955802195130476662e+01,1.070000000000000107e+01,0.000000000000000000e+00,0.000000000000000000e+00,-1.000000000000000000e+00
1.729999999999503757e+01,-2.973507293309539179e+01,1.070000000000000107e+01,0.000000000000000000e+00,0.000000000000000000e+00,-1.000000000000000000e+00
1.739999999999503189e+01,-2.990962873499823260e+01,1.070000000000000107e+01,0.000000000000000000e+00,0.000000000000000000e+00,-1.000000000000000000e+00
1.749999999999502620e+01,-3.008166421020034420e+01,1.070000000000000107e+01,0.000000000000000000e+00,0.000000000000000000e+00,-1.000000000000000000e+00
1.759999999999502052e+01,-3.025115434018491101e+01,1.070000000000000107e+01,0.000000000000000000e+00,0.000000000000000000e+00,-1.000000000000000000e+00
1.769999999999501483e+01,-3.041807423868909410e+01,1.070000000000000107e+01,0.000000000000000000e+00,0.000000000000000000e+00,-1.000000000000000000e+00
1.779999999999500915e+01,-3.058239915567763845e+01,1.070000000000000107e+01,0.000000000000000000e+00,0.000000000000000000e+00,-1.000000000000000000e+00
1.789999999999500346e+01,-3.074410448133205165e+01,1.070000000000000107e+01,0.000000000000000000e+00,0.000000000000000000e+00,-1.000000000000000000e+00
1.799999999999499778e+01,-3.090316575005454780e+01,1.070000000000000107e+01,0.000000000000000000e+00,0.000000000000000000e+00,-1.000000000000000000e+00
1.809999999999499209e+01,-3.105955864448677062e+01,1.070000000000000107e+01,0.000000000000000000e+00,0.000000000000000000e+00,-1.000000000000000000e+00
1.819999999999498641e+01,-3.121325899954229399e+01,1.070000000000000107e+01,0.000000000000000000e+00,0.000000000000000000e+00,-1.000000000000000000e+00
1.829999999999498073e+01,-3.136424280645294616e+01,1.070000000000000107e+01,0.000000000000000000e+00,0.000000000000000000e+00,-1.000000000000000000e+00
1.839999999999497504e+01,-3.151248621682805151e+01,1.070000000000000107e+01,0.000000000000000000e+00,0.000000000000000000e+00,-1.000000000000000000e+00
1.849999999999496936e+01,-3.165796554672636987e+01,1.070000000000000107e+01,0.000000000000000000e+00,0.000000000000000000e+00,-1.000000000000000000e+00
1.859999999999496367e+01,-3.180065728074009002e+01,1.070000000000000107e+01,0.000000000000000000e+00,0.000000000000000000e+00,-1.000000000000000000e+00
1.869999999999495799e+01,-3.194053807609047979e+01,1.070000000000000107e+01,0.000000000000000000e+00,0.000000000000000000e+00,-1.000000000000000000e+00
1.879999999999495230e+01,-3.207758476673458148e+01,1.070000000000000107e+01,0.000000000000000000e+00,0.000000000000000000e+00,-1.000000000000000000e+00
1.889999999999494662e+01,-3.221177436748248368e+01,1.070000000000000107e+01,0.000000000000000000e+00,0.000000000000000000e+00,-1.000000000000000000e+00
1.899999999999494094e+01,-3.234308407812466868e+01,1.070000000000000107e+01,0.000000000000000000e+00,0.000000000000000000e+00,-1.000000000000000000e+00
1.909999999999493525e+01,-3.247149128756888103e+01,1.070000000000000107e+01,0.000000000000000000e+00,0.000000000000000000e+00,-1.000000000000000000e+00
1.919999999999492957e+01,-3.259697357798589223e+01,1.070000000000000107e+01,0.000000000000000000e+00,0.000000000000000000e+00,-1.000000000000000000e+00
1.929999999999492388e+01,-3.271950872896379536e+01,1.070000000000000107e+01,0.000000000000000000e+00,0.000000000000000000e+00,-1.000000000000000000e+00
1.939999999999491820e+01,-3.283907472167004471e+01,1.070000000000000107e+01,0.000000000000000000e+00,0.000000000000000000e+00,-1.000000000000000000e+00
1.949999999999491251e+01,-3.295564974302094896e+01,1.070000000000000107e+01,0.000000000000000000e+00,0.000000000000000000e+00,-1.000000000000000000e+00
1.959999999999490683e+01,-3.306921218985772271e+01,1.070000000000000107e+01,0.000000000000000000e+00,0.000000000000000000e+00,-1.000000000000000000e+00
1.969999999999490115e+01,-3.317974067312890440e+01,1.070000000000000107e+01,0.000000000000000000e+00,0.000000000000000000e+00,-1.000000000000000000e+00
1.979999999999489546e+01,-3.328721402207808211e+01,1.070000000000000107e+01,0.000000000000000000e+00,0.000000000000000000e+00,-1.000000000000000000e+00
1.989999999999488978e+01,-3.339161128843689852e+01,1.070000000000000107e+01,0.000000000000000000e+00,0.000000000000000000e+00,-1.000000000000000000e+00
1.999999999999488409e+01,-3.349291175062220560e+01,1.070000000000000107e+01,0.000000000000000000e+00,0.000000000000000000e+00,-1.000000000000000000e+00
2.009999999999487841e+01,-3.359109491793708457e+01,1.070000000000000107e+01,0.000000000000000000e+00,0.000000000000000000e+00,-1.000000000000000000e+00
2.019999999999487272e+01,-3.368614053477502068e+01,1.070000000000000107e+01,0.000000000000000000e+00,0.000000000000000000e+00,-1.000000000000000000e+00
2.029999999999486704e+01,-3.377802858482662884e+01,1.070000000000000107e+01,0.000000000000000000e+00,0.000000000000000000e+00,-1.000000000000000000e+00
2.039999999999486135e+01,-3.386673929528827642e+01,1.070000000000000107e+01,0.000000000000000000e+00,0.000000000000000000e+00,-1.000000000000000000e+00
2.049999999999485567e+01,-3.395225314107196368e+01,1.070000000000000107e+01,0.000000000000000000e+00,0.000000000000000000e+00,-1.000000000000000000e+00
2.059999999999484999e+01,-3.403455084901591476e+01,1.070000000000000107e+01,0.000000000000000000e+00,0.000000000000000000e+00,-1.000000000000000000e+00
2.069999999999484430e+01,-3.411361340209506920e+01,1.070000000000000107e+01,0.000000000000000000e+00,0.000000000000000000e+00,-1.000000000000000000e+00
2.079999999999483862e+01,-3.418942204363094106e+01,1.070000000000000107e+01,0.000000000000000000e+00,0.000000000000000000e+00,-1.000000000000000000e+00
2.089999999999483293e+01,-3.426195828150017064e+01,1.070000000000000107e+01,0.000000000000000000e+00,0.000000000000000000e+00,-1.000000000000000000e+00
2.099999999999482725e+01,-3.433120389234105119e+01,1.070000000000000107e+01,0.000000000000000000e+00,0.000000000000000000e+00,-1.000000000000000000e+00
2.109999999999482156e+01,-3.439714092575739812e+01,1.070000000000000107e+01,0.000000000000000000e+00,0.000000000000000000e+00,-1.000000000000000000e+00
2.119999999999481588e+01,-3.445975170851902902e+01,1.070000000000000107e+01,0.000000000000000000e+00,0.000000000000000000e+00,-1.000000000000000000e+00
2.129999999999481020e+01,-3.451901884875821480e+01,1.070000000000000107e+01,0.000000000000000000e+00,0.000000000000000000e+00,-1.000000000000000000e+00
2.139999999999480451e+01,-3.457492524016140578e+01,1.070000000000000107e+01,0.000000000000000000e+00,0.000000000000000000e+00,-1.000000000000000000e+00
2.149999999999479883e+01,-3.462745406615548660e+01,1.070000000000000107e+01,0.000000000000000000e+00,0.000000000000000000e+00,-1.000000000000000000e+00
2.159999999999479314e+01,-3.467658880408785649e+01,1.070000000000000107e+01,0.000000000000000000e+00,0.000000000000000000e+00,-1.000000000000000000e+00
2.169999999999478746e+01,-3.472231322939969544e+01,1.070000000000000107e+01,0.000000000000000000e+00,0.000000000000000000e+00,-1.000000000000000000e+00
2.179999999999478177e+01,-3.476461141979156366e+01,1.070000000000000107e+01,0.000000000000000000e+00,0.000000000000000000e+00,-1.000000000000000000e+00
2.189999999999477609e+01,-3.480346775938075154e+01,1.070000000000000107e+01,0.000000000000000000e+00,0.000000000000000000e+00,-1.000000000000000000e+00
2.199999999999477041e+01,-3.483886694284949925e+01,1.070000000000000107e+01,0.000000000000000000e+00,0.000000000000000000e+00,-1.000000000000000000e+00
2.209999999999476472e+01,-3.487079397958345339e+01,1.070000000000000107e+01,0.000000000000000000e+00,0.000000000000000000e+00,-1.000000000000000000e+00
2.219999999999475904e+01,-3.489923419779959346e+01,1.070000000000000107e+01,0.000000000000000000e+00,0.000000000000000000e+00,-1.000000000000000000e+00
2.229999999999475335e+01,-3.492417324866282513e+01,1.070000000000000107e+01,0.000000000000000000e+00,0.000000000000000000e+00,-1.000000000000000000e+00
2.239999999999474767e+01,-3.494559711039048722e+01,1.070000000000000107e+01,0.000000000000000000e+00,0.000000000000000000e+00,-1.000000000000000000e+00
2.249999999999474198e+01,-3.496349209234411148e+01,1.070000000000000107e+01,0.000000000000000000e+00,0.000000000000000000e+00,-1.000000000000000000e+00
2.259999999999473630e+01,-3.497784483910752584e+01,1.070000000000000107e+01,0.000000000000000000e+00,0.000000000000000000e+00,-1.000000000000000000e+00
2.269999999999473062e+01,-3.498864233455056905e+01,1.070000000000000107e+01,0.000000000000000000e+00,0.000000000000000000e+00,-1.000000000000000000e+00
2.279999999999472493e+01,-3.499587190587769925e+01,1.070000000000000107e+01,0.000000000000000000e+00,0.000000000000000000e+00,-1.000000000000000000e+00
2.289999999999471925e+01,-3.499952122766060114e+01,1.070000000000000107e+01,0.000000000000000000e+00,0.000000000000000000e+00,-1.000000000000000000e+00
2.299999999999471356e+01,-3.499957832585408113e+01,1.070000000000000107e+01,0.000000000000000000e+00,0.000000000000000000e+00,-1.000000000000000000e+00
2.309999999999470788e+01,-3.499603158179441920e+01,1.070000000000000107e+01,0.000000000000000000e+00,0.000000000000000000e+00,-1.000000000000000000e+00
2.319999999999470219e+01,-3.498886973617934615e+01,1.070000000000000107e+01,0.000000000000000000e+00,0.000000000000000000e+00,-1.000000000000000000e+00
2.329999999999469651e+01,-3.497808189302889303e+01,1.070000000000000107e+01,0.000000000000000000e+00,0.000000000000000000e+00,-1.000000000000000000e+00
2.339999999999469082e+01,-3.496365752362625301e+01,1.070000000000000107e+01,0.000000000000000000e+00,0.000000000000000000e+00,-1.000000000000000000e+00
2.349999999999468514e+01,-3.494558647043783139e+01,1.070000000000000107e+01,0.000000000000000000e+00,0.000000000000000000e+00,-1.000000000000000000e+00
2.359999999999467946e+01,-3.492385895101170235e+01,1.070000000000000107e+01,0.000000000000000000e+00,0.000000000000000000e+00,-1.000000000000000000e+00
2.369999999999467377e+01,-3.489846556185358395e+01,1.070000000000000107e+01,0.000000000000000000e+00,0.000000000000000000e+00,-1.000000000000000000e+00
2.379999999999466809e+01,-3.486939728227953594e+01,1.070000000000000107e+01,0.000000000000000000e+00,0.000000000000000000e+00,-1.000000000000000000e+00
2.389999999999466240e+01,-3.483664547824454161e+01,1.070000000000000107e+01,0.000000000000000000e+00,0.000000000000000000e+00,-1.000000000000000000e+00
2.399999999999465672e+01,-3.480020190614607856e+01,1.070000000000000107e+01,0.000000000000000000e+00,0.000000000000000000e+00,-1.000000000000000000e+00
2.409999999999465103e+01,-3.476005871660190394e+01,1.070000000000000107e+01,0.000000000000000000e+00,0.000000000000000000e+00,-1.000000000000000000e+00
2.419999999999464535e+01,-3.471620845820112322e+01,1.070000000000000107e+01,0.000000000000000000e+00,0.000000000000000000e+00,-1.000000000000000000e+00
2.429999999999463967e+01,-3.466864408122774677e+01,1.070000000000000107e+01,0.000000000000000000e+00,0.000000000000000000e+00,-1.000000000000000000e+00
2.439999999999463398e+01,-3.461735894135581759e+01,1.070000000000000107e+01,0.000000000000000000e+00,0.000000000000000000e+00,-1.000000000000000000e+00
2.449999999999462830e+01,-3.456234680331532161e+01,1.070000000000000107e+01,0.000000000000000000e+00,0.000000000000000000e+00,-1.000000000000000000e+00
2.459999999999462261e+01,-3.450360184452788559e+01,1.070000000000000107e+01,0.000000000000000000e+00,0.000000000000000000e+00,-1.000000000000000000e+00
2.469999999999461693e+01,-3.444111865871153810e+01,1.070000000000000107e+01,0.000000000000000000e+00,0.000000000000000000e+00,-1.000000000000000000e+00
2.479999999999461124e+01,-3.437489225945349602e+01,1.070000000000000107e+01,0.000000000000000000e+00,0.000000000000000000e+00,-1.000000000000000000e+00
2.489999999999460556e+01,-3.430491808375024476e+01,1.070000000000000107e+01,0.000000000000000000e+00,0.000000000000000000e+00,-1.000000000000000000e+00
2.499999999999459988e+01,-3.423119199551396008e+01,1.070000000000000107e+01,0.000000000000000000e+00,0.000000000000000000e+00,-1.000000000000000000e+00
2.509999999999459419e+01,-3.415371028904431228e+01,1.070000000000000107e+01,0.000000000000000000e+00,0.000000000000000000e+00,-1.000000000000000000e+00
2.519999999999458851e+01,-3.407246969246487822e+01,1.070000000000000107e+01,0.000000000000000000e+00,0.000000000000000000e+00,-1.000000000000000000e+00
2.529999999999458282e+01,-3.398746737112323046e+01,1.070000000000000107e+01,0.000000000000000000e+00,0.000000000000000000e+00,-1.000000000000000000e+00
2.539999999999457714e+01,-3.389870093095375836e+01,1.070000000000000107e+01,0.000000000000000000e+00,0.000000000000000000e+00,-1.000000000000000000e+00
2.549999999999457145e+01,-3.380616842180239701e+01,1.070000000000000107e+01,0.000000000000000000e+00,0.000000000000000000e+00,-1.000000000000000000e+00
2.559999999999456577e+01,-3.370986834071224791e+01,1.070000000000000107e+01,0.000000000000000000e+00,0.000000000000000000e+00,-1.000000000000000000e+00
2.569999999999456008e+01,-3.360979963516930979e+01,1.070000000000000107e+01,0.000000000000000000e+00,0.000000000000000000e+00,-1.000000000000000000e+00
2.579999999999455440e+01,-3.350596170630739579e+01,1.070000000000000107e+01,0.000000000000000000e+00,0.000000000000000000e+00,-1.000000000000000000e+00
2.589999999999454872e+01,-3.339835441207114286e+01,1.070000000000000107e+01,0.000000000000000000e+00,0.000000000000000000e+00,-1.000000000000000000e+00
2.599999999999454303e+01,-3.328697807033655920e+01,1.070000000000000107e+01,0.000000000000000000e+00,0.000000000000000000e+00,-1.000000000000000000e+00
2.609999999999453735e+01,-3.317183346198773819e+01,1.070000000000000107e+01,0.000000000000000000e+00,0.000000000000000000e+00,-1.000000000000000000e+00
2.619999999999453166e+01,-3.305292183394926298e+01,1.070000000000000107e+01,0.000000000000000000e+00,0.000000000000000000e+00,-1.000000000000000000e+00
2.629999999999452598e+01,-3.293024490217315048e+01,1.070000000000000107e+01,0.000000000000000000e+00,0.000000000000000000e+00,-1.000000000000000000e+00
2.639999999999452029e+01,-3.280380485457931883e+01,1.070000000000000107e+01,0.000000000000000000e+00,0.000000000000000000e+00,-1.000000000000000000e+00
2.649999999999451461e+01,-3.267360435394894580e+01,1.070000000000000107e+01,0.000000000000000000e+00,0.000000000000000000e+00,-1.000000000000000000e+00
2.659999999999450893e+01,-3.253964654076960272e+01,1.070000000000000107e+01,0.000000000000000000e+00,0.000000000000000000e+00,-1.000000000000000000e+00
2.669999999999450324e+01,-3.240193503603121172e+01,1.070000000000000107e+01,0.000000000000000000e+00,0.000000000000000000e+00,-1.000000000000000000e+00
2.679999999999449756e+01,-3.226047394397208024e+01,1.070000000000000107e+01,0.000000000000000000e+00,0.000000000000000000e+00,-1.000000000000000000e+00
2.689999999999449187e+01,-3.211526785477386881e+01,1.070000000000000107e+01,0.000000000000000000e+00,0.000000000000000000e+00,-1.000000000000000000e+00
2.699999999999448619e+01,-3.196632184720477099e+01,1.070000000000000107e+01,0.000000000000000000e+00,0.000000000000000000e+00,-1.000000000000000000e+00
2.709999999999448050e+01,-3.181364149120986795e+01,1.070000000000000107e+01,0.000000000000000000e+00,0.000000000000000000e+00,-1.000000000000000000e+00
2.719999999999447482e+01,-3.165723285044766300e+01,1.070000000000000107e+01,0.000000000000000000e+00,0.000000000000000000e+00,-1.000000000000000000e+00
2.729999999999446914e+01,-3.149710248477214591e+01,1.070000000000000107e+01,0.000000000000000000e+00,0.000000000000000000e+00,-1.000000000000000000e+00
2.739999999999446345e+01,-3.133325745265906193e+01,1.070000000000000107e+01,0.000000000000000000e+00,0.000000000000000000e+00,-1.000000000000000000e+00
2.749999999999445777e+01,-3.116570531357592699e+01,1.070000000000000107e+01,0.000000000000000000e+00,0.000000000000000000e+00,-1.000000000000000000e+00
2.759999999999445208e+01,-3.099445413029431506e+01,1.070000000000000107e+01,0.000000000000000000e+00,0.000000000000000000e+00,-1.000000000000000000e+00
2.769999999999444640e+01,-3.081951247114415438e+01,1.070000000000000107e+01,0.000000000000000000e+00,0.000000000000000000e+00,-1.000000000000000000e+00
2.779999999999444071e+01,-3.064088941220841278e+01,1.070000000000000107e+01,0.000000000000000000e+00,0.000000000000000000e+00,-1.000000000000000000e+00
2.789999999999443503e+01,-3.045859453945782391e+01,1.070000000000000107e+01,0.000000000000000000e+00,0.000000000000000000e+00,-1.000000000000000000e+00
2.799999999999442934e+01,-3.027263795082447828e+01,1.070000000000000107e+01,0.000000000000000000e+00,0.000000000000000000e+00,-1.000000000000000000e+00
2.809999999999442366e+01,-3.008303025821325960e+01,1.070000000000000107e+01,0.000000000000000000e+00,0.000000000000000000e+00,-1.000000000000000000e+00
2.819999999999441798e+01,-2.988978258945048694e+01,1.070000000000000107e+01,0.000000000000000000e+00,0.000000000000000000e+00,-1.000000000000000000e+00
2.829999999999441229e+01,-2.969290659016866840e+01,1.070000000000000107e+01,0.000000000000000000e+00,0.000000000000000000e+00,-1.000000000000000000e+00
2.839999999999440661e+01,-2.949241442562644622e+01,1.070000000000000107e+01,0.000000000000000000e+00,0.000000000000000000e+00,-1.000000000000000000e+00
2.849999999999440092e+01,-2.928831878246292320e+01,1.070000000000000107e+01,0.000000000000000000e+00,0.000000000000000000e+00,-1.000000000000000000e+00
2.859999999999439524e+01,-2.908063287038539713e+01,1.070000000000000107e+01,0.000000000000000000e+00,0.000000000000000000e+00,-1.000000000000000000e+00
2.869999999999438955e+01,-2.886937042378963270e+01,1.070000000000000107e+01,0.000000000000000000e+00,0.000000000000000000e+00,-1.000000000000000000e+00
2.879999999999438387e+01,-2.865454570331170814e+01,1.070000000000000107e+01,0.000000000000000000e+00,0.000000000000000000e+00,-1.000000000000000000e+00
2.889999999999437819e+01,-2.843617349731063015e+01,1.070000000000000107e+01,0.000000000000000000e+00,0.000000000000000000e+00,-1.000000000000000000e+00
2.899999999999437250e+01,-2.821426912328082182e+01,1.070000000000000107e+01,0.000000000000000000e+00,0.000000000000000000e+00,-1.000000000000000000e+00
2.909999999999436682e+01,-2.798884842919341764e+01,1.070000000000000107e+01,0.000000000000000000e+00,0.000000000000000000e+00,-1.000000000000000000e+00
2.919999999999436113e+01,-2.775992779476581873e+01,1.070000000000000107e+01,0.000000000000000000e+00,0.000000000000000000e+00,-1.000000000000000000e+00
2.929999999999435545e+01,-2.752752413265820408e+01,1.070000000000000107e+01,0.000000000000000000e+00,0.000000000000000000e+00,-1.000000000000000000e+00
2.939999999999434976e+01,-2.729165488959651142e+01,1.070000000000000107e+01,0.000000000000000000e+00,0.000000000000000000e+00,-1.000000000000000000e+00
2.949999999999434408e+01,-2.705233804742082881e+01,1.070000000000000107e+01,0.000000000000000000e+00,0.000000000000000000e+00,-1.000000000000000000e+00
2.959999999999433840e+01,-2.680959212405822001e+01,1.070000000000000107e+01,0.000000000000000000e+00,0.000000000000000000e+00,-1.000000000000000000e+00
2.969999999999433271e+01,-2.656343617441939031e+01,1.070000000000000107e+01,0.000000000000000000e+00,0.000000000000000000e+00,-1.000000000000000000e+00
2.979999999999432703e+01,-2.631388979121814486e+01,1.070000000000000107e+01,0.000000000000000000e+00,0.000000000000000000e+00,-1.000000000000000000e+00
2.989999999999432134e+01,-2.606097310571285419e+01,1.070000000000000107e+01,0.000000000000000000e+00,0.000000000000000000e+00,-1.000000000000000000e+00
2.999999999999431566e+01,-2.580470678836900333e+01,1.070000000000000107e+01,0.000000000000000000e+00,0.000000000000000000e+00,-1.000000000000000000e+00
3.009999999999430997e+01,-2.554511204944215308e+01,1.070000000000000107e+01,0.000000000000000000e+00,0.000000000000000000e+00,-1.000000000000000000e+00
3.019999999999430429e+01,-2.528221063948030078e+01,1.070000000000000107e+01,0.000000000000000000e+00,0.000000000000000000e+00,-1.000000000000000000e+00
3.029999999999429861e+01,-2.501602484974484852e+01,1.070000000000000107e+01,0.000000000000000000e+00,0.000000000000000000e+00,-1.000000000000000000e+00
3.039999999999429292e+01,-2.474657751254956395e+01,1.070000000000000107e+01,0.000000000000000000e+00,0.000000000000000000e+00,-1.000000000000000000e+00
3.049999999999428724e+01,-2.447389200151640054e+01,1.070000000000000107e+01,0.000000000000000000e+00,0.000000000000000000e+00,-1.000000000000000000e+00
3.059999999999428155e+01,-2.419799223174749869e+01,1.070000000000000107e+01,0.000000000000000000e+00,0.000000000000000000e+00,-1.000000000000000000e+00
3.069999999999427587e+01,-2.391890265991280273e+01,1.070000000000000107e+01,0.000000000000000000e+00,0.000000000000000000e+00,-1.000000000000000000e+00
3.079999999999427018e+01,-2.363664828425211795e+01,1.070000000000000107e+01,0.000000000000000000e+00,0.000000000000000000e+00,-1.000000000000000000e+00
3.089999999999426450e+01,-2.335125464449096810e+01,1.070000000000000107e+01,0.000000000000000000e+00,0.000000000000000000e+00,-1.000000000000000000e+00
3.099999999999425881e+01,-2.306274782166968151e+01,1.070000000000000107e+01,0.000000000000000000e+00,0.000000000000000000e+00,-1.000000000000000000e+00
3.109999999999425313e+01,-2.277115443788473570e+01,1.070000000000000107e+01,0.000000000000000000e+00,0.000000000000000000e+00,-1.000000000000000000e+00
3.119999999999424745e+01,-2.247650165594146188e+01,1.070000000000000107e+01,0.000000000000000000e+00,0.000000000000000000e+00,-1.000000000000000000e+00
3.129999999999424176e+01,-2.217881717891776461e+01,1.070000000000000107e+01,0.000000000000000000e+00,0.000000000000000000e+00,-1.000000000000000000e+00
3.139999999999423608e+01,-2.187812924963775529e+01,1.070000000000000107e+01,0.000000000000000000e+00,0.000000000000000000e+00,-1.000000000000000000e+00
3.149999999999423039e+01,-2.157446665005476660e+01,1.070000000000000107e+01,0.000000000000000000e+00,0.000000000000000000e+00,-1.000000000000000000e+00
3.159999999999422471e+01,-2.126785870054293426e+01,1.070000000000000107e+01,0.000000000000000000e+00,0.000000000000000000e+00,-1.000000000000000000e+00
3.169999999999421902e+01,-2.095833525909668893e+01,1.070000000000000107e+01,0.000000000000000000e+00,0.000000000000000000e+00,-1.000000000000000000e+00
3.179999999999421334e+01,-2.064592672043743704e+01,1.070000000000000107e+01,0.000000000000000000e+00,0.000000000000000000e+00,-1.000000000000000000e+00
3.189999999999420766e+01,-2.033066401502663467e+01,1.070000000000000107e+01,0.000000000000000000e+00,0.000000000000000000e+00,-1.000000000000000000e+00
3.199999999999420197e+01,-2.001257860798494903e+01,1.070000000000000107e+01,0.000000000000000000e+00,0.000000000000000000e+00,-1.000000000000000000e+00
3.209999999999419629e+01,-1.969170249791629601e+01,1.070000000000000107e+01,0.000000000000000000e+00,0.000000000000000000e+00,-1.000000000000000000e+00
3.219999999999419060e+01,-1.936806821563642700e+01,1.070000000000000107e+01,0.000000000000000000e+00,0.000000000000000000e+00,-1.000000000000000000e+00
3.229999999999418492e+01,-1.904170882280558885e+01,1.070000000000000107e+01,0.000000000000000000e+00,0.000000000000000000e+00,-1.000000000000000000e+00
3.239999999999417923e+01,-1.871265791046404559e+01,1.070000000000000107e+01,0.000000000000000000e+00,0.000000000000000000e+00,-1.000000000000000000e+00
3.249999999999417355e+01,-1.838094959747046886e+01,1.070000000000000107e+01,0.000000000000000000e+00,0.000000000000000000e+00,-1.000000000000000000e+00
3.259999999999416787e+01,-1.804661852884231266e+01,1.070000000000000107e+01,0.000000000000000000e+00,0.000000000000000000e+00,-1.000000000000000000e+00
3.269999999999416218e+01,-1.770969987399731238e+01,1.070000000000000107e+01,0.000000000000000000e+00,0.000000000000000000e+00,-1.000000000000000000e+00
3.279999999999415650e+01,-1.737022932489609772e+01,1.070000000000000107e+01,0.000000000000000000e+00,0.000000000000000000e+00,-1.000000000000000000e+00
3.289999999999415081e+01,-1.702824309408488190e+01,1.070000000000000107e+01,0.000000000000000000e+00,0.000000000000000000e+00,-1.000000000000000000e+00
3.299999999999414513e+01,-1.668377791263784715e+01,1.070000000000000107e+01,0.000000000000000000e+00,0.000000000000000000e+00,-1.000000000000000000e+00
3.309999999999413944e+01,-1.633687102799877522e+01,1.070000000000000107e+01,0.000000000000000000e+00,0.000000000000000000e+00,-1.000000000000000000e+00
3.319999999999413376e+01,-1.598756020172102943e+01,1.070000000000000107e+01,0.000000000000000000e+00,0.000000000000000000e+00,-1.000000000000000000e+00
3.329999999999412807e+01,-1.563588370710593978e+01,1.070000000000000107e+01,0.000000000000000000e+00,0.000000000000000000e+00,-1.000000000000000000e+00
3.339999999999412239e+01,-1.528188032673846664e+01,1.070000000000000107e+01,0.000000000000000000e+00,0.000000000000000000e+00,-1.000000000000000000e+00
3.349999999999411671e+01,-1.492558934992029407e+01,1.070000000000000107e+01,0.000000000000000000e+00,0.000000000000000000e+00,-1.000000000000000000e+00
3.359999999999411102e+01,-1.456705056999931003e+01,1.070000000000000107e+01,0.000000000000000000e+00,0.000000000000000000e+00,-1.000000000000000000e+00
3.369999999999410534e+01,-1.420630428159523007e+01,1.070000000000000107e+01,0.000000000000000000e+00,0.000000000000000000e+00,-1.000000000000000000e+00
3.379999999999409965e+01,-1.384339127772127931e+01,1.070000000000000107e+01,0.000000000000000000e+00,0.000000000000000000e+00,-1.000000000000000000e+00
3.389999999999409397e+01,-1.347835284680070522e+01,1.070000000000000107e+01,0.000000000000000000e+00,0.000000000000000000e+00,-1.000000000000000000e+00
3.399999999999408828e+01,-1.311123076957869316e+01,1.070000000000000107e+01,0.000000000000000000e+00,0.000000000000000000e+00,-1.000000000000000000e+00
3.409999999999408260e+01,-1.274206731592832753e+01,1.070000000000000107e+01,0.000000000000000000e+00,0.000000000000000000e+00,-1.000000000000000000e+00
3.419999999999407692e+01,-1.237090524155097349e+01,1.070000000000000107e+01,0.000000000000000000e+00,0.000000000000000000e+00,-1.000000000000000000e+00
3.429999999999407123e+01,-1.199778778457045014e+01,1.070000000000000107e+01,0.000000000000000000e+00,0.000000000000000000e+00,-1.000000000000000000e+00
3.439999999999406555e+01,-1.162275866202032759e+01,1.070000000000000107e+01,0.000000000000000000e+00,0.000000000000000000e+00,-1.000000000000000000e+00
3.449999999999405986e+01,-1.124586206622466733e+01,1.070000000000000107e+01,0.000000000000000000e+00,0.000000000000000000e+00,-1.000000000000000000e+00
3.459999999999405418e+01,-1.086714266107136062e+01,1.070000000000000107e+01,0.000000000000000000e+00,0.000000000000000000e+00,-1.000000000000000000e+00
3.469999999999404849e+01,-1.048664557817803455e+01,1.070000000000000107e+01,0.000000000000000000e+00,0.000000000000000000e+00,-1.000000000000000000e+00
3.479999999999404281e+01,-1.010441641295017767e+01,1.070000000000000107e+01,0.000000000000000000e+00,0.000000000000000000e+00,-1.000000000000000000e+00
3.489999999999403713e+01,-9.720501220531273745e+00,1.070000000000000107e+01,0.000000000000000000e+00,0.000000000000000000e+00,-1.000000000000000000e+00
3.499999999999403144e+01,-9.334946511644520939e+00,1.070000000000000107e+01,0.000000000000000000e+00,0.000000000000000000e+00,-1.000000000000000000e+00
3.509999999999402576e+01,-8.947799248326397503e+00,1.070000000000000107e+01,0.000000000000000000e+00,0.000000000000000000e+00,-1.000000000000000000e+00
3.519999999999402007e+01,-8.559106839551271051e+00,1.070000000000000107e+01,0.000000000000000000e+00,0.000000000000000000e+00,-1.000000000000000000e+00
3.529999999999401439e+01,-8.168917136747163354e+00,1.070000000000000107e+01,0.000000000000000000e+00,0.000000000000000000e+00,-1.000000000000000000e+00
3.539999999999400870e+01,-7.777278429202786114e+00,1.070000000000000107e+01,0.000000000000000000e+00,0.000000000000000000e+00,-1.000000000000000000e+00
3.549999999999400302e+01,-7.384239439365124724e+00,1.070000000000000107e+01,0.000000000000000000e+00,0.000000000000000000e+00,-1.000000000000000000e+00
3.559999999999399733e+01,-6.989849318027949288e+00,1.070000000000000107e+01,0.000000000000000000e+00,0.000000000000000000e+00,-1.000000000000000000e+00
3.569999999999399165e+01,-6.594157639410807015e+00,1.070000000000000107e+01,0.000000000000000000e+00,0.000000000000000000e+00,-1.000000000000000000e+00
3.579999999999398597e+01,-6.197214396128765124e+00,1.070000000000000107e+01,0.000000000000000000e+00,0.000000000000000000e+00,-1.000000000000000000e+00
3.589999999999398028e+01,-5.799069994052537425e+00,1.070000000000000107e+01,0.000000000000000000e+00,0.000000000000000000e+00,-1.000000000000000000e+00
3.599999999999397460e+01,-5.399775247059087846e+00,1.070000000000000107e+01,0.000000000000000000e+00,0.000000000000000000e+00,-1.000000000000000000e+00
3.609999999999396891e+01,-4.999381371672837027e+00,1.070000000000000107e+01,0.000000000000000000e+00,0.000000000000000000e+00,-1.000000000000000000e+00
3.619999999999396323e+01,-4.597939981597038539e+00,1.070000000000000107e+01,0.000000000000000000e+00,0.000000000000000000e+00,-1.000000000000000000e+00
3.629999999999395754e+01,-4.195503082135976669e+00,1.070000000000000107e+01,0.000000000000000000e+00,0.000000000000000000e+00,-1.000000000000000000e+00
3.639999999999395186e+01,-3.792123064507419983e+00,1.070000000000000107e+01,0.000000000000000000e+00,0.000000000000000000e+00,-1.000000000000000000e+00
3.649999999999394618e+01,-3.387852700046019461e+00,1.070000000000000107e+01,0.000000000000000000e+00,0.000000000000000000e+00,-1.000000000000000000e+00
3.659999999999394049e+01,-2.982745134297128509e+00,1.070000000000000107e+01,0.000000000000000000e+00,0.000000000000000000e+00,-1.000000000000000000e+00
3.669999999999393481e+01,-2.576853881001635482e+00,1.070000000000000107e+01,0.000000000000000000e+00,0.000000000000000000e+00,-1.000000000000000000e+00
3.679999999999392912e+01,-2.170232815971598228e+00,1.070000000000000107e+01,0.000000000000000000e+00,0.000000000000000000e+00,-1.000000000000000000e+00
3.689999999999392344e+01,-1.762936170857357654e+00,1.070000000000000107e+01,0.000000000000000000e+00,0.000000000000000000e+00,-1.000000000000000000e+00
3.699999999999391775e+01,-1.355018526805522816e+00,1.070000000000000107e+01,0.000000000000000000e+00,0.000000000000000000e+00,-1.000000000000000000e+00
3.709999999999391207e+01,-9.465348080089965865e-01,1.070000000000000107e+01,0.000000000000000000e+00,0.000000000000000000e+00,-1.000000000000000000e+00
3.719999999999390639e+01,-5.375402751482866170e-01,1.070000000000000107e+01,0.000000000000000000e+00,0.000000000000000000e+00,-1.000000000000000000e+00
3.729999999999390070e+01,-1.280905187253549293e-01,1.070000000000000107e+01,0.000000000000000000e+00,0.000000000000000000e+00,-1.000000000000000000e+00
3.739999999999389502e+01,2.817585477106724912e-01,1.070000000000000107e+01,0.000000000000000000e+00,0.000000000000000000e+00,-1.000000000000000000e+00
3.749999999999388933e+01,6.919506944448186037e-01,1.070000000000000107e+01,0.000000000000000000e+00,0.000000000000000000e+00,-1.000000000000000000e+00
3.759999999999388365e+01,1.102429382584755535e+00,1.070000000000000107e+01,0.000000000000000000e+00,0.000000000000000000e+00,-1.000000000000000000e+00
3.769999999999387796e+01,1.513137771155977251e+00,1.070000000000000107e+01,0.000000000000000000e+00,0.000000000000000000e+00,-1.000000000000000000e+00
3.779999999999387228e+01,1.924018724303107053e+00,1.070000000000000107e+01,0.000000000000000000e+00,0.000000000000000000e+00,-1.000000000000000000e+00
3.789999999999386660e+01,2.335014818597394903e+00,1.070000000000000107e+01,0.000000000000000000e+00,0.000000000000000000e+00,-1.000000000000000000e+00
3.799999999999386091e+01,2.746068350449353712e+00,1.070000000000000107e+01,0.000000000000000000e+00,0.000000000000000000e+00,-1.000000000000000000e+00
3.809999999999385523e+01,3.157121343626503318e+00,1.070000000000000107e+01,0.000000000000000000e+00,0.000000000000000000e+00,-1.000000000000000000e+00
3.819999999999384954e+01,3.568115556875742556e+00,1.070000000000000107e+01,0.000000000000000000e+00,0.000000000000000000e+00,-1.000000000000000000e+00
3.829999999999384386e+01,3.978992491649397945e+00,1.070000000000000107e+01,0.000000000000000000e+00,0.000000000000000000e+00,-1.000000000000000000e+00
3.839999999999383817e+01,4.389693399935010731e+00,1.070000000000000107e+01,0.000000000000000000e+00,0.000000000000000000e+00,-1.000000000000000000e+00
3.849999999999383249e+01,4.800159292188000748e+00,1.070000000000000107e+01,0.000000000000000000e+00,0.000000000000000000e+00,-1.000000000000000000e+00
3.859999999999382680e+01,5.210330945366325572e+00,1.070000000000000107e+01,0.000000000000000000e+00,0.000000000000000000e+00,-1.000000000000000000e+00
3.869999999999382112e+01,5.620148911067289532e+00,1.070000000000000107e+01,0.000000000000000000e+00,0.000000000000000000e+00,-1.000000000000000000e+00
3.879999999999381544e+01,6.029553523764879408e+00,1.070000000000000107e+01,0.000000000000000000e+00,0.000000000000000000e+00,-1.000000000000000000e+00
3.889999999999380975e+01,6.438484909147945245e+00,1.070000000000000107e+01,0.000000000000000000e+00,0.000000000000000000e+00,-1.000000000000000000e+00
3.899999999999380407e+01,6.846882992557698167e+00,1.070000000000000107e+01,0.000000000000000000e+00,0.000000000000000000e+00,-1.000000000000000000e+00
3.909999999999379838e+01,7.254687507524310242e+00,1.070000000000000107e+01,0.000000000000000000e+00,0.000000000000000000e+00,-1.000000000000000000e+00
3.919999999999379270e+01,7.661838004401673174e+00,1.070000000000000107e+01,0.000000000000000000e+00,0.000000000000000000e+00,-1.000000000000000000e+00
3.929999999999378701e+01,8.068273859099566181e+00,1.070000000000000107e+01,0.000000000000000000e+00,0.000000000000000000e+00,-1.000000000000000000e+00
3.939999999999378133e+01,8.473934281912422151e+00,1.070000000000000107e+01,0.000000000000000000e+00,0.000000000000000000e+00,-1.000000000000000000e+00
3.949999999999377565e+01,8.878758326443870530e+00,1.070000000000000107e+01,0.000000000000000000e+00,0.000000000000000000e+00,-1.000000000000000000e+00
3.959999999999376996e+01,9.282684898626165193e+00,1.070000000000000107e+01,0.000000000000000000e+00,0.000000000000000000e+00,-1.000000000000000000e+00
3.969999999999376428e+01,9.685652765833648203e+00,1.070000000000000107e+01,0.000000000000000000e+00,0.000000000000000000e+00,-1.000000000000000000e+00
3.979999999999375859e+01,1.008760056608925026e+01,1.070000000000000107e+01,0.000000000000000000e+00,0.000000000000000000e+00,-1.000000000000000000e+00
3.989999999999375291e+01,1.048846681736330666e+01,1.070000000000000107e+01,0.000000000000000000e+00,0.000000000000000000e+00,-1.000000000000000000e+00
3.999999999999374722e+01,1.088818992696321963e+01,1.070000000000000107e+01,0.000000000000000000e+00,0.000000000000000000e+00,-1.000000000000000000e+00
4.009999999999374154e+01,1.128670820101361549e+01,1.070000000000000107e+01,0.000000000000000000e+00,0.000000000000000000e+00,-1.000000000000000000e+00
4.019999999999373586e+01,1.168395985402541015e+01,1.070000000000000107e+01,0.000000000000000000e+00,0.000000000000000000e+00,-1.000000000000000000e+00
4.029999999999373017e+01,1.207988301855316493e+01,1.070000000000000107e+01,0.000000000000000000e+00,0.000000000000000000e+00,-1.000000000000000000e+00
4.039999999999372449e+01,1.247441575493906285e+01,1.070000000000000107e+01,0.000000000000000000e+00,0.000000000000000000e+00,-1.000000000000000000e+00
4.049999999999371880e+01,1.286749606114317324e+01,1.070000000000000107e+01,0.000000000000000000e+00,0.000000000000000000e+00,-1.000000000000000000e+00
4.059999999999371312e+01,1.325906188265810925e+01,1.070000000000000107e+01,0.000000000000000000e+00,0.000000000000000000e+00,-1.000000000000000000e+00
4.069999999999370743e+01,1.364905112250736785e+01,1.070000000000000107e+01,0.000000000000000000e+00,0.000000000000000000e+00,-1.000000000000000000e+00
4.079999999999370175e+01,1.403740165132587592e+01,1.070000000000000107e+01,0.000000000000000000e+00,0.000000000000000000e+00,-1.000000000000000000e+00
4.089999999999369606e+01,1.442405131752186520e+01,1.070000000000000107e+01,0.000000000000000000e+00,0.000000000000000000e+00,-1.000000000000000000e+00
4.099999999999369038e+01,1.480893795751832620e+01,1.070000000000000107e+01,0.000000000000000000e+00,0.000000000000000000e+00,-1.000000000000000000e+00
4.109999999999368470e+01,1.519199940607311383e+01,1.070000000000000107e+01,0.000000000000000000e+00,0.000000000000000000e+00,-1.000000000000000000e+00
4.119999999999367901e+01,1.557317350667635836e+01,1.070000000000000107e+01,0.000000000000000000e+00,0.000000000000000000e+00,-1.000000000000000000e+00
4.129999999999367333e+01,1.595239812202349583e+01,1.070000000000000107e+01,0.000000000000000000e+00,0.000000000000000000e+00,-1.000000000000000000e+00
4.139999999999366764e+01,1.632961114456304941e+01,1.070000000000000107e+01,0.000000000000000000e+00,0.000000000000000000e+00,-1.000000000000000000e+00
4.149999999999366196e+01,1.670475050711730702e+01,1.070000000000000107e+01,0.000000000000000000e+00,0.000000000000000000e+00,-1.000000000000000000e+00
4.159999999999365627e+01,1.707775419357484736e+01,1.070000000000000107e+01,0.000000000000000000e+00,0.000000000000000000e+00,-1.000000000000000000e+00
4.169999999999365059e+01,1.744856024965289620e+01,1.070000000000000107e+01,0.000000000000000000e+00,0.000000000000000000e+00,-1.000000000000000000e+00
4.179999999999364491e+01,1.781710679372878303e+01,1.070000000000000107e+01,0.000000000000000000e+00,0.000000000000000000e+00,-1.000000000000000000e+00
4.189999999999363922e+01,1.818333202773814250e+01,1.070000000000000107e+01,0.000000000000000000e+00,0.000000000000000000e+00,-1.000000000000000000e+00
4.199999999999363354e+01,1.854717424813906490e+01,1.070000000000000107e+01,0.000000000000000000e+00,0.000000000000000000e+00,-1.000000000000000000e+00
4.209999999999362785e+01,1.890857185694004272e+01,1.070000000000000107e+01,0.000000000000000000e+00,0.000000000000000000e+00,-1.000000000000000000e+00
4.219999999999362217e+01,1.926746337279038102e+01,1.070000000000000107e+01,0.000000000000000000e+00,0.000000000000000000e+00,-1.000000000000000000e+00
4.229999999999361648e+01,1.962378744213134141e+01,1.070000000000000107e+01,0.000000000000000000e+00,0.000000000000000000e+00,-1.000000000000000000e+00
4.239999999999361080e+01,1.997748285040650273e+01,1.070000000000000107e+01,0.000000000000000000e+00,0.000000000000000000e+00,-1.000000000000000000e+00
4.249999999999360512e+01,2.032848853332941630e+01,1.070000000000000107e+01,0.000000000000000000e+00,0.000000000000000000e+00,-1.000000000000000000e+00
4.259999999999359943e+01,2.067674358820680425e+01,1.070000000000000107e+01,0.000000000000000000e+00,0.000000000000000000e+00,-1.000000000000000000e+00
4.269999999999359375e+01,2.102218728531598302e+01,1.070000000000000107e+01,0.000000000000000000e+00,0.000000000000000000e+00,-1.000000000000000000e+00
4.279999999999358806e+01,2.136475907933421681e+01,1.070000000000000107e+01,0.000000000000000000e+00,0.000000000000000000e+00,-1.000000000000000000e+00
4.289999999999358238e+01,2.170439862081829219e+01,1.070000000000000107e+01,0.000000000000000000e+00,0.000000000000000000e+00,-1.000000000000000000e+00
4.299999999999357669e+01,2.204104576773278978e+01,1.070000000000000107e+01,0.000000000000000000e+00,0.000000000000000000e+00,-1.000000000000000000e+00
4.309999999999357101e+01,2.237464059702480412e+01,1.070000000000000107e+01,0.000000000000000000e+00,0.000000000000000000e+00,-1.000000000000000000e+00
4.319999999999356532e+01,2.270512341624353425e+01,1.070000000000000107e+01,0.000000000000000000e+00,0.000000000000000000e+00,-1.000000000000000000e+00
4.329999999999355964e+01,2.303243477520237903e+01,1.070000000000000107e+01,0.000000000000000000e+00,0.000000000000000000e+00,-1.000000000000000000e+00
4.339999999999355396e+01,2.335651547768221903e+01,1.070000000000000107e+01,0.000000000000000000e+00,0.000000000000000000e+00,-1.000000000000000000e+00
4.349999999999354827e+01,2.367730659317319208e+01,1.070000000000000107e+01,0.000000000000000000e+00,0.000000000000000000e+00,-1.000000000000000000e+00
4.359999999999354259e+01,2.399474946865362668e+01,1.070000000000000107e+01,0.000000000000000000e+00,0.000000000000000000e+00,-1.000000000000000000e+00
4.369999999999353690e+01,2.430878574040357165e+01,1.070000000000000107e+01,0.000000000000000000e+00,0.000000000000000000e+00,-1.000000000000000000e+00
4.379999999999353122e+01,2.461935734585115654e+01,1.070000000000000107e+01,0.000000000000000000e+00,0.000000000000000000e+00,-1.000000000000000000e+00
4.389999999999352553e+01,2.492640653544958340e+01,1.070000000000000107e+01,0.000000000000000000e+00,0.000000000000000000e+00,-1.000000000000000000e+00
4.399999999999351985e+01,2.522987588458261143e+01,1.070000000000000107e+01,0.000000000000000000e+00,0.000000000000000000e+00,-1.000000000000000000e+00
4.409999999999351417e+01,2.552970830549660519e+01,1.070000000000000107e+01,0.000000000000000000e+00,0.000000000000000000e+00,-1.000000000000000000e+00
4.419999999999350848e+01,2.582584705925656721e+01,1.070000000000000107e+01,0.000000000000000000e+00,0.000000000000000000e+00,-1.000000000000000000e+00
4.429999999999350280e+01,2.611823576772446032e+01,1.070000000000000107e+01,0.000000000000000000e+00,0.000000000000000000e+00,-1.000000000000000000e+00
4.439999999999349711e+01,2.640681842555703795e+01,1.070000000000000107e+01,0.000000000000000000e+00,0.000000000000000000e+00,-1.000000000000000000e+00
4.449999999999349143e+01,2.669153941222152682e+01,1.070000000000000107e+01,0.000000000000000000e+00,0.000000000000000000e+00,-1.000000000000000000e+00
4.459999999999348574e+01,2.697234350402640146e+01,1.070000000000000107e+01,0.000000000000000000e+00,0.000000000000000000e+00,-1.000000000000000000e+00
4.469999999999348006e+01,2.724917588616531106e+01,1.070000000000000107e+01,0.000000000000000000e+00,0.000000000000000000e+00,-1.000000000000000000e+00
4.479999999999347438e+01,2.752198216477145465e+01,1.070000000000000107e+01,0.000000000000000000e+00,0.000000000000000000e+00,-1.000000000000000000e+00
4.489999999999346869e+01,2.779070837898048296e+01,1.070000000000000107e+01,0.000000000000000000e+00,0.000000000000000000e+00,-1.000000000000000000e+00
4.499999999999346301e+01,2.805530101299927637e+01,1.070000000000000107e+01,0.000000000000000000e+00,0.000000000000000000e+00,-1.000000000000000000e+00
4.509999999999345732e+01,2.831570700817826136e+01,1.070000000000000107e+01,0.000000000000000000e+00,0.000000000000000000e+00,-1.000000000000000000e+00
4.519999999999345164e+01,2.857187377508479287e+01,1.070000000000000107e+01,0.000000000000000000e+00,0.000000000000000000e+00,-1.000000000000000000e+00
4.529999999999344595e+01,2.882374920557539966e+01,1.070000000000000107e+01,0.000000000000000000e+00,0.000000000000000000e+00,-1.000000000000000000e+00
4.539999999999344027e+01,2.907128168486408271e+01,1.070000000000000107e+01,0.000000000000000000e+00,0.000000000000000000e+00,-1.000000000000000000e+00
4.549999999999343459e+01,2.931442010358444250e+01,1.070000000000000107e+01,0.000000000000000000e+00,0.000000000000000000e+00,-1.000000000000000000e+00
4.559999999999342890e+01,2.955311386984294586e+01,1.070000000000000107e+01,0.000000000000000000e+00,0.000000000000000000e+00,-1.000000000000000000e+00
4.569999999999342322e+01,2.978731292126096974e+01,1.070000000000000107e+01,0.000000000000000000e+00,0.000000000000000000e+00,-1.000000000000000000e+00
4.579999999999341753e+01,3.001696773700290066e+01,1.070000000000000107e+01,0.000000000000000000e+00,0.000000000000000000e+00,-1.000000000000000000e+00
4.589999999999341185e+01,3.024202934978781343e+01,1.070000000000000107e+01,0.000000000000000000e+00,0.000000000000000000e+00,-1.000000000000000000e+00
4.599999999999340616e+01,3.046244935788212871e+01,1.070000000000000107e+01,0.000000000000000000e+00,0.000000000000000000e+00,-1.000000000000000000e+00
4.609999999999340048e+01,3.067817993707041779e+01,1.070000000000000107e+01,0.000000000000000000e+00,0.000000000000000000e+00,-1.000000000000000000e+00
4.619999999999339479e+01,3.088917385260232251e+01,1.070000000000000107e+01,0.000000000000000000e+00,0.000000000000000000e+00,-1.000000000000000000e+00
4.629999999999338911e+01,3.109538447111199133e+01,1.070000000000000107e+01,0.000000000000000000e+00,0.000000000000000000e+00,-1.000000000000000000e+00
4.639999999999338343e+01,3.129676577250819136e+01,1.070000000000000107e+01,0.000000000000000000e+00,0.000000000000000000e+00,-1.000000000000000000e+00
4.649999999999337774e+01,3.149327236183201961e+01,1.070000000000000107e+01,0.000000000000000000e+00,0.000000000000000000e+00,-1.000000000000000000e+00
4.659999999999337206e+01,3.168485948107949568e+01,1.070000000000000107e+01,0.000000000000000000e+00,0.000000000000000000e+00,-1.000000000000000000e+00
4.669999999999336637e+01,3.187148302098631447e+01,1.070000000000000107e+01,0.000000000000000000e+00,0.000000000000000000e+00,-1.000000000000000000e+00
4.679999999999336069e+01,3.205309953277220814e+01,1.070000000000000107e+01,0.000000000000000000e+00,0.000000000000000000e+00,-1.000000000000000000e+00
4.689999999999335500e+01,3.222966623984181922e+01,1.070000000000000107e+01,0.000000000000000000e+00,0.000000000000000000e+00,-1.000000000000000000e+00
4.699999999999334932e+01,3.240114104943951645e+01,1.070000000000000107e+01,0.000000000000000000e+00,0.000000000000000000e+00,-1.000000000000000000e+00
4.709999999999334364e+01,3.256748256425531451e+01,1.070000000000000107e+01,0.000000000000000000e+00,0.000000000000000000e+00,-1.000000000000000000e+00
4.719999999999333795e+01,3.272865009397905567e+01,1.070000000000000107e+01,0.000000000000000000e+00,0.000000000000000000e+00,-1.000000000000000000e+00
4.729999999999333227e+01,3.288460366679995417e+01,1.070000000000000107e+01,0.000000000000000000e+00,0.000000000000000000e+00,-1.000000000000000000e+00
4.739999999999332658e+01,3.303530404084881411e+01,1.070000000000000107e+01,0.000000000000000000e+00,0.000000000000000000e+00,-1.000000000000000000e+00
4.749999999999332090e+01,3.318071271557985824e+01,1.070000000000000107e+01,0.000000000000000000e+00,0.000000000000000000e+00,-1.000000000000000000e+00
4.759999999999331521e+01,3.332079194308949610e+01,1.070000000000000107e+01,0.000000000000000000e+00,0.000000000000000000e+00,-1.000000000000000000e+00
4.769999999999330953e+01,3.345550473936891933e+01,1.070000000000000107e+01,0.000000000000000000e+00,0.000000000000000000e+00,-1.000000000000000000e+00
4.779999999999330385e+01,3.358481489548780274e+01,1.070000000000000107e+01,0.000000000000000000e+00,0.000000000000000000e+00,-1.000000000000000000e+00
4.789999999999329816e+01,3.370868698870616242e+01,1.070000000000000107e+01,0.000000000000000000e+00,0.000000000000000000e+00,-1.000000000000000000e+00
4.799999999999329248e+01,3.382708639351126578e+01,1.070000000000000107e+01,0.000000000000000000e+00,0.000000000000000000e+00,-1.000000000000000000e+00
4.809999999999328679e+01,3.393997929257692903e+01,1.070000000000000107e+01,0.000000000000000000e+00,0.000000000000000000e+00,-1.000000000000000000e+00
4.819999999999328111e+01,3.404733268764204723e+01,1.070000000000000107e+01,0.000000000000000000e+00,0.000000000000000000e+00,-1.000000000000000000e+00
4.829999999999327542e+01,3.414911441030550776e+01,1.070000000000000107e+01,0.000000000000000000e+00,0.000000000000000000e+00,-1.000000000000000000e+00
4.839999999999326974e+01,3.424529313273437481e+01,1.070000000000000107e+01,0.000000000000000000e+00,0.000000000000000000e+00,-1.000000000000000000e+00
4.849999999999326405e+01,3.433583837828257401e+01,1.070000000000000107e+01,0.000000000000000000e+00,0.000000000000000000e+00,-1.000000000000000000e+00
4.859999999999325837e+01,3.442072053201695070e+01,1.070000000000000107e+01,0.000000000000000000e+00,0.000000000000000000e+00,-1.000000000000000000e+00
4.869999999999325269e+01,3.449991085114771749e+01,1.070000000000000107e+01,0.000000000000000000e+00,0.000000000000000000e+00,-1.000000000000000000e+00
4.879999999999324700e+01,3.457338147536028572e+01,1.070000000000000107e+01,0.000000000000000000e+00,0.000000000000000000e+00,-1.000000000000000000e+00
4.889999999999324132e+01,3.464110543704557443e+01,1.070000000000000107e+01,0.000000000000000000e+00,0.000000000000000000e+00,-1.000000000000000000e+00
4.899999999999323563e+01,3.470305667142566364e+01,1.070000000000000107e+01,0.000000000000000000e+00,0.000000000000000000e+00,-1.000000000000000000e+00
4.909999999999322995e+01,3.475921002657180736e+01,1.070000000000000107e+01,0.000000000000000000e+00,0.000000000000000000e+00,-1.000000000000000000e+00
4.919999999999322426e+01,3.480954127331183656e+01,1.070000000000000107e+01,0.000000000000000000e+00,0.000000000000000000e+00,-1.000000000000000000e+00
4.929999999999321858e+01,3.485402711502383255e+01,1.070000000000000107e+01,0.000000000000000000e+00,0.000000000000000000e+00,-1.000000000000000000e+00
4.939999999999321290e+01,3.489264519731317904e+01,1.070000000000000107e+01,0.000000000000000000e+00,0.000000000000000000e+00,-1.000000000000000000e+00
4.949999999999320721e+01,3.492537411756979537e+01,1.070000000000000107e+01,0.000000000000000000e+00,0.000000000000000000e+00,-1.000000000000000000e+00
4.959999999999320153e+01,3.495219343440266613e+01,1.070000000000000107e+01,0.000000000000000000e+00,0.000000000000000000e+00,-1.000000000000000000e+00
4.969999999999319584e+01,3.497308367694854780e+01,1.070000000000000107e+01,0.000000000000000000e+00,0.000000000000000000e+00,-1.000000000000000000e+00
4.979999999999319016e+01,3.498802635405186123e+01,1.070000000000000107e+01,0.000000000000000000e+00,0.000000000000000000e+00,-1.000000000000000000e+00
4.989999999999318447e+01,3.499700396331270724e+01,1.070000000000000107e+01,0.000000000000000000e+00,0.000000000000000000e+00,-1.000000000000000000e+00
4.999999999999317879e+01,3.500000000000000000e+01,1.070000000000000107e+01,0.000000000000000000e+00,0.000000000000000000e+00,-1.000000000000000000e+00
5.009999999999317311e+01,3.499699896582670533e+01,1.070000000000000107e+01,0.000000000000000000e+00,0.000000000000000000e+00,-1.000000000000000000e+00
5.019999999999316742e+01,3.498798637758409313e+01,1.070000000000000107e+01,0.000000000000000000e+00,0.000000000000000000e+00,-1.000000000000000000e+00
5.029999999999316174e+01,3.497294877563209070e+01,1.070000000000000107e+01,0.000000000000000000e+00,0.000000000000000000e+00,-1.000000000000000000e+00
5.039999999999315605e+01,3.495187373224257499e+01,1.070000000000000107e+01,0.000000000000000000e+00,0.000000000000000000e+00,-1.000000000000000000e+00
5.049999999999315037e+01,3.492474985979275459e+01,1.070000000000000107e+01,0.000000000000000000e+00,0.000000000000000000e+00,-1.000000000000000000e+00
5.059999999999314468e+01,3.489156681880550082e+01,1.070000000000000107e+01,0.000000000000000000e+00,0.000000000000000000e+00,-1.000000000000000000e+00
5.069999999999313900e+01,3.485231532583371461e+01,1.070000000000000107e+01,0.000000000000000000e+00,0.000000000000000000e+00,-1.000000000000000000e+00
5.079999999999313332e+01,3.480698716118573088e+01,1.070000000000000107e+01,0.000000000000000000e+00,0.000000000000000000e+00,-1.000000000000000000e+00
5.089999999999312763e+01,3.475557517648869776e+01,1.070000000000000107e+01,0.000000000000000000e+00,0.000000000000000000e+00,-1.000000000000000000e+00
5.099999999999312195e+01,3.469807330208704599e+01,1.070000000000000107e+01,0.000000000000000000e+00,0.000000000000000000e+00,-1.000000000000000000e+00
5.109999999999311626e+01,3.463447655427311389e+01,1.070000000000000107e+01,0.000000000000000000e+00,0.000000000000000000e+00,-1.000000000000000000e+00
5.119999999999311058e+01,3.456478104234683713e+01,1.070000000000000107e+01,0.000000000000000000e+00,0.000000000000000000e+00,-1.000000000000000000e+00
5.129999999999310489e+01,3.448898397550168227e+01,1.070000000000000107e+01,0.000000000000000000e+00,0.000000000000000000e+00,-1.000000000000000000e+00
5.139999999999309921e+01,3.440708366953393238e+01,1.070000000000000107e+01,0.000000000000000000e+00,0.000000000000000000e+00,-1.000000000000000000e+00
5.149999999999309352e+01,3.431907955337217686e+01,1.070000000000000107e+01,0.000000000000000000e+00,0.000000000000000000e+00,-1.000000000000000000e+00
5.159999999999308784e+01,3.422497217542446890e+01,1.070000000000000107e+01,0.000000000000000000e+00,0.000000000000000000e+00,-1.000000000000000000e+00
5.169999999999308216e+01,3.412476320973996025e+01,1.070000000000000107e+01,0.000000000000000000e+00,0.000000000000000000e+00,-1.000000000000000000e+00
5.179999999999307647e+01,3.401845546198219949e+01,1.070000000000000107e+01,0.000000000000000000e+00,0.000000000000000000e+00,-1.000000000000000000e+00
5.189999999999307079e+01,3.390605287521150757e+01,1.070000000000000107e+01,0.000000000000000000e+00,0.000000000000000000e+00,-1.000000000000000000e+00
5.199999999999306510e+01,3.378756053547313343e+01,1.070000000000000107e+01,0.000000000000000000e+00,0.000000000000000000e+00,-1.000000000000000000e+00
5.209999999999305942e+01,3.366298467718886656e+01,1.070000000000000107e+01,0.000000000000000000e+00,0.000000000000000000e+00,-1.000000000000000000e+00
5.219999999999305373e+01,3.353233268834887326e+01,1.070000000000000107e+01,0.000000000000000000e+00,0.000000000000000000e+00,-1.000000000000000000e+00
5.229999999999304805e+01,3.339561311550139777e+01,1.070000000000000107e+01,0.000000000000000000e+00,0.000000000000000000e+00,-1.000000000000000000e+00
5.239999999999304237e+01,3.325283566853716621e+01,1.070000000000000107e+01,0.000000000000000000e+00,0.000000000000000000e+00,-1.000000000000000000e+00
5.249999999999303668e+01,3.310401122526606343e+01,1.070000000000000107e+01,0.000000000000000000e+00,0.000000000000000000e+00,-1.000000000000000000e+00
5.259999999999303100e+01,3.294915183578339679e+01,1.070000000000000107e+01,0.000000000000000000e+00,0.000000000000000000e+00,-1.000000000000000000e+00
5.269999999999302531e+01,3.278827072662262765e+01,1.070000000000000107e+01,0.000000000000000000e+00,0.000000000000000000e+00,-1.000000000000000000e+00
5.279999999999301963e+01,3.262138230469253131e+01,1.070000000000000107e+01,0.000000000000000000e+00,0.000000000000000000e+00,-1.000000000000000000e+00
5.289999999999301394e+01,3.244850216099577978e+01,1.070000000000000107e+01,0.000000000000000000e+00,0.000000000000000000e+00,-1.000000000000000000e+00
5.299999999999300826e+01,3.226964707412626865e+01,1.070000000000000107e+01,0.000000000000000000e+00,0.000000000000000000e+00,-1.000000000000000000e+00
5.309999999999300258e+01,3.208483501354293566e+01,1.070000000000000107e+01,0.000000000000000000e+00,0.000000000000000000e+00,-1.000000000000000000e+00
5.319999999999299689e+01,3.189408514261724648e+01,1.070000000000000107e+01,0.000000000000000000e+00,0.000000000000000000e+00,-1.000000000000000000e+00
5.329999999999299121e+01,3.169741782145200659e+01,1.070000000000000107e+01,0.000000000000000000e+00,0.000000000000000000e+00,-1.000000000000000000e+00
5.339999999999298552e+01,3.149485460946882043e+01,1.070000000000000107e+01,0.000000000000000000e+00,0.000000000000000000e+00,-1.000000000000000000e+00
5.349999999999297984e+01,3.128641826776196311e+01,1.070000000000000107e+01,0.000000000000000000e+00,0.000000000000000000e+00,-1.000000000000000000e+00
5.359999999999297415e+01,3.107213276121608558e+01,1.070000000000000107e+01,0.000000000000000000e+00,0.000000000000000000e+00,-1.000000000000000000e+00
5.369999999999296847e+01,3.085202326038538700e+01,1.070000000000000107e+01,0.000000000000000000e+00,0.000000000000000000e+00,-1.000000000000000000e+00
5.379999999999296278e+01,3.062611614313197705e+01,1.070000000000000107e+01,0.000000000000000000e+00,0.000000000000000000e+00,-1.000000000000000000e+00
5.389999999999295710e+01,3.039443899602100529e+01,1.070000000000000107e+01,0.000000000000000000e+00,0.000000000000000000e+00,-1.000000000000000000e+00
5.399999999999295142e+01,3.015702061547034063e+01,1.070000000000000107e+01,0.000000000000000000e+00,0.000000000000000000e+00,-1.000000000000000000e+00
5.409999999999294573e+01,2.991389100865254136e+01,1.070000000000000107e+01,0.000000000000000000e+00,0.000000000000000000e+00,-1.000000000000000000e+00
5.419999999999294005e+01,2.966508139414689893e+01,1.070000000000000107e+01,0.000000000000000000e+00,0.000000000000000000e+00,-1.000000000000000000e+00
5.429999999999293436e+01,2.941062420233927455e+01,1.070000000000000107e+01,0.000000000000000000e+00,0.000000000000000000e+00,-1.000000000000000000e+00
5.439999999999292868e+01,2.915055307556798425e+01,1.070000000000000107e+01,0.000000000000000000e+00,0.000000000000000000e+00,-1.000000000000000000e+00
5.449999999999292299e+01,2.888490286801307505e+01,1.070000000000000107e+01,0.000000000000000000e+00,0.000000000000000000e+00,-1.000000000000000000e+00
5.459999999999291731e+01,2.861370964532742889e+01,1.070000000000000107e+01,0.000000000000000000e+00,0.000000000000000000e+00,-1.000000000000000000e+00
5.469999999999291163e+01,2.833701068400730350e+01,1.070000000000000107e+01,0.000000000000000000e+00,0.000000000000000000e+00,-1.000000000000000000e+00
5.479999999999290594e+01,2.805484447050088903e+01,1.070000000000000107e+01,0.000000000000000000e+00,0.000000000000000000e+00,-1.000000000000000000e+00
5.489999999999290026e+01,2.776725070005230833e+01,1.070000000000000107e+01,0.000000000000000000e+00,0.000000000000000000e+00,-1.000000000000000000e+00
5.499999999999289457e+01,2.747427027527952603e+01,1.070000000000000107e+01,0.000000000000000000e+00,0.000000000000000000e+00,-1.000000000000000000e+00
5.509999999999288889e+01,2.717594530448466372e+01,1.070000000000000107e+01,0.000000000000000000e+00,0.000000000000000000e+00,-1.000000000000000000e+00
5.519999999999288320e+01,2.687231909969406374e+01,1.070000000000000107e+01,0.000000000000000000e+00,0.000000000000000000e+00,-1.000000000000000000e+00
5.529999999999287752e+01,2.656343617442755090e+01,1.070000000000000107e+01,0.000000000000000000e+00,0.000000000000000000e+00,-1.000000000000000000e+00
5.539999999999287184e+01,2.624934224119396475e+01,1.070000000000000107e+01,0.000000000000000000e+00,0.000000000000000000e+00,-1.000000000000000000e+00
5.549999999999286615e+01,2.593008420871234421e+01,1.070000000000000107e+01,0.000000000000000000e+00,0.000000000000000000e+00,-1.000000000000000000e+00
5.559999999999286047e+01,2.560571017885696676e+01,1.070000000000000107e+01,0.000000000000000000e+00,0.000000000000000000e+00,-1.000000000000000000e+00
5.569999999999285478e+01,2.527626944332383729e+01,1.070000000000000107e+01,0.000000000000000000e+00,0.000000000000000000e+00,-1.000000000000000000e+00
5.579999999999284910e+01,2.494181248001857654e+01,1.070000000000000107e+01,0.000000000000000000e+00,0.000000000000000000e+00,-1.000000000000000000e+00
5.589999999999284341e+01,2.460239094916348535e+01,1.070000000000000107e+01,0.000000000000000000e+00,0.000000000000000000e+00,-1.000000000000000000e+00
5.599999999999283773e+01,2.425805768912209004e+01,1.070000000000000107e+01,0.000000000000000000e+00,0.000000000000000000e+00,-1.000000000000000000e+00
5.609999999999283204e+01,2.390886671194078517e+01,1.070000000000000107e+01,0.000000000000000000e+00,0.000000000000000000e+00,-1.000000000000000000e+00
5.619999999999282636e+01,2.355487319860560191e+01,1.070000000000000107e+01,0.000000000000000000e+00,0.000000000000000000e+00,-1.000000000000000000e+00
5.629999999999282068e+01,2.319613349401337032e+01,1.070000000000000107e+01,0.000000000000000000e+00,0.000000000000000000e+00,-1.000000000000000000e+00
5.639999999999281499e+01,2.283270510165551670e+01,1.070000000000000107e+01,0.000000000000000000e+00,0.000000000000000000e+00,-1.000000000000000000e+00
5.649999999999280931e+01,2.246464667801430437e+01,1.070000000000000107e+01,0.000000000000000000e+00,0.000000000000000000e+00,-1.000000000000000000e+00
5.659999999999280362e+01,2.209201802666974501e+01,1.070000000000000107e+01,0.000000000000000000e+00,0.000000000000000000e+00,-1.000000000000000000e+00
5.669999999999279794e+01,2.171488009211665826e+01,1.070000000000000107e+01,0.000000000000000000e+00,0.000000000000000000e+00,-1.000000000000000000e+00
5.679999999999279225e+01,2.133329495329077830e+01,1.070000000000000107e+01,0.000000000000000000e+00,0.000000000000000000e+00,-1.000000000000000000e+00
5.689999999999278657e+01,2.094732581680323236e+01,1.070000000000000107e+01,0.000000000000000000e+00,0.000000000000000000e+00,-1.000000000000000000e+00
5.699999999999278089e+01,2.055703700988252436e+01,1.070000000000000107e+01,0.000000000000000000e+00,0.000000000000000000e+00,-1.000000000000000000e+00
5.709999999999277520e+01,2.016249397302334501e+01,1.070000000000000107e+01,0.000000000000000000e+00,0.000000000000000000e+00,-1.000000000000000000e+00
5.719999999999276952e+01,1.976376325234169684e+01,1.070000000000000107e+01,0.000000000000000000e+00,0.000000000000000000e+00,-1.000000000000000000e+00
5.729999999999276383e+01,1.936091249163539274e+01,1.070000000000000107e+01,0.000000000000000000e+00,0.000000000000000000e+00,-1.000000000000000000e+00
5.739999999999275815e+01,1.895401042415020143e+01,1.070000000000000107e+01,0.000000000000000000e+00,0.000000000000000000e+00,-1.000000000000000000e+00
5.749999999999275246e+01,1.854312686405022248e+01,1.070000000000000107e+01,0.000000000000000000e+00,0.000000000000000000e+00,-1.000000000000000000e+00
5.759999999999274678e+01,1.812833269759295973e+01,1.070000000000000107e+01,0.000000000000000000e+00,0.000000000000000000e+00,-1.000000000000000000e+00
5.769999999999274110e+01,1.770969987400809487e+01,1.070000000000000107e+01,0.000000000000000000e+00,0.000000000000000000e+00,-1.000000000000000000e+00
5.779999999999273541e+01,1.728730139608068939e+01,1.070000000000000107e+01,0.000000000000000000e+00,0.000000000000000000e+00,-1.000000000000000000e+00
5.789999999999272973e+01,1.686121131043762134e+01,1.070000000000000107e+01,0.000000000000000000e+00,0.000000000000000000e+00,-1.000000000000000000e+00
5.799999999999272404e+01,1.643150469753758003e+01,1.070000000000000107e+01,0.000000000000000000e+00,0.000000000000000000e+00,-1.000000000000000000e+00
5.809999999999271836e+01,1.599825766136527072e+01,1.070000000000000107e+01,0.000000000000000000e+00,0.000000000000000000e+00,-1.000000000000000000e+00
5.819999999999271267e+01,1.556154731882872611e+01,1.070000000000000107e+01,0.000000000000000000e+00,0.000000000000000000e+00,-1.000000000000000000e+00
5.829999999999270699e+01,1.512145178886051156e+01,1.070000000000000107e+01,0.000000000000000000e+00,0.000000000000000000e+00,-1.000000000000000000e+00
5.839999999999270131e+01,1.467805018122351157e+01,1.070000000000000107e+01,0.000000000000000000e+00,0.000000000000000000e+00,-1.000000000000000000e+00
5.849999999999269562e+01,1.423142258502023338e+01,1.070000000000000107e+01,0.000000000000000000e+00,0.000000000000000000e+00,-1.000000000000000000e+00
5.859999999999268994e+01,1.378165005690771494e+01,1.070000000000000107e+01,0.000000000000000000e+00,0.000000000000000000e+00,-1.000000000000000000e+00
5.869999999999268425e+01,1.332881460901675119e+01,1.070000000000000107e+01,0.000000000000000000e+00,0.000000000000000000e+00,-1.000000000000000000e+00
5.879999999999267857e+01,1.287299919657737490e+01,1.070000000000000107e+01,0.000000000000000000e+00,0.000000000000000000e+00,-1.000000000000000000e+00
5.889999999999267288e+01,1.241428770525062397e+01,1.070000000000000107e+01,0.000000000000000000e+00,0.000000000000000000e+00,-1.000000000000000000e+00
5.899999999999266720e+01,1.195276493816674623e+01,1.070000000000000107e+01,0.000000000000000000e+00,0.000000000000000000e+00,-1.000000000000000000e+00
5.909999999999266151e+01,1.148851660267173003e+01,1.070000000000000107e+01,0.000000000000000000e+00,0.000000000000000000e+00,-1.000000000000000000e+00
5.919999999999265583e+01,1.102162929678203085e+01,1.070000000000000107e+01,0.000000000000000000e+00,0.000000000000000000e+00,-1.000000000000000000e+00
5.929999999999265015e+01,1.055219049534915143e+01,1.070000000000000107e+01,0.000000000000000000e+00,0.000000000000000000e+00,-1.000000000000000000e+00
5.939999999999264446e+01,1.008028853593412144e+01,1.070000000000000107e+01,0.000000000000000000e+00,0.000000000000000000e+00,-1.000000000000000000e+00
5.949999999999263878e+01,9.606012604394132737e+00,1.070000000000000107e+01,0.000000000000000000e+00,0.000000000000000000e+00,-1.000000000000000000e+00
5.959999999999263309e+01,9.129452720181621572e+00,1.070000000000000107e+01,0.000000000000000000e+00,0.000000000000000000e+00,-1.000000000000000000e+00
5.969999999999262741e+01,8.650699721357398175e+00,1.070000000000000107e+01,0.000000000000000000e+00,0.000000000000000000e+00,-1.000000000000000000e+00
5.979999999999262172e+01,8.169845249319093838e+00,1.070000000000000107e+01,0.000000000000000000e+00,0.000000000000000000e+00,-1.000000000000000000e+00
5.989999999999261604e+01,7.686981733246334159e+00,1.070000000000000107e+01,0.000000000000000000e+00,0.000000000000000000e+00,-1.000000000000000000e+00
5.999999999999261036e+01,7.202202374264159879e+00,1.070000000000000107e+01,0.000000000000000000e+00,0.000000000000000000e+00,-1.000000000000000000e+00
6.009999999999260467e+01,6.715601129326253194e+00,1.070000000000000107e+01,0.000000000000000000e+00,0.000000000000000000e+00,-1.000000000000000000e+00
6.019999999999259899e+01,6.227272694819586896e+00,1.070000000000000107e+01,0.000000000000000000e+00,0.000000000000000000e+00,-1.000000000000000000e+00
6.029999999999259330e+01,5.737312489892635092e+00,1.070000000000000107e+01,0.000000000000000000e+00,0.000000000000000000e+00,-1.000000000000000000e+00
6.039999999999258762e+01,5.245816639508035450e+00,1.070000000000000107e+01,0.000000000000000000e+00,0.000000000000000000e+00,-1.000000000000000000e+00
6.049999999999258193e+01,4.752881957222883536e+00,1.070000000000000107e+01,0.000000000000000000e+00,0.000000000000000000e+00,-1.000000000000000000e+00
6.059999999999257625e+01,4.258605927697794336e+00,1.070000000000000107e+01,0.000000000000000000e+00,0.000000000000000000e+00,-1.000000000000000000e+00
6.069999999999257057e+01,3.763086688936845725e+00,1.070000000000000107e+01,0.000000000000000000e+00,0.000000000000000000e+00,-1.000000000000000000e+00
6.079999999999256488e+01,3.266423014261440994e+00,1.070000000000000107e+01,0.000000000000000000e+00,0.000000000000000000e+00,-1.000000000000000000e+00
6.089999999999255920e+01,2.768714294019198885e+00,1.070000000000000107e+01,0.000000000000000000e+00,0.000000000000000000e+00,-1.000000000000000000e+00
6.099999999999255351e+01,2.270060517030788816e+00,1.070000000000000107e+01,0.000000000000000000e+00,0.000000000000000000e+00,-1.000000000000000000e+00
6.109999999999254783e+01,1.770562251777717533e+00,1.070000000000000107e+01,0.000000000000000000e+00,0.000000000000000000e+00,-1.000000000000000000e+00
6.119999999999254214e+01,1.270320627332490959e+00,1.070000000000000107e+01,0.000000000000000000e+00,0.000000000000000000e+00,-1.000000000000000000e+00
6.129999999999253646e+01,7.694373140343359063e-01,1.070000000000000107e+01,0.000000000000000000e+00,0.000000000000000000e+00,-1.000000000000000000e+00
6.139999999999253077e+01,2.680145039138167595e-01,1.070000000000000107e+01,0.000000000000000000e+00,0.000000000000000000e+00,-1.000000000000000000e+00
6.149999999999252509e+01,-2.338451091323997533e-01,1.070000000000000107e+01,0.000000000000000000e+00,0.000000000000000000e+00,-1.000000000000000000e+00
6.159999999999251941e+01,-7.360383494118151182e-01,1.070000000000000107e+01,0.000000000000000000e+00,0.000000000000000000e+00,-1.000000000000000000e+00
6.169999999999251372e+01,-1.238461579750410602e+00,1.070000000000000107e+01,0.000000000000000000e+00,0.000000000000000000e+00,-1.000000000000000000e+00
6.179999999999250804e+01,-1.741010722045940540e+00,1.070000000000000107e+01,0.000000000000000000e+00,0.000000000000000000e+00,-1.000000000000000000e+00
6.189999999999250235e+01,-2.243581278058975670e+00,1.070000000000000107e+01,0.000000000000000000e+00,0.000000000000000000e+00,-1.000000000000000000e+00
6.199999999999249667e+01,-2.746068350436891237e+00,1.070000000000000107e+01,0.000000000000000000e+00,0.000000000000000000e+00,-1.000000000000000000e+00
6.209999999999249098e+01,-3.248366663968091039e+00,1.070000000000000107e+01,0.000000000000000000e+00,0.000000000000000000e+00,-1.000000000000000000e+00
6.219999999999248530e+01,-3.750370587063586392e+00,1.070000000000000107e+01,0.000000000000000000e+00,0.000000000000000000e+00,-1.000000000000000000e+00
6.229999999999247962e+01,-4.251974153461311801e+00,1.070000000000000107e+01,0.000000000000000000e+00,0.000000000000000000e+00,-1.000000000000000000e+00
6.239999999999247393e+01,-4.753071084150120029e+00,1.070000000000000107e+01,0.000000000000000000e+00,0.000000000000000000e+00,-1.000000000000000000e+00
6.249999999999246825e+01,-5.253554809510330159e+00,1.070000000000000107e+01,0.000000000000000000e+00,0.000000000000000000e+00,-1.000000000000000000e+00
6.259999999999246256e+01,-5.753318491665859291e+00,1.070000000000000107e+01,0.000000000000000000e+00,0.000000000000000000e+00,-1.000000000000000000e+00
6.269999999999245688e+01,-6.252255047045003344e+00,1.070000000000000107e+01,0.000000000000000000e+00,0.000000000000000000e+00,-1.000000000000000000e+00
6.279999999999245119e+01,-6.750257169145537972e+00,1.070000000000000107e+01,0.000000000000000000e+00,0.000000000000000000e+00,-1.000000000000000000e+00
6.289999999999244551e+01,-7.247217351500151672e+00,1.070000000000000107e+01,0.000000000000000000e+00,0.000000000000000000e+00,-1.000000000000000000e+00
6.299999999999243983e+01,-7.743027910838065964e+00,1.070000000000000107e+01,0.000000000000000000e+00,0.000000000000000000e+00,-1.000000000000000000e+00
6.309999999999243414e+01,-8.237581010438649542e+00,1.070000000000000107e+01,0.000000000000000000e+00,0.000000000000000000e+00,-1.000000000000000000e+00
6.319999999999242846e+01,-8.730768683672675223e+00,1.070000000000000107e+01,0.000000000000000000e+00,0.000000000000000000e+00,-1.000000000000000000e+00
6.329999999999242277e+01,-9.222482857726864935e+00,1.070000000000000107e+01,0.000000000000000000e+00,0.000000000000000000e+00,-1.000000000000000000e+00
6.339999999999241709e+01,-9.712615377507203718e+00,1.070000000000000107e+01,0.000000000000000000e+00,0.000000000000000000e+00,-1.000000000000000000e+00
6.349999999999241140e+01,-1.020105802971648501e+01,1.070000000000000107e+01,0.000000000000000000e+00,0.000000000000000000e+00,-1.000000000000000000e+00
6.359999999999240572e+01,-1.068770256710138788e+01,1.070000000000000107e+01,0.000000000000000000e+00,0.000000000000000000e+00,-1.000000000000000000e+00
6.369999999999240003e+01,-1.117244073286435047e+01,1.070000000000000107e+01,0.000000000000000000e+00,0.000000000000000000e+00,-1.000000000000000000e+00
6.379999999999239435e+01,-1.165516428523570980e+01,1.070000000000000107e+01,0.000000000000000000e+00,0.000000000000000000e+00,-1.000000000000000000e+00
6.389999999999238867e+01,-1.213576502220032083e+01,1.070000000000000107e+01,0.000000000000000000e+00,0.000000000000000000e+00,-1.000000000000000000e+00
6.399999999999238298e+01,-1.261413480637487794e+01,1.070000000000000107e+01,0.000000000000000000e+00,0.000000000000000000e+00,-1.000000000000000000e+00
6.409999999999237730e+01,-1.309016559002988700e+01,1.070000000000000107e+01,0.000000000000000000e+00,0.000000000000000000e+00,-1.000000000000000000e+00
6.419999999999237161e+01,-1.356374944025182927e+01,1.070000000000000107e+01,0.000000000000000000e+00,0.000000000000000000e+00,-1.000000000000000000e+00
6.429999999999236593e+01,-1.403477856423934078e+01,1.070000000000000107e+01,0.000000000000000000e+00,0.000000000000000000e+00,-1.000000000000000000e+00
6.439999999999236024e+01,-1.450314533472923095e+01,1.070000000000000107e+01,0.000000000000000000e+00,0.000000000000000000e+00,-1.000000000000000000e+00
6.449999999999235456e+01,-1.496874231554633639e+01,1.070000000000000107e+01,0.000000000000000000e+00,0.000000000000000000e+00,-1.000000000000000000e+00
6.459999999999234888e+01,-1.543146228727122882e+01,1.070000000000000107e+01,0.000000000000000000e+00,0.000000000000000000e+00,-1.000000000000000000e+00
6.469999999999234319e+01,-1.589119827302156729e+01,1.070000000000000107e+01,0.000000000000000000e+00,0.000000000000000000e+00,-1.000000000000000000e+00
6.479999999999233751e+01,-1.634784356433976527e+01,1.070000000000000107e+01,0.000000000000000000e+00,0.000000000000000000e+00,-1.000000000000000000e+00
6.489999999999233182e+01,-1.680129174718305407e+01,1.070000000000000107e+01,0.000000000000000000e+00,0.000000000000000000e+00,-1.000000000000000000e+00
6.499999999999232614e+01,-1.725143672800805206e+01,1.070000000000000107e+01,0.000000000000000000e+00,0.000000000000000000e+00,-1.000000000000000000e+00
6.509999999999232045e+01,-1.769817275994649108e+01,1.070000000000000107e+01,0.000000000000000000e+00,0.000000000000000000e+00,-1.000000000000000000e+00
6.519999999999231477e+01,-1.814139446906368747e+01,1.070000000000000107e+01,0.000000000000000000e+00,0.000000000000000000e+00,-1.000000000000000000e+00
6.529999999999230909e+01,-1.858099688069513178e+01,1.070000000000000107e+01,0.000000000000000000e+00,0.000000000000000000e+00,-1.000000000000000000e+00
6.539999999999230340e+01,-1.901687544585520229e+01,1.070000000000000107e+01,0.000000000000000000e+00,0.000000000000000000e+00,-1.000000000000000000e+00
6.549999999999229772e+01,-1.944892606771087529e+01,1.070000000000000107e+01,0.000000000000000000e+00,0.000000000000000000e+00,-1.000000000000000000e+00
6.559999999999229203e+01,-1.987704512811511037e+01,1.070000000000000107e+01,0.000000000000000000e+00,0.000000000000000000e+00,-1.000000000000000000e+00
6.569999999999228635e+01,-2.030112951419290113e+01,1.070000000000000107e+01,0.000000000000000000e+00,0.000000000000000000e+00,-1.000000000000000000e+00
6.579999999999228066e+01,-2.072107664497442769e+01,1.070000000000000107e+01,0.000000000000000000e+00,0.000000000000000000e+00,-1.000000000000000000e+00
6.589999999999227498e+01,-2.113678449806792869e+01,1.070000000000000107e+01,0.000000000000000000e+00,0.000000000000000000e+00,-1.000000000000000000e+00
6.599999999999226930e+01,-2.154815163636641628e+01,1.070000000000000107e+01,0.000000000000000000e+00,0.000000000000000000e+00,-1.000000000000000000e+00
6.609999999999226361e+01,-2.195507723478147710e+01,1.070000000000000107e+01,0.000000000000000000e+00,0.000000000000000000e+00,-1.000000000000000000e+00
6.619999999999225793e+01,-2.235746110699744094e+01,1.070000000000000107e+01,0.000000000000000000e+00,0.000000000000000000e+00,-1.000000000000000000e+00
6.629999999999225224e+01,-2.275520373223931614e+01,1.070000000000000107e+01,0.000000000000000000e+00,0.000000000000000000e+00,-1.000000000000000000e+00
6.639999999999224656e+01,-2.314820628204764219e+01,1.070000000000000107e+01,0.000000000000000000e+00,0.000000000000000000e+00,-1.000000000000000000e+00
6.649999999999224087e+01,-2.353637064705348791e+01,1.070000000000000107e+01,0.000000000000000000e+00,0.000000000000000000e+00,-1.000000000000000000e+00
6.659999999999223519e+01,-2.391959946374663915e+01,1.070000000000000107e+01,0.000000000000000000e+00,0.000000000000000000e+00,-1.000000000000000000e+00
6.669999999999222950e+01,-2.429779614123010845e+01,1.070000000000000107e+01,0.000000000000000000e+00,0.000000000000000000e+00,-1.000000000000000000e+00
6.679999999999222382e+01,-2.467086488795382238e+01,1.070000000000000107e+01,0.000000000000000000e+00,0.000000000000000000e+00,-1.000000000000000000e+00
6.689999999999221814e+01,-2.503871073842080008e+01,1.070000000000000107e+01,0.000000000000000000e+00,0.000000000000000000e+00,-1.000000000000000000e+00
6.699999999999221245e+01,-2.540123957985792558e+01,1.070000000000000107e+01,0.000000000000000000e+00,0.000000000000000000e+00,-1.000000000000000000e+00
6.709999999999220677e+01,-2.575835817884514967e+01,1.070000000000000107e+01,0.000000000000000000e+00,0.000000000000000000e+00,-1.000000000000000000e+00
6.719999999999220108e+01,-2.610997420789512091e+01,1.070000000000000107e+01,0.000000000000000000e+00,0.000000000000000000e+00,-1.000000000000000000e+00
6.729999999999219540e+01,-2.645599627197649895e+01,1.070000000000000107e+01,0.000000000000000000e+00,0.000000000000000000e+00,-1.000000000000000000e+00
6.739999999999218971e+01,-2.679633393497302762e+01,1.070000000000000107e+01,0.000000000000000000e+00,0.000000000000000000e+00,-1.000000000000000000e+00
6.749999999999218403e+01,-2.713089774607175997e+01,1.070000000000000107e+01,0.000000000000000000e+00,0.000000000000000000e+00,-1.000000000000000000e+00
6.759999999999217835e+01,-2.745959926607259050e+01,1.070000000000000107e+01,0.000000000000000000e+00,0.000000000000000000e+00,-1.000000000000000000e+00
6.769999999999217266e+01,-2.778235109361142108e+01,1.070000000000000107e+01,0.000000000000000000e+00,0.000000000000000000e+00,-1.000000000000000000e+00
6.779999999999216698e+01,-2.809906689129025992e+01,1.070000000000000107e+01,0.000000000000000000e+00,0.000000000000000000e+00,-1.000000000000000000e+00
6.789999999999216129e+01,-2.840966141170571291e+01,1.070000000000000107e+01,0.000000000000000000e+00,0.000000000000000000e+00,-1.000000000000000000e+00
6.799999999999215561e+01,-2.871405052336934460e+01,1.070000000000000107e+01,0.000000000000000000e+00,0.000000000000000000e+00,-1.000000000000000000e+00
6.809999999999214992e+01,-2.901215123651131833e+01,1.070000000000000107e+01,0.000000000000000000e+00,0.000000000000000000e+00,-1.000000000000000000e+00
6.819999999999214424e+01,-2.930388172876057595e+01,1.070000000000000107e+01,0.000000000000000000e+00,0.000000000000000000e+00,-1.000000000000000000e+00
6.829999999999213856e+01,-2.958916137069326169e+01,1.070000000000000107e+01,0.000000000000000000e+00,0.000000000000000000e+00,-1.000000000000000000e+00
6.839999999999213287e+01,-2.986791075124181560e+01,1.070000000000000107e+01,0.000000000000000000e+00,0.000000000000000000e+00,-1.000000000000000000e+00
6.849999999999212719e+01,-3.014005170295748925e+01,1.070000000000000107e+01,0.000000000000000000e+00,0.000000000000000000e+00,-1.000000000000000000e+00
6.859999999999212150e+01,-3.040550732711784931e+01,1.070000000000000107e+01,0.000000000000000000e+00,0.000000000000000000e+00,-1.000000000000000000e+00
6.869999999999211582e+01,-3.066420201867180140e+01,1.070000000000000107e+01,0.000000000000000000e+00,0.000000000000000000e+00,-1.000000000000000000e+00
6.879999999999211013e+01,-3.091606149101468404e+01,1.070000000000000107e+01,0.000000000000000000e+00,0.000000000000000000e+00,-1.000000000000000000e+00
6.889999999999210445e+01,-3.116101280058495604e+01,1.070000000000000107e+01,0.000000000000000000e+00,0.000000000000000000e+00,-1.000000000000000000e+00
6.899999999999209876e+01,-3.139898437127515862e+01,1.070000000000000107e+01,0.000000000000000000e+00,0.000000000000000000e+00,-1.000000000000000000e+00
6.909999999999209308e+01,-3.162990601864908768e+01,1.070000000000000107e+01,0.000000000000000000e+00,0.000000000000000000e+00,-1.000000000000000000e+00
6.919999999999208740e+01,-3.185370897395739931e+01,1.070000000000000107e+01,0.000000000000000000e+00,0.000000000000000000e+00,-1.000000000000000000e+00
6.929999999999208171e+01,-3.207032590794372595e+01,1.070000000000000107e+01,0.000000000000000000e+00,0.000000000000000000e+00,-1.000000000000000000e+00
6.939999999999207603e+01,-3.227969095443343406e+01,1.070000000000000107e+01,0.000000000000000000e+00,0.000000000000000000e+00,-1.000000000000000000e+00
6.949999999999207034e+01,-3.248173973369720358e+01,1.070000000000000107e+01,0.000000000000000000e+00,0.000000000000000000e+00,-1.000000000000000000e+00
6.959999999999206466e+01,-3.267640937558142866e+01,1.070000000000000107e+01,0.000000000000000000e+00,0.000000000000000000e+00,-1.000000000000000000e+00
6.969999999999205897e+01,-3.286363854239764493e+01,1.070000000000000107e+01,0.000000000000000000e+00,0.000000000000000000e+00,-1.000000000000000000e+00
6.979999999999205329e+01,-3.304336745156296473e+01,1.070000000000000107e+01,0.000000000000000000e+00,0.000000000000000000e+00,-1.000000000000000000e+00
6.989999999999204761e+01,-3.321553789798385736e+01,1.070000000000000107e+01,0.000000000000000000e+00,0.000000000000000000e+00,-1.000000000000000000e+00
6.999999999999204192e+01,-3.338009327617515964e+01,1.070000000000000107e+01,0.000000000000000000e+00,0.000000000000000000e+00,-1.000000000000000000e+00
