3.001536133408880258e-01,6.148120362789945004e-01,-3.988582367870404655e-01,1.725744446870157087e-02,-5.422091940115567610e-01,-2.793690539790030236e-01
3.001341802151032412e-01,6.149068144186737861e-01,-3.987031120850416110e-01,1.729667695984387493e-02,-5.422150286491282944e-01,-2.793111157168285952e-01
3.001143173643004980e-01,6.150008910977824428e-01,-3.985498359038488481e-01,1.733486635782564844e-02,-5.422173697971121031e-01,-2.792563597498853856e-01
3.000942749731270731e-01,6.150945812141718205e-01,-3.983974972264415215e-01,1.737243810497980656e-02,-5.422179154175711391e-01,-2.792031931867461347e-01
3.000741705499497813e-01,6.151880494958985590e-01,-3.982456373886700263e-01,1.740962686553805885e-02,-5.422175252507166476e-01,-2.791508224486799472e-01
3.000540573766972141e-01,6.152813840137915102e-01,-3.980940240049398171e-01,1.744656683281833529e-02,-5.422166384493436464e-01,-2.790988516335621838e-01
3.000339580984686116e-01,6.153746332066585278e-01,-3.979425382440811010e-01,1.748333798470548192e-02,-5.422154821575709827e-01,-2.790470827825889399e-01
3.000138810968578373e-01,6.154678246599628588e-01,-3.977911185322317578e-01,1.751999012031362629e-02,-5.422141759241185799e-01,-2.789954165451205559e-01
2.999938283868121558e-01,6.155609747237761331e-01,-3.976397323712813625e-01,1.755655559983336153e-02,-5.422127841505635093e-01,-2.789438027599480119e-01
2.999737993606955699e-01,6.156540935081853405e-01,-3.974883621808241174e-01,1.759305627525471066e-02,-5.422113425742114412e-01,-2.788922158578890365e-01
2.999537925130801308e-01,6.157471875296414154e-01,-3.973369981448024446e-01,1.762950738401616521e-02,-5.422098717465717588e-01,-2.788406426091123436e-01
2.999338061964890723e-01,6.158402611474070865e-01,-3.971856345718740022e-01,1.766591982627610177e-02,-5.422083839642701797e-01,-2.787890760099949738e-01
2.999138389203681587e-01,6.159333173705875408e-01,-3.970342680193626461e-01,1.770230155101707586e-02,-5.422068868936503749e-01,-2.787375122276564698e-01
2.998938894428458402e-01,6.160263583271753385e-01,-3.968828963139881538e-01,1.773865844073227449e-02,-5.422053855014979939e-01,-2.786859490658832872e-01
2.998739567728118116e-01,6.161193855505943118e-01,-3.967315180257454110e-01,1.777499489335936447e-02,-5.422038831179660789e-01,-2.786343851916846526e-01
2.998540401396014854e-01,6.162124001600756129e-01,-3.965801321802936985e-01,1.781131422549750432e-02,-5.422023820370879266e-01,-2.785828197418161456e-01
2.998341389531136159e-01,6.163054029812528034e-01,-3.964287380923410820e-01,1.784761895181790139e-02,-5.422008838753007431e-01,-2.785312521208307412e-01
2.998142527664129919e-01,6.163983946251173629e-01,-3.962773352727598231e-01,1.788391099080210642e-02,-5.421993897825675424e-01,-2.784796818897180004e-01
2.997943812434991084e-01,6.164913755479431989e-01,-3.961259233624951359e-01,1.792019181094900437e-02,-5.421979005915631422e-01,-2.784281087141537991e-01
2.997745241331242205e-01,6.165843460902207251e-01,-3.959745020972608720e-01,1.795646254150747370e-02,-5.421964169048968385e-01,-2.783765323271551462e-01
2.997546812482349554e-01,6.166773065067667758e-01,-3.958230712804904905e-01,1.799272405400850067e-02,-5.421949391603900770e-01,-2.783249525110485512e-01
2.997348524502510547e-01,6.167702569892418163e-01,-3.956716307636605201e-01,1.802897702361769619e-02,-5.421934676785790108e-01,-2.782733690873460120e-01
2.997150376368734048e-01,6.168631976809069162e-01,-3.955201804361095363e-01,1.806522197587565048e-02,-5.421920026905097112e-01,-2.782217819052190677e-01
2.996952367329436262e-01,6.169561286894419405e-01,-3.953687202140861445e-01,1.810145932134019434e-02,-5.421905443637095035e-01,-2.781701908379243804e-01
2.996754496834028170e-01,6.170490500956987701e-01,-3.952172500343583139e-01,1.813768938172701656e-02,-5.421890928185201242e-01,-2.781185957775232920e-01
2.996556764482772861e-01,6.171419619603166762e-01,-3.950657698492026637e-01,1.817391241078905942e-02,-5.421876481405650816e-01,-2.780669966322585340e-01
2.996359169987075632e-01,6.172348643291313275e-01,-3.949142796218800822e-01,1.821012860902898947e-02,-5.421862103912058473e-01,-2.780153933242443531e-01
2.996161713139718352e-01,6.173277572363597976e-01,-3.947627793250181316e-01,1.824633813582671876e-02,-5.421847796124336094e-01,-2.779637857859793559e-01
2.995964393795208514e-01,6.174206407076358039e-01,-3.946112689379201455e-01,1.828254111880827856e-02,-5.421833558328195135e-01,-2.779121739598734986e-01
2.995767211852143341e-01,6.175135147625105958e-01,-3.944597484443114754e-01,1.831873766004222387e-02,-5.421819390722785181e-01,-2.778605577969791574e-01
2.995570167240642068e-01,6.176063794151536168e-01,-3.943082178329208043e-01,1.835492784183620149e-02,-5.421805293419164062e-01,-2.778089372535108015e-01
2.995373259915102282e-01,6.176992346762738562e-01,-3.941566770950565290e-01,1.839111173098687338e-02,-5.421791266485014305e-01,-2.777573122924345550e-01
2.995176489846816947e-01,6.177920805539444116e-01,-3.940051262241002772e-01,1.842728938170285630e-02,-5.421777309956041790e-01,-2.777056828819331469e-01
2.994979857018998382e-01,6.178849170542258795e-01,-3.938535652150699229e-01,1.846346083800967652e-02,-5.421763423845609164e-01,-2.776540489941581868e-01
2.994783361424718238e-01,6.179777441810158090e-01,-3.937019940654586936e-01,1.849962613685381119e-02,-5.421749608132356846e-01,-2.776024106043602502e-01
2.994587003061066621e-01,6.180705619380484350e-01,-3.935504127719369194e-01,1.853578530730139867e-02,-5.421735862813836793e-01,-2.775507676922616684e-01
2.994390781931421941e-01,6.181633703273606839e-01,-3.933988213334271844e-01,1.857193837449673882e-02,-5.421722187858025732e-01,-2.774991202390479361e-01
2.994194698040520963e-01,6.182561693506223310e-01,-3.932472197489856880e-01,1.860808535858473819e-02,-5.421708583236182211e-01,-2.774474682286611760e-01
2.993998751395712810e-01,6.183489590088542265e-01,-3.930956080183943824e-01,1.864422627665774518e-02,-5.421695048914177972e-01,-2.773958116470237045e-01
2.993802942004934464e-01,6.184417393027110688e-01,-3.929439861418089208e-01,1.868036114270815035e-02,-5.421681584857110936e-01,-2.773441504814607161e-01
2.993607269876426002e-01,6.185345102326720301e-01,-3.927923541194834334e-01,1.871648996818348412e-02,-5.421668191033811590e-01,-2.772924847208802501e-01
2.993411735020369835e-01,6.186272717985815683e-01,-3.926407119526237333e-01,1.875261276335783711e-02,-5.421654867402264655e-01,-2.772408143553914961e-01
2.993216337446050201e-01,6.187200240005227281e-01,-3.924890596418944000e-01,1.878872953639231305e-02,-5.421641613933544379e-01,-2.771891393766058309e-01
2.993021077160927246e-01,6.188127668387435332e-01,-3.923373971876290556e-01,1.882484029312830529e-02,-5.421628430607505766e-01,-2.771374597768518910e-01
2.992825954175836745e-01,6.189055003124502852e-01,-3.921857245919426749e-01,1.886094504028298230e-02,-5.421615317379193666e-01,-2.770857755490933605e-01
2.992630968498747879e-01,6.189982244213535489e-01,-3.920340418560455120e-01,1.889704378216727765e-02,-5.421602274220893580e-01,-2.770340866867179175e-01
2.992436120137335620e-01,6.190909391656591598e-01,-3.918823489801625537e-01,1.893313652197277375e-02,-5.421589301123578286e-01,-2.769823931850823873e-01
2.992241409100442340e-01,6.191836445444302006e-01,-3.917306459666519136e-01,1.896922326345209381e-02,-5.421576398046107359e-01,-2.769306950383929045e-01
2.992046835395666959e-01,6.192763405570361757e-01,-3.915789328173177042e-01,1.900530400922273433e-02,-5.421563564958437054e-01,-2.768789922415469951e-01
2.991852399031977860e-01,6.193690272032739141e-01,-3.914272095330126877e-01,1.904137876160807291e-02,-5.421550801847632162e-01,-2.768272847915419499e-01
2.991658100015010535e-01,6.194617044827088748e-01,-3.912754761152202332e-01,1.907744752155881782e-02,-5.421538108692119939e-01,-2.767755726837256569e-01
2.991463938351914265e-01,6.195543723945232673e-01,-3.911237325660914532e-01,1.911351029062646062e-02,-5.421525485461015093e-01,-2.767238559140749454e-01
2.991269914050423417e-01,6.196470309384094488e-01,-3.909719788867070944e-01,1.914956706984350179e-02,-5.421512932141835384e-01,-2.766721344799796256e-01
2.991076027116525982e-01,6.197396801133963073e-01,-3.908202150795683227e-01,1.918561786003515970e-02,-5.421500448700342645e-01,-2.766204083772025313e-01
2.990882277557669888e-01,6.198323199190559629e-01,-3.906684411460001338e-01,1.922166266188381906e-02,-5.421488035122208338e-01,-2.765686776034570471e-01
2.990688665379929168e-01,6.199249503548448503e-01,-3.905166570876309473e-01,1.925770147554692682e-02,-5.421475691389016083e-01,-2.765169421557966412e-01
2.990495190588933205e-01,6.200175714203898236e-01,-3.903648629057719921e-01,1.929373430071437689e-02,-5.421463417487850656e-01,-2.764652020317197034e-01
2.990301853191677517e-01,6.201101831146640375e-01,-3.902130586029436410e-01,1.932976113802083520e-02,-5.421451213387437074e-01,-2.764134572281305990e-01
2.990108653193715438e-01,6.202027854371546800e-01,-3.900612441807383424e-01,1.936578198712807924e-02,-5.421439079071754819e-01,-2.763617077425514768e-01
2.989915590601919804e-01,6.202953783874874949e-01,-3.899094196403946055e-01,1.940179684794829731e-02,-5.421427014530852961e-01,-2.763099535735681900e-01
2.989722665420730952e-01,6.203879619648171584e-01,-3.897575849842123130e-01,1.943780571982557312e-02,-5.421415019738194951e-01,-2.762581947176548924e-01
2.989529877657278734e-01,6.204805361685681309e-01,-3.896057402138007886e-01,1.947380860276766087e-02,-5.421403094678729495e-01,-2.762064311732523869e-01
2.989337227316645196e-01,6.205731009979869039e-01,-3.894538853312496385e-01,1.950980549620538046e-02,-5.421391239329932388e-01,-2.761546629377002460e-01
2.989144714403766390e-01,6.206656564528303388e-01,-3.893020203376361121e-01,1.954579639905755159e-02,-5.421379453685776229e-01,-2.761028900091340166e-01
2.988952338925908725e-01,6.207582025322617714e-01,-3.891501452350791812e-01,1.958178131146783366e-02,-5.421367737723972180e-01,-2.760511123859342164e-01
2.988760100887308258e-01,6.208507392357667243e-01,-3.889982600252397393e-01,1.961776023230350080e-02,-5.421356091429554436e-01,-2.759993300655655957e-01
2.988568000294408167e-01,6.209432665625663761e-01,-3.888463647101581544e-01,1.965373316128982834e-02,-5.421344514781842872e-01,-2.759475430460036627e-01
2.988376037152998821e-01,6.210357845116518671e-01,-3.886944592923762265e-01,1.968970009812613664e-02,-5.421333007752157096e-01,-2.758957513247028426e-01
2.988184211468392637e-01,6.211282930828790905e-01,-3.885425437727588749e-01,1.972566104165560108e-02,-5.421321570338715201e-01,-2.758439549006055924e-01
2.987992523245505683e-01,6.212207922753494316e-01,-3.883906181536779800e-01,1.976161599115050516e-02,-5.421310202515954302e-01,-2.757921537709615012e-01
2.987800972489632056e-01,6.213132820886498875e-01,-3.882386824365363087e-01,1.979756494564810163e-02,-5.421298904273564867e-01,-2.757403479343514263e-01
2.987609559206974574e-01,6.214057625221686143e-01,-3.880867366230525972e-01,1.983350790460713942e-02,-5.421287675596940803e-01,-2.756885373890112234e-01
2.987418283402753505e-01,6.214982335751093601e-01,-3.879347807153833982e-01,1.986944486727938025e-02,-5.421276516463869877e-01,-2.756367221327724604e-01
2.987227145082274049e-01,6.215906952468780444e-01,-3.877828147152786453e-01,1.990537583280388434e-02,-5.421265426859124270e-01,-2.755849021637320484e-01
2.987036144250662661e-01,6.216831475369146709e-01,-3.876308386244262660e-01,1.994130080021228393e-02,-5.421254406768497569e-01,-2.755330774799525373e-01
2.986845280914007250e-01,6.217755904442469062e-01,-3.874788524452751903e-01,1.997721976916702266e-02,-5.421243456165522057e-01,-2.754812480792772078e-01
2.986654555076438955e-01,6.218680239687747191e-01,-3.873268561786805675e-01,2.001313273803495205e-02,-5.421232575049281799e-01,-2.754294139605050762e-01
2.986463966744259402e-01,6.219604481095886150e-01,-3.871748498269431682e-01,2.004903970645813618e-02,-5.421221763396023574e-01,-2.753775751215226664e-01
2.986273515922399091e-01,6.220528628659051096e-01,-3.870228333922091646e-01,2.008494067356966437e-02,-5.421211021184266787e-01,-2.753257315600233235e-01
2.986083202616864885e-01,6.221452682374183363e-01,-3.868708068756204210e-01,2.012083563850157811e-02,-5.421200348408861114e-01,-2.752738832751410181e-01
2.985893026832369124e-01,6.222376642230474930e-01,-3.867187702799127491e-01,2.015672460048139464e-02,-5.421189745038971219e-01,-2.752220302638170302e-01
2.985702988574360783e-01,6.223300508222580074e-01,-3.865667236067195645e-01,2.019260755862976528e-02,-5.421179211061465386e-01,-2.751701725246408214e-01
2.985513087848550851e-01,6.224224280346213334e-01,-3.864146668574312549e-01,2.022848451205117026e-02,-5.421168746467429633e-01,-2.751183100561874206e-01
2.985323324659873157e-01,6.225147958592548436e-01,-3.862626000343896138e-01,2.026435545990281153e-02,-5.421158351232334693e-01,-2.750664428561003794e-01
2.985133699013245434e-01,6.226071542958014904e-01,-3.861105231389020398e-01,2.030022040097354680e-02,-5.421148025348525579e-01,-2.750145709229146473e-01
2.984944210915074225e-01,6.226995033428565085e-01,-3.859584361742413594e-01,2.033607933532858084e-02,-5.421137768776855825e-01,-2.749626942537030660e-01
2.984754860369397966e-01,6.227918430008491102e-01,-3.858063391402327680e-01,2.037193226084707542e-02,-5.421127581533125017e-01,-2.749108128485253100e-01
2.984565647382469433e-01,6.228841732682541821e-01,-3.856542320403869017e-01,2.040777917763107047e-02,-5.421117463574700590e-01,-2.748589267039120432e-01
2.984376571958952673e-01,6.229764941447676341e-01,-3.855021148759285032e-01,2.044362008433571465e-02,-5.421107414895136589e-01,-2.748070358185973339e-01
2.984187634105290865e-01,6.230688056297511990e-01,-3.853499876486215503e-01,2.047945498044439691e-02,-5.421097435479638182e-01,-2.747551401912646796e-01
2.983998833826222996e-01,6.231611077225304163e-01,-3.851978503604074899e-01,2.051528386493454634e-02,-5.421087525310455124e-01,-2.747032398197147285e-01
2.983810171126485833e-01,6.232534004224482560e-01,-3.850457030131950731e-01,2.055110673670073815e-02,-5.421077684370270156e-01,-2.746513347019426399e-01
2.983621646011624939e-01,6.233456837288531283e-01,-3.848935456088363183e-01,2.058692359498132812e-02,-5.421067912642952846e-01,-2.745994248362970125e-01
2.983433258486890005e-01,6.234379576406975376e-01,-3.847413781499705032e-01,2.062273443913546778e-02,-5.421058210099576335e-01,-2.745475102200893303e-01
2.983245008557646738e-01,6.235302221580130144e-01,-3.845892006371174898e-01,2.065853926782962313e-02,-5.421048576745316483e-01,-2.744955908529312372e-01
2.983056896229270838e-01,6.236224772795782023e-01,-3.844370130732597812e-01,2.069433808064677013e-02,-5.421039012545886271e-01,-2.744436667319569145e-01
2.982868921507275672e-01,6.237147230048603053e-01,-3.842848154600095323e-01,2.073013087666261689e-02,-5.421029517489046601e-01,-2.743917378556561815e-01
2.982681084395550353e-01,6.238069593333208651e-01,-3.841326077990928622e-01,2.076591765440597565e-02,-5.421020091560357912e-01,-2.743398042218608279e-01
2.982493384900942179e-01,6.238991862643357145e-01,-3.839803900922308943e-01,2.080169841355804933e-02,-5.421010734746097848e-01,-2.742878658295165306e-01
2.982305823027540104e-01,6.239914037968549154e-01,-3.838281623421373467e-01,2.083747315305068543e-02,-5.421001447016134955e-01,-2.742359226755094470e-01
2.982118398782114266e-01,6.240836119305394059e-01,-3.836759245499844484e-01,2.087324187237229664e-02,-5.420992228365529852e-01,-2.741839747593938781e-01
2.981931112168825782e-01,6.241758106647868898e-01,-3.835236767176043449e-01,2.090900457018395747e-02,-5.420983078778432995e-01,-2.741320220789368323e-01
2.981743963193206337e-01,6.242679999991812556e-01,-3.833714188463824279e-01,2.094476124549951579e-02,-5.420973998246365610e-01,-2.740800646328720447e-01
2.981556951860417914e-01,6.243601799323518220e-01,-3.832191509395928564e-01,2.098051189788905507e-02,-5.420964986730568702e-01,-2.740281024177928515e-01
2.981370078175609173e-01,6.244523504638057609e-01,-3.830668729988143673e-01,2.101625652632190672e-02,-5.420956044219122916e-01,-2.739761354325138121e-01
2.981183342144456683e-01,6.245445115929643132e-01,-3.829145850257429928e-01,2.105199513003380707e-02,-5.420947170698769968e-01,-2.739241636754086162e-01
2.980996743771859858e-01,6.246366633194234685e-01,-3.827622870217806117e-01,2.108772770778153186e-02,-5.420938366160670263e-01,-2.738721871450894296e-01
2.980810283062579891e-01,6.247288056422045655e-01,-3.826099789894643610e-01,2.112345425875512481e-02,-5.420929630577908664e-01,-2.738202058388339855e-01
2.980623960022298347e-01,6.248209385607127464e-01,-3.824576609305246344e-01,2.115917478215020853e-02,-5.420920963936607384e-01,-2.737682197551547514e-01
2.980437774656313210e-01,6.249130620744801634e-01,-3.823053328464773859e-01,2.119488927700487538e-02,-5.420912366226139367e-01,-2.737162288928201570e-01
2.980251726970219450e-01,6.250051761822319474e-01,-3.821529947403750072e-01,2.123059774292370555e-02,-5.420903837411501502e-01,-2.736642332487216334e-01
2.980065816968603953e-01,6.250972808840656869e-01,-3.820006466126696365e-01,2.126630017829964775e-02,-5.420895377499198586e-01,-2.736122328224111500e-01
2.979880044656789684e-01,6.251893761789157899e-01,-3.818482884660381882e-01,2.130199658257064810e-02,-5.420886986460201618e-01,-2.735602276113306419e-01
2.979694410040025776e-01,6.252814620661941714e-01,-3.816959203022213809e-01,2.133768695475004445e-02,-5.420878664280481818e-01,-2.735082176138654009e-01
2.979508913124220837e-01,6.253735385451448803e-01,-3.815435421232526436e-01,2.137337129429046911e-02,-5.420870410941477369e-01,-2.734562028281918855e-01
2.979323553913674205e-01,6.254656056151388643e-01,-3.813911539310160803e-01,2.140904959992111570e-02,-5.420862226426695907e-01,-2.734041832523291249e-01
2.979138332414124624e-01,6.255576632753397925e-01,-3.812387557277156502e-01,2.144472187107712008e-02,-5.420854110714826701e-01,-2.733521588843047523e-01
2.988017540252775328e-01,6.279293915628809675e-01,-3.754439241598746535e-01,2.308182213806927313e-02,-5.541773325051204679e-01,-2.660453203035951231e-01
2.987805523717824707e-01,6.280232781929621089e-01,-3.752884347334515813e-01,2.309335526341567413e-02,-5.541971223514774447e-01,-2.660126849864788978e-01
2.987595784030209201e-01,6.281161971418380841e-01,-3.751347968913794628e-01,2.310705891656762365e-02,-5.542112977353023107e-01,-2.659797613681527118e-01
2.987389719812234556e-01,6.282085471079699168e-01,-3.749820388964711926e-01,2.312302369772301081e-02,-5.542219699258190690e-01,-2.659453702215340276e-01
2.987187568476231680e-01,6.283005502959480015e-01,-3.748296756861120849e-01,2.314116948463383963e-02,-5.542303075062561257e-01,-2.659091091877091029e-01
2.986989084726085486e-01,6.283923350119458018e-01,-3.746774653684797896e-01,2.316133965329776612e-02,-5.542369902314219221e-01,-2.658709347516207688e-01
2.986793855857755586e-01,6.284839781568897221e-01,-3.745252881293835712e-01,2.318334877395166957e-02,-5.542424377031132110e-01,-2.658309594036892265e-01
2.986601442332913470e-01,6.285755275006150722e-01,-3.743730857883687535e-01,2.320700664445198708e-02,-5.542469259589598574e-01,-2.657893544589196577e-01
2.986411435544423232e-01,6.286670136526469888e-01,-3.742208314687378023e-01,2.323213016728495686e-02,-5.542506479671166497e-01,-2.657463045806491286e-01
2.986223477300828932e-01,6.287584567064647967e-01,-3.740685142601653523e-01,2.325854890211225337e-02,-5.542537458390313088e-01,-2.657019874717685415e-01
2.986037262404373505e-01,6.288498700634538308e-01,-3.739161313964973199e-01,2.328610730185770583e-02,-5.542563285856957345e-01,-2.656565656804443232e-01
2.985852534410724513e-01,6.289412627282636725e-01,-3.737636842147759597e-01,2.331466519775184446e-02,-5.542584823705427599e-01,-2.656101841431557364e-01
2.985669079187054931e-01,6.290326407437953904e-01,-3.736111760408548088e-01,2.334409736374264133e-02,-5.542602767572788469e-01,-2.655629703392775598e-01
2.985486718300223719e-01,6.291240081212257085e-01,-3.734586110709104401e-01,2.337429261882200196e-02,-5.542617687419815198e-01,-2.655150355501189052e-01
2.985305303018774281e-01,6.292153674645013517e-01,-3.733059937706129650e-01,2.340515271234977490e-02,-5.542630055133224154e-01,-2.654664765058374343e-01
2.985124709169778567e-01,6.293067203986212332e-01,-3.731533285543908729e-01,2.343659113646447828e-02,-5.542640264333903444e-01,-2.654173770849532765e-01
2.984944832848814289e-01,6.293980678682039587e-01,-3.730006196183570100e-01,2.346853194539632800e-02,-5.542648645169629962e-01,-2.653678099178828353e-01
2.984765586891414135e-01,6.294894103496698756e-01,-3.728478708557162458e-01,2.350090862539760267e-02,-5.542655475760055461e-01,-2.653178378459848386e-01
2.984586897980315845e-01,6.295807480008334123e-01,-3.726950858239483910e-01,2.353366303775403581e-02,-5.542660991176372454e-01,-2.652675152108130985e-01
2.984408704288813441e-01,6.296720807692957056e-01,-3.725422677355779144e-01,2.356674444835769530e-02,-5.542665390705882045e-01,-2.652168889930353046e-01
2.984230953555015997e-01,6.297634084669853083e-01,-3.723894194705010818e-01,2.360010864827863375e-02,-5.542668843667729606e-01,-2.651659997999405438e-01
2.984053601498808383e-01,6.298547308239892395e-01,-3.722365435944591794e-01,2.363371715917099089e-02,-5.542671494211579564e-01,-2.651148827242077455e-01
2.983876610527828044e-01,6.299460475268436888e-01,-3.720836423805583548e-01,2.366753652527847987e-02,-5.542673465301612978e-01,-2.650635680932610372e-01
2.983699948664576551e-01,6.300373582437341913e-01,-3.719307178357758592e-01,2.370153768252801843e-02,-5.542674861976497613e-01,-2.650120821120188763e-01
2.983523588663489767e-01,6.301286626417539338e-01,-3.717777717265587922e-01,2.373569540182847784e-02,-5.542675774081778917e-01,-2.649604474229910744e-01
2.983347507275359023e-01,6.302199603990715771e-01,-3.716248056019810231e-01,2.376998779679614579e-02,-5.542676278583539284e-01,-2.649086835914378768e-01
2.983171684632557330e-01,6.303112512100451648e-01,-3.714718208209395467e-01,2.380439589196255493e-02,-5.542676441428826539e-01,-2.648568075184893900e-01
2.982996103738481675e-01,6.304025347919962607e-01,-3.713188185683999887e-01,2.383890324259110849e-02,-5.542676319251409467e-01,-2.648048338096751220e-01
2.982820750036418445e-01,6.304938108845941080e-01,-3.711657998801925484e-01,2.387349560442367929e-02,-5.542675960661643808e-01,-2.647527750812825875e-01
2.982645611047601286e-01,6.305850792518581382e-01,-3.710127656580345934e-01,2.390816064268821289e-02,-5.542675407451804759e-01,-2.647006422338005205e-01
2.982470676065817061e-01,6.306763396802719246e-01,-3.708597166884482488e-01,2.394288768047830168e-02,-5.542674695536261575e-01,-2.646484446827345183e-01
2.974065764034673487e-01,6.325970939293714679e-01,-3.672077840153237793e-01,1.520237086057491145e-02,-5.674755288816109022e-01,-2.688963861319216275e-01
2.973919425942425088e-01,6.326916854713362515e-01,-3.670487224451755570e-01,1.527129706744212792e-02,-5.674719406258468268e-01,-2.688105868834876899e-01
2.973764338925832806e-01,6.327854767036842354e-01,-3.668918728676588414e-01,1.533509754081216481e-02,-5.674661808767936799e-01,-2.687316657192611591e-01
2.973603660608564736e-01,6.328788056315943766e-01,-3.667362507196315624e-01,1.539473991841767281e-02,-5.674597930869526019e-01,-2.686574937660500817e-01
2.973439114369181291e-01,6.329718511060981045e-01,-3.665813467723231800e-01,1.545093190131202610e-02,-5.674534886603272987e-01,-2.685868319445604002e-01
2.973271696336324821e-01,6.330647107524367545e-01,-3.664268911185509237e-01,1.550421917648244809e-02,-5.674475718653544387e-01,-2.685189078698301812e-01
2.973102026911896290e-01,6.331574401320012591e-01,-3.662727353949818965e-01,1.555503902181454984e-02,-5.674421503833221303e-01,-2.684532023008451285e-01
2.972930526156977726e-01,6.332500725554609522e-01,-3.661187938301978528e-01,1.560375110519694915e-02,-5.674372393783179147e-01,-2.683893401678827950e-01
2.972757501907967725e-01,6.333426292047109607e-01,-3.659650135974729657e-01,1.565065630011603509e-02,-5.674328126785306292e-01,-2.683270339411988337e-01
2.972583194633627302e-01,6.334351243813099996e-01,-3.658113597855128241e-01,1.569600899986993078e-02,-5.674288277156473992e-01,-2.682660533390483493e-01
2.972407800820555113e-01,6.335275682857278712e-01,-3.656578076840242275e-01,1.574002574548284336e-02,-5.674252374591931547e-01,-2.682062084103306598e-01
2.972231485663756612e-01,6.336199685345058619e-01,-3.655043387427787671e-01,1.578289163996519223e-02,-5.674219959306322503e-01,-2.681473395186620423e-01
2.972054390391903334e-01,6.337123310175643010e-01,-3.653509383980233505e-01,1.582476534647552294e-02,-5.674190605534134013e-01,-2.680893109635091309e-01
2.971876636849926090e-01,6.338046604115592508e-01,-3.651975948437379826e-01,1.586578310874243308e-02,-5.674163929856380628e-01,-2.680320066110480903e-01
2.971698330647472575e-01,6.338969604990872808e-01,-3.650442983065468328e-01,1.590606206488161256e-02,-5.674139592173398361e-01,-2.679753266754861252e-01
2.971519563514465889e-01,6.339892343802014940e-01,-3.648910405857378469e-01,1.594570301736858778e-02,-5.674117293426007569e-01,-2.679191852197158052e-01
2.971340415171356830e-01,6.340814846223953305e-01,-3.647378147367283940e-01,1.598479276480786054e-02,-5.674096772076611117e-01,-2.678635081360728476e-01
2.971160954902594686e-01,6.341737133650868774e-01,-3.645846148505265116e-01,1.602340608894906385e-02,-5.674077800075730815e-01,-2.678082314661212604e-01
2.970981242895048835e-01,6.342659224034128407e-01,-3.644314358765968764e-01,1.606160744210557295e-02,-5.674060179070355980e-01,-2.677532999904363997e-01
2.970801331401370371e-01,6.343581132489962693e-01,-3.642782734905831710e-01,1.609945239266695124e-02,-5.674043736741177790e-01,-2.676986660187777867e-01
2.970621265761337892e-01,6.344502871798691768e-01,-3.641251239826678865e-01,1.613698886346615069e-02,-5.674028323557286368e-01,-2.676442883597924816e-01
2.970441085289132754e-01,6.345424452807930660e-01,-3.639719841650373988e-01,1.617425819145533114e-02,-5.674013809883576842e-01,-2.675901314329714453e-01
2.970260824058493787e-01,6.346345884739045262e-01,-3.638188512977952316e-01,1.621129604135658486e-02,-5.674000083371382175e-01,-2.675361645017958478e-01
2.970080511584617944e-01,6.347267175452654397e-01,-3.636657230238378724e-01,1.624813318833778775e-02,-5.673987046708162119e-01,-2.674823610139845376e-01
2.969900173424914747e-01,6.348188331659315731e-01,-3.635125973147949052e-01,1.628479619305884391e-02,-5.673974615629673313e-01,-2.674286980313287931e-01
2.969719831698884871e-01,6.349109359101596795e-01,-3.633594724238384810e-01,1.632130798068980385e-02,-5.673962717202384320e-01,-2.673751557381556232e-01
2.969539505545111813e-01,6.350030262708418194e-01,-3.632063468446085075e-01,1.635768834048294956e-02,-5.673951288340068899e-01,-2.673217170180561819e-01
2.969359211516262587e-01,6.350951046702745240e-01,-3.630532192803735958e-01,1.639395435649939822e-02,-5.673940274444730925e-01,-2.672683670822537660e-01
2.969178963927107673e-01,6.351871714716019746e-01,-3.629000886126977909e-01,1.643012077874353091e-02,-5.673929628303816530e-01,-2.672150931564361009e-01
2.968998775153862124e-01,6.352792269866187613e-01,-3.627469538783070768e-01,1.646620034327445428e-02,-5.673919309072953387e-01,-2.671618842046366016e-01
2.968818655893245007e-01,6.353712714845677345e-01,-3.625938142449734447e-01,1.650220404639826666e-02,-5.673909281461230192e-01,-2.671087306944049389e-01
2.959817162010807134e-01,6.373379631979436688e-01,-3.589214196011107916e-01,7.764192209757670056e-03,-5.805850903150752140e-01,-2.713686373084754355e-01
2.959665799174455714e-01,6.374333047674004549e-01,-3.587623560661249988e-01,7.833545703552248496e-03,-5.805808257798212857e-01,-2.712827146746703555e-01
2.959505730873165374e-01,6.375278328589070176e-01,-3.586055031233297830e-01,7.897765139658074335e-03,-5.805744081129710077e-01,-2.712036454625501580e-01
2.959340016209758284e-01,6.376218916777685042e-01,-3.584498820604902769e-01,7.957819934994348962e-03,-5.805673632276201479e-01,-2.711293213558890192e-01
2.959170347785402555e-01,6.377156640399859189e-01,-3.582949833690143859e-01,8.014419966580367885e-03,-5.805603992987877771e-01,-2.710585081086435144e-01
2.958997718372177732e-01,6.378092498908729535e-01,-3.581405354902238436e-01,8.068112655659355481e-03,-5.805538215041060601e-01,-2.709904332553590423e-01
2.958822755101995772e-01,6.379027060434343532e-01,-3.579863885475161878e-01,8.119336468941112939e-03,-5.805477390515677572e-01,-2.709245764462454575e-01
2.958645887656904949e-01,6.379960664123917047e-01,-3.578324557287721475e-01,8.168451828388297378e-03,-5.805421682447723386e-01,-2.708605616647818404e-01
2.958467433571467242e-01,6.380893524163555597e-01,-3.576786835882901361e-01,8.215760060456026373e-03,-5.805370835487653203e-01,-2.707981008319909622e-01
2.958287642114506566e-01,6.381825783949824915e-01,-3.575250368943711510e-01,8.261515818250105350e-03,-5.805324426442663999e-01,-2.707369634501656241e-01
2.958106717440629474e-01,6.382757544877364353e-01,-3.573714908017893710e-01,8.305935783788067836e-03,-5.805281985079128182e-01,-2.706769595712659737e-01
2.957924831320267178e-01,6.383688882061896441e-01,-3.572180267318995073e-01,8.349205129885199986e-03,-5.805243050366929447e-01,-2.706179296820210856e-01
2.957742130594860908e-01,6.384619853224083874e-01,-3.570646301457982563e-01,8.391482548659753501e-03,-5.805207194745564125e-01,-2.705597382653103788e-01
2.957558741895559007e-01,6.385550503949407597e-01,-3.569112892905740297e-01,8.432904290232514852e-03,-5.805174032795848982e-01,-2.705022693845219317e-01
2.957374774919560578e-01,6.386480870971931179e-01,-3.567579944534399750e-01,8.473587486485802470e-03,-5.805143222502585632e-01,-2.704454234489157005e-01
2.957190324888140931e-01,6.387410984324540797e-01,-3.566047374919085744e-01,8.513632924687276546e-03,-5.805114463097361677e-01,-2.703891147033996023e-01
2.957005474516061216e-01,6.388340868804360806e-01,-3.564515115201813411e-01,8.553127387995405548e-03,-5.805087491465998895e-01,-2.703332692001493842e-01
2.956820295653574959e-01,6.389270545056707773e-01,-3.562983106788742416e-01,8.592145639633367790e-03,-5.805062078243642398e-01,-2.702778231246606988e-01
2.956634850690983418e-01,6.390200030378588858e-01,-3.561451299620140287e-01,8.630752113889738134e-03,-5.805038023938525749e-01,-2.702227213817310347e-01
2.956449193773521555e-01,6.391129339324962411e-01,-3.559919650832460980e-01,8.669002361075272417e-03,-5.805015155274502181e-01,-2.701679163899740610e-01
2.956263371867109968e-01,6.392058484194440560e-01,-3.558388123651962665e-01,8.706944286317337342e-03,-5.804993321916164239e-01,-2.701133670519759167e-01
2.956077425688814486e-01,6.392987475406624043e-01,-3.556856686502382070e-01,8.744619212148396423e-03,-5.804972393512826123e-01,-2.700590378674042058e-01
2.955891390518202155e-01,6.393916321820490856e-01,-3.555325312233159063e-01,8.782062788828022201e-03,-5.804952257128038751e-01,-2.700048981696137607e-01
2.955705296908482937e-01,6.394845030987484913e-01,-3.553793977481192745e-01,8.819305777911885455e-03,-5.804932814960511722e-01,-2.699509214674067903e-01
2.955519171311467574e-01,6.395773609350089428e-01,-3.552262662144522465e-01,8.856374727794652860e-03,-5.804913982327726263e-01,-2.698970848752395013e-01
2.955333036617788234e-01,6.396702062424932667e-01,-3.550731348900970641e-01,8.893292552242320140e-03,-5.804895685957984774e-01,-2.698433686242191487e-01
2.955146912628479616e-01,6.397630394940196918e-01,-3.549200022825297340e-01,8.930079029859814763e-03,-5.804877862458347471e-01,-2.697897556361572580e-01
2.954960816470170726e-01,6.398558610945398462e-01,-3.547668671068164858e-01,8.966751235994864511e-03,-5.804860456972483762e-01,-2.697362311569457827e-01
2.954774762952150358e-01,6.399486713922442060e-01,-3.546137282546920622e-01,9.003323912629111747e-03,-5.804843422068124426e-01,-2.696827824423033704e-01
2.954588764874567230e-01,6.400414706866344172e-01,-3.544605847706119306e-01,9.039809787338981550e-03,-5.804826716730394631e-01,-2.696293984823646128e-01
2.954402833301866260e-01,6.401342592352297078e-01,-3.543074358310388527e-01,9.076219850267351272e-03,-5.804810305491587830e-01,-2.695760697662385463e-01
2.944813523787951914e-01,6.421462041397251186e-01,-3.506158863280516291e-01,3.375983962787690654e-04,-5.936632176417389051e-01,-2.738543956554572723e-01
2.944657345072158594e-01,6.422422773632762150e-01,-3.504568329549651584e-01,4.073932734518733215e-04,-5.936582846540512381e-01,-2.737683612951128942e-01
2.944492496614148913e-01,6.423375242268847263e-01,-3.502999894318208352e-01,4.720428743649986354e-04,-5.936512165581645517e-01,-2.736891567502166556e-01
2.944321944666776214e-01,6.424322949990397547e-01,-3.501443824583583275e-01,5.325196002459941461e-04,-5.936435225836791396e-01,-2.736146936347065295e-01
2.944147352762269132e-01,6.425267763894851880e-01,-3.499895021717429611e-01,5.895361082177827047e-04,-5.936359077344215418e-01,-2.735437425058050431e-01
2.943969710707842746e-01,6.426210706304972264e-01,-3.498350753688647119e-01,6.436418811970605509e-04,-5.936286779709490924e-01,-2.734755308760853931e-01
2.943789652381000876e-01,6.427152357723883158e-01,-3.496809506699266046e-01,6.952767682689127773e-04,-5.936219438975760543e-01,-2.734095373102859439e-01
2.943607617035992607e-01,6.428093063302442456e-01,-3.495270402155832290e-01,7.448020701679414733e-04,-5.936157228693129673e-01,-2.733453848308564638e-01
2.943423931868455745e-01,6.429033039565499319e-01,-3.493732899298727101e-01,7.925196541796375362e-04,-5.936099899246155553e-01,-2.732827847652818942e-01
2.943238854933306059e-01,6.429972430276521544e-01,-3.492196642440452137e-01,8.386844985008173620e-04,-5.936047029531602570e-01,-2.732215063468866334e-01
2.943052598055312941e-01,6.430911336203881667e-01,-3.490661381610171143e-01,8.835134775733269634e-04,-5.935998149110757183e-01,-2.731613595766566593e-01
2.942865339591511087e-01,6.431849831399184536e-01,-3.489126930572963858e-01,9.271918761393775806e-04,-5.935952795519671144e-01,-2.731021850172011267e-01
2.942677232005965204e-01,6.432787972381827091e-01,-3.487593144058381833e-01,9.698784493358158154e-04,-5.935910539234786620e-01,-2.730438472899403002e-01
2.942488406724433903e-01,6.433725803548672184e-01,-3.486059904930098874e-01,1.011709481262933110e-03,-5.935870992744097796e-01,-2.729862306201349398e-01
2.942298977538265747e-01,6.434663360524218723e-01,-3.484527116567112670e-01,1.052802121133625084e-03,-5.935833812011387378e-01,-2.729292355805446602e-01
2.942109043166672988e-01,6.435600672339445438e-01,-3.482994698077099827e-01,1.093257162813944224e-03,-5.935798694417986354e-01,-2.728727765687266049e-01
2.941918689317922775e-01,6.436537762928846718e-01,-3.481462581065710715e-01,1.133161388203317733e-03,-5.935765375283414969e-01,-2.728167797796874350e-01
2.941727990409602200e-01,6.437474652166341738e-01,-3.479930707394571776e-01,1.172589556997664061e-03,-5.935733623836195738e-01,-2.727611815219070923e-01
2.941537011031706284e-01,6.438411356693475307e-01,-3.478399027383346498e-01,1.211606095733561757e-03,-5.935703239417199351e-01,-2.727059268104806700e-01
2.941345807223766373e-01,6.439347890486463166e-01,-3.476867498519874422e-01,1.250266548224336464e-03,-5.935674047727923508e-01,-2.726509681590769674e-01
2.941154427577831187e-01,6.440284265349102144e-01,-3.475336084327738662e-01,1.288618811301903318e-03,-5.935645897577449537e-01,-2.725962645535542350e-01
2.940962914208384849e-01,6.441220491282358962e-01,-3.473804753472671258e-01,1.326704197998997787e-03,-5.935618657914156771e-01,-2.725417805667360582e-01
2.940771303596958486e-01,6.442156576773092613e-01,-3.472273479034626020e-01,1.364558349703930834e-03,-5.935592215174599895e-01,-2.724874855932380990e-01
2.940579627333042012e-01,6.443092529066442031e-01,-3.470742237820633180e-01,1.402212019094084940e-03,-5.935566471071704875e-01,-2.724333531985390078e-01
2.940387912759968581e-01,6.444028354331851061e-01,-3.469211009892750885e-01,1.439691746173111034e-03,-5.935541340484890016e-01,-2.723793605442582644e-01
2.940196183534667940e-01,6.444964057850587347e-01,-3.467679778070975605e-01,1.477020436217316287e-03,-5.935516749769573774e-01,-2.723254879018187080e-01
2.940004460120664853e-01,6.445899644146961815e-01,-3.466148527552997405e-01,1.514217860669569678e-03,-5.935492635216584878e-01,-2.722717182290879112e-01
2.939812760215573806e-01,6.446835117099546375e-01,-3.464617245585949745e-01,1.551301087867297144e-03,-5.935468941716256497e-01,-2.722180368044851972e-01
2.939621099118010505e-01,6.447770480040627694e-01,-3.463085921176102810e-01,1.588284852447334645e-03,-5.935445621612209788e-01,-2.721644309104084836e-01
2.939429490053110383e-01,6.448705735833896169e-01,-3.461554544846907611e-01,1.625181876340786678e-03,-5.935422633696364469e-01,-2.721108895610934719e-01
2.939237944449744622e-01,6.449640886948897478e-01,-3.460023108417588644e-01,1.662003143319404526e-03,-5.935399942357570957e-01,-2.720574032676805198e-01
2.929075259172258527e-01,6.470207867942421309e-01,-3.422924116989943255e-01,-7.074826143390044834e-03,-6.067103638905808616e-01,-2.763556481611504356e-01
2.928914459968730566e-01,6.471175734069027907e-01,-3.421333811616366627e-01,-7.004589403574866535e-03,-6.067047746356192262e-01,-2.762695250608471764e-01
2.928745020825911372e-01,6.472135210774643266e-01,-3.419765602877610222e-01,-6.939510182329180696e-03,-6.066970673502978251e-01,-2.761902077074451234e-01
2.928569820490460329e-01,6.473089860194696232e-01,-3.418209807472549766e-01,-6.878612184204228354e-03,-6.066887355201162624e-01,-2.761156272039818060e-01
2.928390494979860037e-01,6.474041587651786500e-01,-3.416661322547513979e-01,-6.821179590868019574e-03,-6.066804811118819973e-01,-2.760445590421681805e-01
2.928208031387272148e-01,6.474991437990618159e-01,-3.415117399753284655e-01,-6.766660719852911517e-03,-6.066726108139893769e-01,-2.759762309232441369e-01
2.928023070222318114e-01,6.475940003902957987e-01,-3.413576510459248037e-01,-6.714614304673952559e-03,-6.066652365519804579e-01,-2.759101204881492797e-01
2.927836060133713336e-01,6.476887636441450713e-01,-3.412037765689773794e-01,-6.664678176711367162e-03,-6.066583766810974554e-01,-2.758458499012145793e-01
2.927647337821576157e-01,6.477834554416878055e-01,-3.410500618350089108e-01,-6.616549958697847018e-03,-6.066520067904781488e-01,-2.757831299593462293e-01
2.927457170005638987e-01,6.478780901921135094e-01,-3.408964709295817519e-01,-6.569974383972230873e-03,-6.066460849720968218e-01,-2.757217296661654826e-01
2.927265776086082072e-01,6.479726779058677666e-01,-3.407429786941312266e-01,-6.524734423085468485e-03,-6.066405641622576450e-01,-2.756614589958117367e-01
2.927073340932778711e-01,6.480672258782680384e-01,-3.405895664504837717e-01,-6.480644714149774721e-03,-6.066353979762433291e-01,-2.756021586048164607e-01
2.926880022571102802e-01,6.481617396368425377e-01,-3.404362196766341775e-01,-6.437546470145794411e-03,-6.066305432687028043e-01,-2.755436932655755400e-01
2.926685957170760410e-01,6.482562234992509387e-01,-3.402829266908701245e-01,-6.395303400825777702e-03,-6.066259610852633433e-01,-2.754859473790720603e-01
2.926491262565736329e-01,6.483506809152945749e-01,-3.401296778737951665e-01,-6.353798367035760203e-03,-6.066216168288866006e-01,-2.754288216933924449e-01
2.926296040932808706e-01,6.484451146859107062e-01,-3.399764651831989615e-01,-6.312930590642105988e-03,-6.066174800597523564e-01,-2.753722307706714112e-01
2.926100380939006262e-01,6.485395271143213902e-01,-3.398232818249732889e-01,-6.272613308906594548e-03,-6.066135241529148070e-01,-2.753161009560207706e-01
2.925904359532139343e-01,6.486339201108407559e-01,-3.396701220237795527e-01,-6.232771785315189411e-03,-6.066097259002705133e-01,-2.752603686932988403e-01
2.925708043475402920e-01,6.487282952709305661e-01,-3.395169808491789176e-01,-6.193341614407517695e-03,-6.066060651190087194e-01,-2.752049791140251944e-01
2.925511490671991455e-01,6.488226539339929655e-01,-3.393638540808046056e-01,-6.154267274346235557e-03,-6.066025242832472353e-01,-2.751498848359649196e-01
2.925314751314992967e-01,6.489169972302402112e-01,-3.392107380977015252e-01,-6.115500889258750246e-03,-6.065990881929423928e-01,-2.750950449357235650e-01
2.925117868893885587e-01,6.490113261167661518e-01,-3.390576297891431112e-01,-6.077001166377514474e-03,-6.065957436752369425e-01,-2.750404240652217780e-01
2.924920881074371537e-01,6.491056414051373791e-01,-3.389045264827273973e-01,-6.038732482664630266e-03,-6.065924793166973528e-01,-2.749859916885912248e-01
2.924723820464720236e-01,6.491999437868410938e-01,-3.387514258780328080e-01,-6.000664102014421387e-03,-6.065892852373945265e-01,-2.749317214296170264e-01
2.924526715282163569e-01,6.492942338519378520e-01,-3.385983259947141222e-01,-5.962769501655822493e-03,-6.065861528863559782e-01,-2.748775905032573297e-01
2.924329589938706175e-01,6.493885121043153630e-01,-3.384452251282176749e-01,-5.925025790530781891e-03,-6.065830748635060443e-01,-2.748235792260810828e-01
2.924132465548663906e-01,6.494827789760782011e-01,-3.382921218087858728e-01,-5.887413210457517927e-03,-6.065800447695526287e-01,-2.747696705969467912e-01
2.923935360368237202e-01,6.495770348375279335e-01,-3.381390147703210447e-01,-5.849914705928003014e-03,-6.065770570693318486e-01,-2.747158499291359468e-01
2.923738290178783950e-01,6.496712800062450777e-01,-3.379859029222395117e-01,-5.812515553227526159e-03,-6.065741069754074788e-01,-2.746621045352436452e-01
2.923541268619997413e-01,6.497655147557640509e-01,-3.378327853232931943e-01,-5.775203041240676259e-03,-6.065711903503336888e-01,-2.746084234568217930e-01
2.923344307479102122e-01,6.498597393213441098e-01,-3.376796611620425659e-01,-5.737966195219421084e-03,-6.065683036172428988e-01,-2.745547972278800097e-01
2.912623027043980128e-01,6.519607117796065721e-01,-3.339521744785393653e-01,-1.447072333607294509e-02,-6.197270187372129202e-01,-2.788744059279388843e-01
2.912457802231330217e-01,6.520581939102093605e-01,-3.337931790070968741e-01,-1.440004451760368981e-02,-6.197207854330595289e-01,-2.787882168239060876e-01
2.912283961372133523e-01,6.521548247898737438e-01,-3.336363936027844090e-01,-1.433453643494615390e-02,-6.197124502100402887e-01,-2.787088089866076590e-01
2.912104300989392103e-01,6.522509664804664320e-01,-3.334808544453596868e-01,-1.427321802498269544e-02,-6.197034917485531036e-01,-2.786341325449763762e-01
2.911920431172689283e-01,6.523468132756774507e-01,-3.333260507399443684e-01,-1.421536994515758962e-02,-6.196946091333687123e-01,-2.785629680386593199e-01
2.911733336606944222e-01,6.524424718743203622e-01,-3.331717060337243130e-01,-1.416043817364757464e-02,-6.196861097219574788e-01,-2.784945435539692982e-01
2.911543664343527182e-01,6.525380027462774901e-01,-3.330176659969793507e-01,-1.410797999291095277e-02,-6.196781066914649472e-01,-2.784283359692365512e-01
2.911351872253761797e-01,6.526334415766028574e-01,-3.328638407019217094e-01,-1.405763237855638462e-02,-6.196706193485037595e-01,-2.783639666946585711e-01
2.911158306384225014e-01,6.527288104691479909e-01,-3.327101748029209771e-01,-1.400909247356056479e-02,-6.196636238098550686e-01,-2.783011460627944356e-01
2.910963241993769213e-01,6.528241238600203111e-01,-3.325566320350516469e-01,-1.396210475789027607e-02,-6.196570783579227193e-01,-2.782396428846420910e-01
2.910766905958026007e-01,6.529193916894546756e-01,-3.324031870688851642e-01,-1.391645208358274072e-02,-6.196509359100252912e-01,-2.781792671345437729e-01
2.910569489580183133e-01,6.530146211380913890e-01,-3.322498211645906752e-01,-1.387194904502996214e-02,-6.196451499443531574e-01,-2.781198595794110440e-01
2.910371156377450919e-01,6.531098176072337447e-01,-3.320965197940802249e-01,-1.382843685623280812e-02,-6.196396771329554243e-01,-2.780612851602023983e-01
2.910172047204285795e-01,6.532049852888449637e-01,-3.319432713015423864e-01,-1.378577924897754318e-02,-6.196344783228282527e-01,-2.780034284641727527e-01
2.909972283888871969e-01,6.533001275171012034e-01,-3.317900661044789756e-01,-1.374385911816083418e-02,-6.196295187291170903e-01,-2.779461904270579264e-01
2.909771972020715469e-01,6.533952469887595038e-01,-3.316368962017725575e-01,-1.370257572361564466e-02,-6.196247677409163490e-01,-2.778894857873549507e-01
2.909571203179469601e-01,6.534903459153595939e-01,-3.314837548394278799e-01,-1.366184234348473067e-02,-6.196201985829083991e-01,-2.778332410488092985e-01
2.909370056810562377e-01,6.535854261265948706e-01,-3.313306362800539362e-01,-1.362158427952385974e-02,-6.196157879158823434e-01,-2.777773927977958968e-01
2.909168601814948185e-01,6.536804891499722325e-01,-3.311775356236216217e-01,-1.358173716473987623e-02,-6.196115154506989242e-01,-2.777218862946555511e-01
2.908966897929878281e-01,6.537755362649262381e-01,-3.310244486788620488e-01,-1.354224551265937465e-02,-6.196073635679841818e-01,-2.776666742673742361e-01
2.908764996923059454e-01,6.538705685506394083e-01,-3.308713718488709432e-01,-1.350306148050753677e-02,-6.196033169908022886e-01,-2.776117158909158777e-01
2.908562943637283404e-01,6.539655869189122672e-01,-3.307183020462004519e-01,-1.346414380522609547e-02,-6.195993624778541875e-01,-2.775569759005951931e-01
2.908360776901303679e-01,6.540605921440943993e-01,-3.305652366151627386e-01,-1.342545689205366238e-02,-6.195954885633850884e-01,-2.775024238372287289e-01
2.908158530320825719e-01,6.541555848850546528e-01,-3.304121732709645043e-01,-1.338697003134476336e-02,-6.195916853216368869e-01,-2.774480333893166728e-01
2.907956232975991151e-01,6.542505657029453747e-01,-3.302591100479559394e-01,-1.334865672238693193e-02,-6.195879441613078020e-01,-2.773937818285763246e-01
2.907753910017090715e-01,6.543455350781628432e-01,-3.301060452518453925e-01,-1.331049409637969846e-02,-6.195842576520663725e-01,-2.773396495229536463e-01
2.907551583195521205e-01,6.544404934212053604e-01,-3.299529774241573565e-01,-1.327246241417367328e-02,-6.195806193654700422e-01,-2.772856195135760538e-01
2.907349271314177974e-01,6.545354410849604232e-01,-3.297999053063686015e-01,-1.323454463864747258e-02,-6.195770237450893836e-01,-2.772316771531043167e-01
2.907146990627829108e-01,6.546303783713198765e-01,-3.296468278155154641e-01,-1.319672606155737095e-02,-6.195734659840061997e-01,-2.771778097880286396e-01
2.906944755181545825e-01,6.547253055405723998e-01,-3.294937440165359166e-01,-1.315899398664037261e-02,-6.195699419289547594e-01,-2.771240064894061605e-01
2.906742577114235782e-01,6.548202228159628602e-01,-3.293406531042802898e-01,-1.312133745144623831e-02,-6.195664479882880826e-01,-2.770702578167847374e-01
2.895477783982953746e-01,6.569650113224204668e-01,-3.255962976805438780e-01,-2.184786012514770143e-02,-6.327136743639356631e-01,-2.814126236520408941e-01
2.895308327654975145e-01,6.570631714741468343e-01,-3.254373490816478420e-01,-2.177673926020462156e-02,-6.327068092453422832e-01,-2.813263910359464770e-01
2.895130273299355017e-01,6.571604683144965930e-01,-3.252806115738742787e-01,-2.171080327448633718e-02,-6.326978573381021320e-01,-2.812469148440749911e-01
2.894946340409287888e-01,6.572572696783038904e-01,-3.251251253690317644e-01,-2.164906550365731583e-02,-6.326882834549809598e-01,-2.811721637479643876e-01
2.894758114777084002e-01,6.573537735630430312e-01,-3.249703790689048577e-01,-2.159080272623265309e-02,-6.326787839559989690e-01,-2.811009234241465538e-01
2.894566579020037556e-01,6.574500888491642270e-01,-3.248160946036487973e-01,-2.153545844930534678e-02,-6.326696668274658375e-01,-2.810324225367654138e-01
2.894372386667842245e-01,6.575462771864946099e-01,-3.246621161953250900e-01,-2.148258846962464164e-02,-6.326610464258369815e-01,-2.809661373571850085e-01
2.894176004651214940e-01,6.576423748296738037e-01,-3.245083528921817728e-01,-2.143182891891361186e-02,-6.326529429636699176e-01,-2.809016886493209686e-01
2.893977788209168289e-01,6.577384040960773115e-01,-3.243547487154128106e-01,-2.138287648771180008e-02,-6.326453330544822284e-01,-2.808387863447825983e-01
2.893778021006538914e-01,6.578343794439479586e-01,-3.242012670428429666e-01,-2.133547543880932873e-02,-6.326381751629164274e-01,-2.807771991044675786e-01
2.893576937289175088e-01,6.579303107378694504e-01,-3.240478823679610043e-01,-2.128940854079250725e-02,-6.326314221839938190e-01,-2.807167369277002167e-01
2.893374734703070827e-01,6.580262050415404129e-01,-3.238945758780230610e-01,-2.124449038020782138e-02,-6.326250274671600948e-01,-2.806572407132323366e-01
2.893171582187185065e-01,6.581220676249177615e-01,-3.237413330339198869e-01,-2.120056220118118201e-02,-6.326189475032867326e-01,-2.805985755831213457e-01
2.892967625214425964e-01,6.582179025525505267e-01,-3.235881421964298399e-01,-2.115748778698626695e-02,-6.326131429507853010e-01,-2.805406263254456301e-01
2.892762989554888975e-01,6.583137130390354086e-01,-3.234349938160999693e-01,-2.111515008981323591e-02,-6.326075788399793121e-01,-2.804832940733175128e-01
2.892557784154958234e-01,6.584095016755467933e-01,-3.232818799264664533e-01,-2.107344843186264791e-02,-6.326022243967807102e-01,-2.804264937516642298e-01
2.892352103469467139e-01,6.585052705793399408e-01,-3.231287938100502188e-01,-2.103229614916849941e-02,-6.325970526998608845e-01,-2.803701520341410069e-01
2.892146029397056339e-01,6.586010214996069756e-01,-3.229757297606001831e-01,-2.099161860146935010e-02,-6.325920402886808791e-01,-2.803142056602362930e-01
2.891939632944432459e-01,6.586967558924651245e-01,-3.228226829089301253e-01,-2.095135147342568754e-02,-6.325871667667654075e-01,-2.802586000242597852e-01
2.891732975650136428e-01,6.587924749768748756e-01,-3.226696490889804925e-01,-2.091143932803977631e-02,-6.325824144271677829e-01,-2.802032879733921122e-01
2.891526110828111507e-01,6.588881797795818063e-01,-3.225166247263635544e-01,-2.087183436751393478e-02,-6.325777679186059821e-01,-2.801482287867428922e-01
2.891319084651234883e-01,6.589838711674751437e-01,-3.223636067525173510e-01,-2.083249536914252506e-02,-6.325732139384546704e-01,-2.800933872927138801e-01
2.891111937086437988e-01,6.590795498759056681e-01,-3.222105925289572848e-01,-2.079338677616565656e-02,-6.325687409682377860e-01,-2.800387331111987566e-01
2.890904702721078245e-01,6.591752165301774102e-01,-3.220575797854920985e-01,-2.075447791223991589e-02,-6.325643390384890763e-01,-2.799842400014353472e-01
2.890697411475200429e-01,6.592708716634553268e-01,-3.219045665675962509e-01,-2.071574230856802756e-02,-6.325599995235515749e-01,-2.799298852976200846e-01
2.890490089225422610e-01,6.593665157309462899e-01,-3.217515511923352833e-01,-2.067715712344828788e-02,-6.325557149616887198e-01,-2.798756494215989821e-01
2.890282758345220637e-01,6.594621491225135523e-01,-3.215985322091999277e-01,-2.063870264358937806e-02,-6.325514789009555328e-01,-2.798215154632053836e-01
2.890075438175462863e-01,6.595577721715134567e-01,-3.214455083696439175e-01,-2.060036185351260540e-02,-6.325472857605206611e-01,-2.797674688150880717e-01
2.889868145428824420e-01,6.596533851654419189e-01,-3.212924785950533879e-01,-2.056212006724093128e-02,-6.325431307194898656e-01,-2.797134968622759232e-01
2.889660894551819847e-01,6.597489883498935948e-01,-3.211394419579299830e-01,-2.052396460515366894e-02,-6.325390096071675794e-01,-2.796595887073077269e-01
2.889453698021001160e-01,6.598445819372037446e-01,-3.209863976568443356e-01,-2.048588452324552611e-02,-6.325349188215008134e-01,-2.796057349385124291e-01
2.877660737060760976e-01,6.620327479113383706e-01,-3.172258491777005807e-01,-2.920412558652211998e-02,-6.456708230745722421e-01,-2.839722035259051869e-01
2.877487242276428603e-01,6.621315689432731855e-01,-3.170669588520347304e-01,-2.913256293776146297e-02,-6.456633383815637561e-01,-2.838859496514775649e-01
2.877305161656653620e-01,6.622295148269836673e-01,-3.169102812919661338e-01,-2.906620019256480475e-02,-6.456537810335135630e-01,-2.838064270399358602e-01
2.877117142766868474e-01,6.623269591152595170e-01,-3.167548602470786623e-01,-2.900404428783505753e-02,-6.456436029103590490e-01,-2.837316224045542401e-01
2.876924748767193951e-01,6.624241034587676769e-01,-3.166001836086573262e-01,-2.894536777979584904e-02,-6.456334978168312144e-01,-2.836603266318707961e-01
2.876728960591825035e-01,6.625210588865770855e-01,-3.164459716874535311e-01,-2.888961157373445832e-02,-6.456237743310030419e-01,-2.835917691464974744e-01
2.876530438201787554e-01,6.626178882087767619e-01,-3.162920672713942505e-01,-2.883632994945429379e-02,-6.456145479232828777e-01,-2.835254257672408240e-01
2.876329657437560194e-01,6.627146282354416940e-01,-3.161383783966431049e-01,-2.878515820389829227e-02,-6.456058396587687209e-01,-2.834609167155963672e-01
2.876126982569572332e-01,6.628113014901504396e-01,-3.159848484504859112e-01,-2.873579260548404096e-02,-6.455976266233028893e-01,-2.833979515906758784e-01
2.875922705533282553e-01,6.629079224465659337e-01,-3.158314404501983419e-01,-2.868797723420134574e-02,-6.455898674510754942e-01,-2.833362989443491409e-01
2.875717067833075680e-01,6.630045008897528236e-01,-3.156781287032758843e-01,-2.864149481088959157e-02,-6.455825150162978199e-01,-2.832757688310518773e-01
2.875510273366185254e-01,6.631010437611541963e-01,-3.155248943185227084e-01,-2.859615994651764498e-02,-6.455755225398964736e-01,-2.832162022989027639e-01
2.875302496413008613e-01,6.631975561966619859e-01,-3.153717227369225995e-01,-2.855181394679290677e-02,-6.455688463395633514e-01,-2.831574646674960838e-01
2.875093886996408776e-01,6.632940421298070266e-01,-3.152186023301641882e-01,-2.850832067379453771e-02,-6.455624468900440505e-01,-2.830994409372819542e-01
2.874884574765891321e-01,6.633905046536924255e-01,-3.150655235747669702e-01,-2.846556316267360998e-02,-6.455562890452051228e-01,-2.830420324507050833e-01
2.874674671976623630e-01,6.634869462508936611e-01,-3.149124785349955435e-01,-2.842344081775623893e-02,-6.455503418722523534e-01,-2.829851543297307037e-01
2.874464275905481703e-01,6.635833689431915872e-01,-3.147594605245512822e-01,-2.838186705448572655e-02,-6.455445783110441704e-01,-2.829287334266916143e-01
2.874253470867340621e-01,6.636797743965887619e-01,-3.146064638663479407e-01,-2.834076730537130398e-02,-6.455389747823305768e-01,-2.828727066428650683e-01
2.874042329931934536e-01,6.637761639958557058e-01,-3.144534837166015340e-01,-2.830007732394992925e-02,-6.455335107905330050e-01,-2.828170195158698497e-01
2.873830916409449432e-01,6.638725388972511743e-01,-3.143005159335513499e-01,-2.825974173442049112e-02,-6.455281685427131100e-01,-2.827616250185177593e-01
2.873619285132460455e-01,6.639689000741670899e-01,-3.141475569628275344e-01,-2.821971279506835587e-02,-6.455229326173957949e-01,-2.827064825420990690e-01
2.873407483570204479e-01,6.640652483480147250e-01,-3.139946037527970857e-01,-2.817994933634031599e-02,-6.455177896540382765e-01,-2.826515570119206844e-01
2.873195552808081588e-01,6.641615844150355885e-01,-3.138416536792201783e-01,-2.814041584768652363e-02,-6.455127280865818884e-01,-2.825968181352063735e-01
2.872983528393233121e-01,6.642579088662240450e-01,-3.136887044854694828e-01,-2.810108169454784283e-02,-6.455077379039770857e-01,-2.825422397464688595e-01
2.872771441069508769e-01,6.643542222053705482e-01,-3.135357542284495924e-01,-2.806192044624733137e-02,-6.455028104463521599e-01,-2.824877992457661136e-01
2.872559317422408998e-01,6.644505248631654704e-01,-3.133828012336057345e-01,-2.802290929543445677e-02,-6.454979382257388654e-01,-2.824334771151397749e-01
2.872347180433970637e-01,6.645468172071197221e-01,-3.132298440599985412e-01,-2.798402855954833235e-02,-6.454931147648163003e-01,-2.823792564940865724e-01
2.872135049966894615e-01,6.646430995528398444e-01,-3.130768814646310849e-01,-2.794526125181205287e-02,-6.454883344657207367e-01,-2.823251228218776610e-01
2.871922943187922295e-01,6.647393721707425263e-01,-3.129239123766626718e-01,-2.790659270964548216e-02,-6.454835924889280596e-01,-2.822710635222893116e-01
2.871710874927807522e-01,6.648356352932409674e-01,-3.127709358728341105e-01,-2.786801027719353063e-02,-6.454788846518721979e-01,-2.822170677332911937e-01
2.871498857999799093e-01,6.649318891200109993e-01,-3.126179511574108671e-01,-2.782950302918936816e-02,-6.454742073396317892e-01,-2.821631260736940372e-01
2.859193300255529202e-01,6.671630126143823780e-01,-3.088418428155231821e-01,-3.653752759086752872e-02,-6.585989545305974691e-01,-2.865549989615649995e-01
2.859015958799003831e-01,6.672624777215422354e-01,-3.086830217784706232e-01,-3.646552363597599378e-02,-6.585908624942722334e-01,-2.864687458483494709e-01
2.858830037936488377e-01,6.673610560432181593e-01,-3.085264158602565310e-01,-3.639873544582524628e-02,-6.585807109268335680e-01,-2.863891985579627431e-01
2.858638118317572419e-01,6.674591268128218235e-01,-3.083710718413197882e-01,-3.633616279234558322e-02,-6.585699397022518609e-01,-2.863143613291407874e-01
2.858441742146252684e-01,6.675568952936917766e-01,-3.082164767778488579e-01,-3.627707368260850440e-02,-6.585592402577306048e-01,-2.862430303189548164e-01
2.858241889093298682e-01,6.676544746304106104e-01,-3.080623493556093884e-01,-3.622090629274365980e-02,-6.585489217289514086e-01,-2.861744358832209456e-01
2.858039225534552696e-01,6.677519287714455132e-01,-3.079085309433029494e-01,-3.616721335226978640e-02,-6.585391006338643383e-01,-2.861080535389119994e-01
2.857834236075609824e-01,6.678492950684535856e-01,-3.077549285751112196e-01,-3.611562933417206134e-02,-6.585297988401638269e-01,-2.860435030708126658e-01
2.857627293863312934e-01,6.679465962423398739e-01,-3.076014850057258165e-01,-3.606585011245425770e-02,-6.585209938793679108e-01,-2.859804938154352216e-01
2.857418698963297143e-01,6.680438467756798504e-01,-3.074481628882482220e-01,-3.601761961899432873e-02,-6.585126445437572418e-01,-2.859187942595265985e-01
2.857208700019037151e-01,6.681410563684223591e-01,-3.072949363388821631e-01,-3.597072056192589240e-02,-6.585047036834770218e-01,-2.858582145395390794e-01
2.856997507077284060e-01,6.682382318359022522e-01,-3.071417863802720083e-01,-3.592496761075362338e-02,-6.584971243950564768e-01,-2.857985958732346954e-01
2.856785299675050349e-01,6.683353781760367207e-01,-3.069886984270825958e-01,-3.588020216295563503e-02,-6.584898628278246235e-01,-2.857398037921584644e-01
2.856572232316580418e-01,6.684324991877806932e-01,-3.068356608561468302e-01,-3.583628818492228668e-02,-6.584828792783983253e-01,-2.856817235228950036e-01
2.856358438464566274e-01,6.685295978409119266e-01,-3.066826641629641359e-01,-3.579310881994191007e-02,-6.584761384328535749e-01,-2.856242566291278262e-01
2.856144033626520362e-01,6.686266765068146212e-01,-3.065297004383045754e-01,-3.575056357568454080e-02,-6.584696092049303617e-01,-2.855673184394949549e-01
2.855929117850242727e-01,6.687237371107405126e-01,-3.063767630213804494e-01,-3.570856596649339687e-02,-6.584632644037836657e-01,-2.855108359958206665e-01
2.855713777819964272e-01,6.688207812335835722e-01,-3.062238462614356727e-01,-3.566704151488676172e-02,-6.584570803356041280e-01,-2.854547463680828789e-01
2.855498088634228493e-01,6.689178101857190528e-01,-3.060709453398640090e-01,-3.562592605574701338e-02,-6.584510364062148291e-01,-2.853989952436961075e-01
2.855282115335018855e-01,6.690148250620925330e-01,-3.059180561322362157e-01,-3.558516428994106667e-02,-6.584451147476497734e-01,-2.853435357323885202e-01
2.855065914238893443e-01,6.691118267809804676e-01,-3.057651751036992160e-01,-3.554470854403134206e-02,-6.584392998695128840e-01,-2.852883273410012355e-01
2.854849534089963226e-01,6.692088161174046812e-01,-3.056122992174920561e-01,-3.550451770985153799e-02,-6.584335783571033662e-01,-2.852333351002709350e-01
2.854633017067264578e-01,6.693057937267917756e-01,-3.054594258639418691e-01,-3.546455633184155548e-02,-6.584279385968905274e-01,-2.851785288081632452e-01
2.854416399652602854e-01,6.694027601665877292e-01,-3.053065527963394477e-01,-3.542479382687033218e-02,-6.584223705425088502e-01,-2.851238823808038281e-01
2.854199713396619043e-01,6.694997159109868923e-01,-3.051536780812450500e-01,-3.538520380882886895e-02,-6.584168655032909268e-01,-2.850693732902539468e-01
2.853982985574559095e-01,6.695966613643807852e-01,-3.050008000541547526e-01,-3.534576351119116111e-02,-6.584114159631319074e-01,-2.850149820787871158e-01
2.853766239761910684e-01,6.696935968731849709e-01,-3.048479172798901349e-01,-3.530645328835815833e-02,-6.584060154258357667e-01,-2.849606919428951390e-01
2.853549496336270086e-01,6.697905227329717937e-01,-3.046950285235606182e-01,-3.526725618454667338e-02,-6.584006582732523372e-01,-2.849064883695367478e-01
2.853332772898215519e-01,6.698874391987245103e-01,-3.045421327185052207e-01,-3.522815756838301726e-02,-6.583953396532506996e-01,-2.848523588254401329e-01
2.853116084658616769e-01,6.699843464882747623e-01,-3.043892289469936063e-01,-3.518914480921259830e-02,-6.583900553700734459e-01,-2.847982924861081622e-01
2.852899444754961045e-01,6.700812447893126356e-01,-3.042363164171433265e-01,-3.515020700547040466e-02,-6.583848017992270929e-01,-2.847442800037435218e-01
2.840097052503741115e-01,6.723549234335737257e-01,-3.004452394635471757e-01,-4.384618979351254109e-02,-6.714985534690878222e-01,-2.891628180865448705e-01
2.839916054661361100e-01,6.724550161279880811e-01,-3.002864983638445229e-01,-4.377374520943507624e-02,-6.714898663025353764e-01,-2.890765875271310570e-01
2.839726478147457933e-01,6.725542105754087618e-01,-3.001299754433125466e-01,-4.370653304928170252e-02,-6.714791317052630770e-01,-2.889970371033799834e-01
2.839530841609709810e-01,6.726528916741381092e-01,-2.999747199861561575e-01,-4.364354518472116085e-02,-6.714677784763007917e-01,-2.889221880611724802e-01
2.839330668004327873e-01,6.727512682612712958e-01,-2.998202180855108478e-01,-4.358404475203114109e-02,-6.714564958697950559e-01,-2.888508418678273348e-01
2.839126936184882544e-01,6.728494555665172072e-01,-2.996661867886789565e-01,-4.352746707695727413e-02,-6.714455935549926702e-01,-2.887822299733804332e-01
2.838920318938525367e-01,6.729475186560799349e-01,-2.995124660556698348e-01,-4.347336330941155291e-02,-6.714351890376574206e-01,-2.887158277425535546e-01
2.838711309507171432e-01,6.730454954076806606e-01,-2.993589619299433235e-01,-4.342136710700753716e-02,-6.714253049372557181e-01,-2.886512546292055448e-01
2.838500289753062011e-01,6.731434087293745039e-01,-2.992056165372508070e-01,-4.337117397851870948e-02,-6.714159192015063393e-01,-2.885882197753554257e-01
2.838287567729796401e-01,6.732412731051117261e-01,-2.990523921646808247e-01,-4.332252774115651073e-02,-6.714069907675538351e-01,-2.885264916469234553e-01
2.838073399096052718e-01,6.733390981441481626e-01,-2.988992627319911333e-01,-4.327521112504308098e-02,-6.713984724586407049e-01,-2.884658804917753505e-01
2.837857999945833098e-01,6.734368905312662079e-01,-2.987462091690727961e-01,-4.322903888998901739e-02,-6.713903172501277661e-01,-2.884062277184712419e-01
2.837641554981329417e-01,6.735346551235616985e-01,-2.985932168563436573e-01,-4.318385255583728766e-02,-6.713824811306025042e-01,-2.883473990876574411e-01
2.837424223109539234e-01,6.736323955821426068e-01,-2.984402741700813433e-01,-4.313951622025393590e-02,-6.713749242245997673e-01,-2.882892800636537856e-01
2.837206141537114146e-01,6.737301147505589949e-01,-2.982873716200044045e-01,-4.309591315862026234e-02,-6.713676110560323762e-01,-2.882317724418108074e-01
2.836987428963367308e-01,6.738278148869406570e-01,-2.981345013184338866e-01,-4.305294300330719109e-02,-6.713605103919632056e-01,-2.881747917671376724e-01
2.836768188156694737e-01,6.739254978174876731e-01,-2.979816566271434874e-01,-4.301051938491584625e-02,-6.713535949150684079e-01,-2.881182652801414501e-01
2.836548508124119294e-01,6.740231650370254179e-01,-2.978288319170814269e-01,-4.296856793266490282e-02,-6.713468408241370922e-01,-2.880621302295917063e-01
2.836328465946452715e-01,6.741208177815881664e-01,-2.976760223896345314e-01,-4.292702457922516202e-02,-6.713402274346796927e-01,-2.880063324614989817e-01
2.836108128363052372e-01,6.742184570808987809e-01,-2.975232239402195722e-01,-4.288583411307751725e-02,-6.713337368004317351e-01,-2.879508252245032152e-01
2.835887553141486772e-01,6.743160837996804435e-01,-2.973704330467803469e-01,-4.284494894144111332e-02,-6.713273533729593456e-01,-2.878955681534263733e-01
2.835666790272328153e-01,6.744136986645296039e-01,-2.972176466878834744e-01,-4.280432802681721077e-02,-6.713210636834712197e-01,-2.878405263875501441e-01
2.835445882998843259e-01,6.745113022906920053e-01,-2.970648622647014125e-01,-4.276393597922394790e-02,-6.713148560773938289e-01,-2.877856698225054743e-01
2.835224868719664060e-01,6.746088952003082007e-01,-2.969120775410454272e-01,-4.272374227283657483e-02,-6.713087204729413227e-01,-2.877309724602235552e-01
2.835003779768877630e-01,6.747064778372529048e-01,-2.967592905926788038e-01,-4.268372057405732389e-02,-6.713026481500424802e-01,-2.876764118476076715e-01
2.834782644095993343e-01,6.748040505804470124e-01,-2.966064997617737231e-01,-4.264384816313654403e-02,-6.712966315704177456e-01,-2.876219685944957360e-01
2.834561485855144336e-01,6.749016137536475446e-01,-2.964537036203100939e-01,-4.260410543623577989e-02,-6.712906642175583416e-01,-2.875676259556552705e-01
2.834340325916810399e-01,6.749991676337731006e-01,-2.963009009382454595e-01,-4.256447547655659025e-02,-6.712847404586536060e-01,-2.875133694695801156e-01
2.834119182311977680e-01,6.750967124584370538e-01,-2.961480906550755798e-01,-4.252494368493033028e-02,-6.712788554266593266e-01,-2.874591866481511770e-01
2.833898070616491793e-01,6.751942484320122562e-01,-2.959952718559246132e-01,-4.248549746163995944e-02,-6.712730049172277447e-01,-2.874050667085253363e-01
2.833677004283721712e-01,6.752917757296250656e-01,-2.958424437530009499e-01,-4.244612593170323661e-02,-6.712671852965350627e-01,-2.873510003379345368e-01
2.820393699550700628e-01,6.776076237030065341e-01,-2.920369478769919702e-01,-5.112834826463356908e-02,-6.843700980727567273e-01,-2.917974278117181353e-01
2.820209233899737544e-01,6.777083277936689631e-01,-2.918782970177790093e-01,-5.105546391331792361e-02,-6.843608279597731547e-01,-2.917112413773997326e-01
2.820016184702206496e-01,6.778081223305204572e-01,-2.917218681279418746e-01,-5.098782940446922041e-02,-6.843495214869960153e-01,-2.916317091787536397e-01
2.819817013416200946e-01,6.779073978748256790e-01,-2.915667124618359085e-01,-5.092442800128148955e-02,-6.843375972933289919e-01,-2.915568689353048581e-01
2.819613225463268313e-01,6.780063668083750050e-01,-2.914123150045840327e-01,-5.086451766215030479e-02,-6.843257426517442843e-01,-2.914855274562045961e-01
2.819405799358394860e-01,6.781051464158797115e-01,-2.912583911478759391e-01,-5.080753074354459053e-02,-6.843142677445135380e-01,-2.914169174405429330e-01
2.819195414323418247e-01,6.782038028578751820e-01,-2.911047794556255730e-01,-5.075301678483935125e-02,-6.843032910025432791e-01,-2.913505142441140117e-01
2.818982572104445916e-01,6.783023745245362335e-01,-2.909513849877065073e-01,-5.070060864157935332e-02,-6.842928357531551375e-01,-2.912859370980183660e-01
2.818767663129495005e-01,6.784008844992179821e-01,-2.907981492464300488e-01,-5.065000148294224180e-02,-6.842828803290256223e-01,-2.912228950197142674e-01
2.818551003288684575e-01,6.784993472601249520e-01,-2.906450341506808810e-01,-5.060093904652693264e-02,-6.842733838002552638e-01,-2.911611564996685053e-01
2.818332855133864889e-01,6.785977723187749389e-01,-2.904920134211316785e-01,-5.055320411617995197e-02,-6.842642989574322376e-01,-2.911005319269554525e-01
2.818113440688877480e-01,6.786961662259377581e-01,-2.903390678875028552e-01,-5.050661157669644047e-02,-6.842555786598216727e-01,-2.910408629219114474e-01
2.817892949732189734e-01,6.787945336926168860e-01,-2.901861828923598119e-01,-5.046100309734274231e-02,-6.842471787370633107e-01,-2.909820154887673427e-01
2.817671545485864182e-01,6.788928782405294626e-01,-2.900333468032025297e-01,-5.041624293554350378e-02,-6.842390591518801024e-01,-2.909238753438592728e-01
2.817449368832976031e-01,6.789912025836006837e-01,-2.898805501400250062e-01,-5.037221452061142746e-02,-6.842311842709439818e-01,-2.908663445251588597e-01
2.817226541598595868e-01,6.790895088652435518e-01,-2.897277850310778780e-01,-5.032881763134828407e-02,-6.842235227227820848e-01,-2.908093388047084393e-01
2.817003169217897063e-01,6.791877988101784336e-01,-2.895750448577646408e-01,-5.028596603217332095e-02,-6.842160470681500906e-01,-2.907527856298822155e-01
2.816779342966574951e-01,6.792860738260299014e-01,-2.894223240089949800e-01,-5.024358547653225149e-02,-6.842087334045221514e-01,-2.906966224357508399e-01
2.816555141867339573e-01,6.793843350728729913e-01,-2.892696177036945815e-01,-5.020161200810897145e-02,-6.842015609614702232e-01,-2.906407952351033885e-01
2.816330634316661086e-01,6.794825835157667360e-01,-2.891169218517962158e-01,-5.015999051660499641e-02,-6.841945117232623996e-01,-2.905852574257298260e-01
2.816105879500859777e-01,6.795808199628456947e-01,-2.889642329457752234e-01,-5.011867349959946150e-02,-6.841875700816536510e-01,-2.905299687725931834e-01
2.815880928624465152e-01,6.796790450924862226e-01,-2.888115479761119708e-01,-5.007762000128359453e-02,-6.841807225198255349e-01,-2.904748945309947872e-01
2.815655825968400028e-01,6.797772594789792677e-01,-2.886588643535818455e-01,-5.003679470573054594e-02,-6.841739573449646672e-01,-2.904200046992104212e-01
2.815430609823460495e-01,6.798754636088636394e-01,-2.885061798508641862e-01,-4.999616715259700556e-02,-6.841672644431944228e-01,-2.903652733702895006e-01
2.815205313286582300e-01,6.799736578954442834e-01,-2.883534925514277258e-01,-4.995571106762650843e-02,-6.841606350682510884e-01,-2.903106781703994055e-01
2.814979964963212899e-01,6.800718426912141235e-01,-2.882008008042681313e-01,-4.991540378368594655e-02,-6.841540616602335145e-01,-2.902561997801771376e-01
2.814754589568837506e-01,6.801700182974795839e-01,-2.880481031868112329e-01,-4.987522574458704006e-02,-6.841475376857156787e-01,-2.902018215167206372e-01
2.814529208456345577e-01,6.802681849719207641e-01,-2.878953984735222460e-01,-4.983516007600424791e-02,-6.841410574985066217e-01,-2.901475289738668084e-01
2.814303840071494256e-01,6.803663429353715708e-01,-2.877426856081587436e-01,-4.979519221648628230e-02,-6.841346162201793479e-01,-2.900933097124167026e-01
2.814078500345876810e-01,6.804644923772540377e-01,-2.875899636804544190e-01,-4.975530959999266423e-02,-6.841282096358076714e-01,-2.900391529911845456e-01
2.813853203036444928e-01,6.805626334609077288e-01,-2.874372319047345248e-01,-4.971550138247227135e-02,-6.841218341058050711e-01,-2.899850495359113101e-01
2.800105035924844721e-01,6.829202802206234546e-01,-2.836178261926934896e-01,-5.838234871199392273e-02,-6.972140576752963170e-01,-2.944605566393704299e-01
2.799917289134076781e-01,6.830215797930351274e-01,-2.834592755537038156e-01,-5.830902562669892236e-02,-6.972042167591744333e-01,-2.943744356844064103e-01
2.799720948395428843e-01,6.831219586381418463e-01,-2.833029514282856542e-01,-5.824097052861369750e-02,-6.971923495158591777e-01,-2.942949428766146736e-01
2.799518422697021003e-01,6.832218129969270803e-01,-2.831479064904078857e-01,-5.817715738768464151e-02,-6.971798653392473621e-01,-2.942201318792971865e-01
2.799311201647316505e-01,6.833213587702759995e-01,-2.829936244666367839e-01,-5.811683868647428419e-02,-6.971674497231002965e-01,-2.941488148583593087e-01
2.799100263924756971e-01,6.834207152696590848e-01,-2.828398190696937986e-01,-5.805944369835777663e-02,-6.971554133495375671e-01,-2.940802259084106529e-01
2.798886295226405974e-01,6.835199497272776981e-01,-2.826863274762639877e-01,-5.800452032347119813e-02,-6.971438755176504465e-01,-2.940138405194719362e-01
2.798669805686159195e-01,6.836191010273258151e-01,-2.825330537767928307e-01,-5.795170062511324771e-02,-6.971328602088763260e-01,-2.939492778010318608e-01
2.798451194136910014e-01,6.837181924183282078e-01,-2.823799388528230314e-01,-5.790067946282800859e-02,-6.971223461147104672e-01,-2.938862467185858751e-01
2.798230784164865148e-01,6.838172383638000396e-01,-2.822269442552811647e-01,-5.785120052487942310e-02,-6.971122924235882978e-01,-2.938245158351461273e-01
2.798008845067621042e-01,6.839162482732802362e-01,-2.820740434995690493e-01,-5.780304668730683326e-02,-6.971026518938375771e-01,-2.937638957107182591e-01
2.797785604699468132e-01,6.840152285561250656e-01,-2.819212173139271083e-01,-5.775603298601902913e-02,-6.970933772652412319e-01,-2.937042281988421211e-01
2.797561257801757240e-01,6.841141837758677458e-01,-2.817684509939737958e-01,-5.771000127339467184e-02,-6.970844242191253093e-01,-2.936453795636642106e-01
2.797335971834302715e-01,6.842131173098966457e-01,-2.816157328958525108e-01,-5.766481598920428914e-02,-6.970757525587587544e-01,-2.935872357859422022e-01
2.797109891278098948e-01,6.843120317405240183e-01,-2.814630535440716397e-01,-5.762036074066616970e-02,-6.970673265017314213e-01,-2.935296991570923719e-01
2.796883141016364704e-01,6.844109290947854030e-01,-2.813104050777257559e-01,-5.757653547387819176e-02,-6.970591145457185611e-01,-2.934726856868122846e-01
2.796655829090260448e-01,6.845098109944794951e-01,-2.811577808936221445e-01,-5.753325410581663218e-02,-6.970510891364175565e-01,-2.934161230378974916e-01
2.796428048999107241e-01,6.846086787573407717e-01,-2.810051753971959942e-01,-5.749044252768398949e-02,-6.970432262729033823e-01,-2.933599488397762856e-01
2.796199881655879738e-01,6.847075334677934499e-01,-2.808525838197319380e-01,-5.744803691036817067e-02,-6.970355051074724750e-01,-2.933041092810690365e-01
2.795971397074945020e-01,6.848063760242223408e-01,-2.807000020850293209e-01,-5.740598225645200670e-02,-6.970279075569236760e-01,-2.932485579134298526e-01
2.795742655827251344e-01,6.849052071773195083e-01,-2.805474266979522402e-01,-5.736423116448616244e-02,-6.970204179574751580e-01,-2.931932546391057826e-01
2.795513710295881027e-01,6.850040275577201632e-01,-2.803948546572593292e-01,-5.732274277144246144e-02,-6.970130227507843612e-01,-2.931381648364373427e-01
2.795284605774366327e-01,6.851028376975983880e-01,-2.802422833827056814e-01,-5.728148184307159385e-02,-6.970057102077608091e-01,-2.930832586114302529e-01
2.795055381419910834e-01,6.852016380470210555e-01,-2.800897106553202898e-01,-5.724041799232346822e-02,-6.969984701842534269e-01,-2.930285101514727431e-01
2.794826071070896090e-01,6.853004289889337297e-01,-2.799371345640538911e-01,-5.719952501113263754e-02,-6.969912939120910256e-01,-2.929738971681197790e-01
2.794596703967102691e-01,6.853992108491385737e-01,-2.797845534637940501e-01,-5.715878029171436725e-02,-6.969841738120732266e-01,-2.929194004157193998e-01
2.794367305372522647e-01,6.854979839054817781e-01,-2.796319659376820810e-01,-5.711816432944723243e-02,-6.969771033343201694e-01,-2.928650032771503153e-01
2.794137897107737412e-01,6.855967483959596320e-01,-2.794793707643801195e-01,-5.707766029706303618e-02,-6.969700768205040475e-01,-2.928106914044596443e-01
2.793908498017572684e-01,6.856955045244378377e-01,-2.793267668914646840e-01,-5.703725367575755018e-02,-6.969630893822246209e-01,-2.927564524091043618e-01
2.793679124376351464e-01,6.857942524665955331e-01,-2.791741534103733824e-01,-5.699693193767557675e-02,-6.969561367990598777e-01,-2.927022755964841516e-01
2.793449790239059261e-01,6.858929923716516885e-01,-2.790215295408229323e-01,-5.695668427101994308e-02,-6.969492154213199342e-01,-2.926481517301836033e-01
2.779252911913133173e-01,6.882920813937039028e-01,-2.751886832268015115e-01,-6.560664297191852457e-02,-7.100308910904771231e-01,-2.971538984186660737e-01
2.779062068551073628e-01,6.883939607913504011e-01,-2.750302424836876258e-01,-6.553288234661934497e-02,-7.100204914684502544e-01,-2.970678640877255638e-01
2.778862615411317738e-01,6.884949084015904441e-01,-2.748740335735225804e-01,-6.546440854638477247e-02,-7.100080745083751088e-01,-2.969884316512199085e-01
2.778656913627756131e-01,6.885953261755333177e-01,-2.747191100315536927e-01,-6.540018558618229672e-02,-7.099950412612693329e-01,-2.969136701799774958e-01
2.778446438722731449e-01,6.886954335144410688e-01,-2.745649541633162216e-01,-6.533946018471800676e-02,-7.099820756533834487e-01,-2.968423972034868741e-01
2.778232170067714835e-01,6.887953517287985772e-01,-2.744112779753408171e-01,-6.528165842079905468e-02,-7.099694888571732587e-01,-2.967738483522334714e-01
2.778014799882418395e-01,6.888951491003620919e-01,-2.742579172632584883e-01,-6.522632653121591961e-02,-7.099574009871277847e-01,-2.967074993885830403e-01
2.777794846578495180e-01,6.889948649911743495e-01,-2.741047751568163604e-01,-6.517309579918513507e-02,-7.099458366340237747e-01,-2.966429694073899337e-01
2.777572717245696543e-01,6.890945228008026335e-01,-2.739517919255089473e-01,-6.512166079973520649e-02,-7.099347748139850367e-01,-2.965799673910398115e-01
2.777348743004208198e-01,6.891941369701592990e-01,-2.737989287519537185e-01,-6.507176520777503692e-02,-7.099241748208774405e-01,-2.965182620212060138e-01
2.777123199775535789e-01,6.892937167985412339e-01,-2.736461589458100141e-01,-6.502319201964416873e-02,-7.099139893734246476e-01,-2.964576640619406289e-01
2.776896321109917354e-01,6.893932685507856428e-01,-2.734934631269942962e-01,-6.497575645833554570e-02,-7.099041710976350394e-01,-2.963980156203388505e-01
2.776668306620045379e-01,6.894927966373521899e-01,-2.733408265415143146e-01,-6.492930058348897471e-02,-7.098946755281534404e-01,-2.963391832376390256e-01
2.776439327903678089e-01,6.895923042895584221e-01,-2.731882375272757235e-01,-6.488368904574118301e-02,-7.098854623181588552e-01,-2.962810531713919171e-01
2.776209532960501325e-01,6.896917939559855659e-01,-2.730356866079523548e-01,-6.483880565291272324e-02,-7.098764955441223545e-01,-2.962235279784334319e-01
2.775979049667591236e-01,6.897912675441905117e-01,-2.728831659308899593e-01,-6.479455053653640495e-02,-7.098677435772684507e-01,-2.961665239151710094e-01
2.775747988608612271e-01,6.898907265717317827e-01,-2.727306689041349985e-01,-6.475083778455684169e-02,-7.098591787553130139e-01,-2.961099688689143861e-01
2.775516445448549252e-01,6.899901722663194237e-01,-2.725781899444383871e-01,-6.470759344313084527e-02,-7.098507769877827611e-01,-2.960538006726912696e-01
2.775284502945704057e-01,6.900896056344517637e-01,-2.724257242945988811e-01,-6.466475382288561224e-02,-7.098425173521623055e-01,-2.959979656963514505e-01
2.775052232691937459e-01,6.901890275070250436e-01,-2.722732678895941061e-01,-6.462226405108660587e-02,-7.098343817030067227e-01,-2.959424176536322171e-01
2.774819696600392405e-01,6.902884385773946363e-01,-2.721208172433943195e-01,-6.458007683981779878e-02,-7.098263543271307041e-01,-2.958871165903128042e-01
2.774586948205429171e-01,6.903878394261283580e-01,-2.719683693640100874e-01,-6.453815142628038792e-02,-7.098184216244082245e-01,-2.958320280117270884e-01
2.774354033782678308e-01,6.904872305432013802e-01,-2.718159216779927334e-01,-6.449645266685524736e-02,-7.098105718339244863e-01,-2.957771221372070825e-01
2.774120993329178830e-01,6.905866123422094160e-01,-2.716634719727109015e-01,-6.445495025578215631e-02,-7.098027947853842168e-01,-2.957223732538821204e-01
2.773887861404579214e-01,6.906859851741965484e-01,-2.715110183435127111e-01,-6.441361805675450969e-02,-7.097950816883665803e-01,-2.956677591613005585e-01
2.773654667864741130e-01,6.907853493386664212e-01,-2.713585591488837934e-01,-6.437243352700491861e-02,-7.097874249488090870e-01,-2.956132606934978035e-01
2.773421438498596681e-01,6.908847050904852738e-01,-2.712060929759403383e-01,-6.433137722063810016e-02,-7.097798180039166516e-01,-2.955588613017250399e-01
2.773188195579137649e-01,6.909840526475412581e-01,-2.710536186072445286e-01,-6.429043236205164713e-02,-7.097722551845039307e-01,-2.955045466990846026e-01
2.772954958340360654e-01,6.910833921971717420e-01,-2.709011349922638701e-01,-6.424958447825764030e-02,-7.097647315959291214e-01,-2.954503045529062732e-01
2.772721743391152183e-01,6.911827238987711119e-01,-2.707486412277516630e-01,-6.420882108144794487e-02,-7.097572430075462790e-01,-2.953961242138582466e-01
2.772488565069567978e-01,6.912820478903073385e-01,-2.705961365332449908e-01,-6.416813139744889649e-02,-7.097497857686208000e-01,-2.953419964903095107e-01
2.757859199047564269e-01,6.937222354458419948e-01,-2.667502799242819633e-01,-7.279978659836758292e-02,-7.228210449779940427e-01,-2.998791149202133521e-01
2.757665441404318352e-01,6.938246792501550075e-01,-2.665919584711275436e-01,-7.272558977662982316e-02,-7.228100986922838533e-01,-2.997931881526033071e-01
2.757463052830602113e-01,6.939261803008445195e-01,-2.664358749659919701e-01,-7.265669927926242389e-02,-7.227971430093501626e-01,-2.997138368826177679e-01
2.757254351114345470e-01,6.940271463052007928e-01,-2.662810832350467338e-01,-7.259206852762840889e-02,-7.227835715333951194e-01,-2.996391450532341905e-01
2.757040799419029908e-01,6.941278001516493212e-01,-2.661270639911315072e-01,-7.253093819788675178e-02,-7.227700668404185569e-01,-2.995679355556968293e-01
2.756823378354422704e-01,6.942282651234790158e-01,-2.659735275022638845e-01,-7.247273106820953381e-02,-7.227569405893414789e-01,-2.994994456884025325e-01
2.756602786738912569e-01,6.943286105269688147e-01,-2.658203081913740884e-01,-7.241699168533212438e-02,-7.227443136540245838e-01,-2.994331516203797561e-01
2.756379551156005192e-01,6.944288761841811430e-01,-2.656673082382758899e-01,-7.236335056526094212e-02,-7.227322111875578159e-01,-2.993686725351017430e-01
2.756154086797636960e-01,6.945290856340116115e-01,-2.655144673047512005e-01,-7.231150202724746789e-02,-7.227206125040083196e-01,-2.993057175055293118e-01
2.755926732168780258e-01,6.946292532840310230e-01,-2.653617462089156720e-01,-7.226118976335746402e-02,-7.227094769845954225e-01,-2.992440553783449197e-01
2.755697769666506924e-01,6.947293883171822282e-01,-2.652091180520517177e-01,-7.221219692503526300e-02,-7.226987573052056080e-01,-2.991834971524685027e-01
2.755467438414776482e-01,6.948294968495237756e-01,-2.650565633403786925e-01,-7.216433895261147036e-02,-7.226884059822489270e-01,-2.991238852138375370e-01
2.755235942788394343e-01,6.949295831343534902e-01,-2.649040672660917806e-01,-7.211745814109446484e-02,-7.226783784083595785e-01,-2.990650863958740358e-01
2.755003458429899910e-01,6.950296502532282705e-01,-2.647516181452512218e-01,-7.207141937634951867e-02,-7.226686340916499418e-01,-2.990069872452250643e-01
2.754770136776625855e-01,6.951297005186465316e-01,-2.645992064960168699e-01,-7.202610668856423981e-02,-7.226591369748949223e-01,-2.989494905958868798e-01
2.754536108623729107e-01,6.952297357169100467e-01,-2.644468244698390813e-01,-7.198142041532153146e-02,-7.226498553100175748e-01,-2.988925129598359876e-01
2.754301487034515050e-01,6.953297572602142873e-01,-2.642944654815485572e-01,-7.193727483274421630e-02,-7.226407613345914305e-01,-2.988359824589225111e-01
2.754066369784250456e-01,6.954297662840087657e-01,-2.641421239577688707e-01,-7.189359615668547421e-02,-7.226318308721496608e-01,-2.987798371357566762e-01
2.753830841429368848e-01,6.955297637154275181e-01,-2.639897951506762208e-01,-7.185032085037336425e-02,-7.226230429298889923e-01,-2.987240235494123541e-01
2.753594975090822849e-01,6.956297503177669705e-01,-2.638374750030400562e-01,-7.180739417926719492e-02,-7.226143793066717169e-01,-2.986684955818608711e-01
2.753358833988678311e-01,6.957297267258800710e-01,-2.636851600365676118e-01,-7.176476897848096947e-02,-7.226058242433643919e-01,-2.986132134287467488e-01
2.753122472773074092e-01,6.958296934707954851e-01,-2.635328472649157150e-01,-7.172240459558204551e-02,-7.225973641047941376e-01,-2.985581427300664226e-01
2.752885938672447463e-01,6.959296509986370172e-01,-2.633805341220397667e-01,-7.168026598543056349e-02,-7.225889870985976460e-01,-2.985032538212318842e-01
2.752649272496670019e-01,6.960295996869844126e-01,-2.632282183989174129e-01,-7.163832293123204020e-02,-7.225806830336549691e-01,-2.984485210953072287e-01
2.752412509502250026e-01,6.961295398549709468e-01,-2.630758981957090348e-01,-7.159654937546564013e-02,-7.225724431008238025e-01,-2.983939224442416216e-01
2.752175680140506175e-01,6.962294717749023532e-01,-2.629235718747507944e-01,-7.155492284593378827e-02,-7.225642596918574467e-01,-2.983394387839427009e-01
2.751938810712294403e-01,6.963293956777434346e-01,-2.627712380272865245e-01,-7.151342395907245297e-02,-7.225561262318124234e-01,-2.982850536379769713e-01
2.751701923925089499e-01,6.964293117619883011e-01,-2.626188954376402762e-01,-7.147203599612848846e-02,-7.225480370447743272e-01,-2.982307527844691442e-01
2.751465039389371370e-01,6.965292201966802876e-01,-2.624665430594284032e-01,-7.143074453326260509e-02,-7.225399872272572077e-01,-2.981765239464700956e-01
2.751228174031552509e-01,6.966291211269117767e-01,-2.623141799907232619e-01,-7.138953712822766751e-02,-7.225319725451643249e-01,-2.981223565252338892e-01
2.750991342463169897e-01,6.967290146773332804e-01,-2.621618054539391340e-01,-7.134840304675402201e-02,-7.225239893428169191e-01,-2.980682413721632562e-01
2.735945760344465905e-01,6.992099685961242761e-01,-2.583033307235944043e-01,-7.996043571756404622e-02,-7.355849526007903760e-01,-3.026378392314796884e-01
2.735749268257684497e-01,6.993129616072727428e-01,-2.581451376950220089e-01,-7.988580418420430929e-02,-7.355734716314010768e-01,-3.025520407662173894e-01
2.735544118864555174e-01,6.994150009750684793e-01,-2.579891895428846338e-01,-7.981649910964846995e-02,-7.355599881559241604e-01,-3.024727912738148228e-01
2.735332591024948190e-01,6.995165002222391015e-01,-2.578345398044408210e-01,-7.975146269913147012e-02,-7.355458892185224862e-01,-3.023981890380283977e-01
2.735116137273652659e-01,6.996176857140282701e-01,-2.576806674233330652e-01,-7.968992931423257708e-02,-7.355318562614058253e-01,-3.023270622990250622e-01
2.734895740014996468e-01,6.997186826830988915e-01,-2.575272808897698384e-01,-7.963131833271419602e-02,-7.355182014342454000e-01,-3.022586501515105994e-01
2.734672104747684074e-01,6.998195614365824158e-01,-2.573742132582437225e-01,-7.957517258920185355e-02,-7.355050463205679012e-01,-3.021924293028435682e-01
2.734445766132160838e-01,6.999203622377092593e-01,-2.572213657697173805e-01,-7.952112184491967606e-02,-7.354924165891706389e-01,-3.021280191276755622e-01
2.734217147311054363e-01,7.000211087498559026e-01,-2.570686774877335434e-01,-7.946886019069850093e-02,-7.354802918186673644e-01,-3.020651288591194583e-01
2.733986594014572447e-01,7.001218153384558551e-01,-2.569161088667952231e-01,-7.941813136902346748e-02,-7.354686314648321011e-01,-3.020035275584033729e-01
2.733754394972259250e-01,7.002224910631807964e-01,-2.567636327983403022e-01,-7.936871871820219693e-02,-7.354573881566197624e-01,-3.019430264925914154e-01
2.733520794756708061e-01,7.003231418846010969e-01,-2.566112296742391052e-01,-7.932043792464084364e-02,-7.354465142988551030e-01,-3.018834683465375091e-01
2.733286002386955960e-01,7.004237718959231973e-01,-2.564588846273627709e-01,-7.927313154788290239e-02,-7.354359651493164174e-01,-3.018247202633790871e-01
2.733050197458031794e-01,7.005243840259804955e-01,-2.563065859470873287e-01,-7.922666473181892710e-02,-7.354257000785625609e-01,-3.017666690937478302e-01
2.732813534753381624e-01,7.006249804490450872e-01,-2.561543241418428596e-01,-7.918092175246131681e-02,-7.354156829028736242e-01,-3.017092179585829093e-01
2.732576147911032205e-01,7.007255628286537252e-01,-2.560020913626822048e-01,-7.913580317263797792e-02,-7.354058817629575140e-01,-3.016522836355746695e-01
2.732338152410323517e-01,7.008261324687461435e-01,-2.558498810301179094e-01,-7.909122347259606167e-02,-7.353962687994773928e-01,-3.015957944873927099e-01
2.732099648079377441e-01,7.009266904123360176e-01,-2.556976875757208667e-01,-7.904710905305513402e-02,-7.353868197589212841e-01,-3.015396887771334411e-01
2.731860721217605481e-01,7.010272375064916517e-01,-2.555455062581700743e-01,-7.900339654420297786e-02,-7.353775135842488542e-01,-3.014839132587937010e-01
2.731621446434233103e-01,7.011277744458249694e-01,-2.553933330260293455e-01,-7.896003136018660273e-02,-7.353683320231680920e-01,-3.014284219907653051e-01
2.731381888214993725e-01,7.012283018057556827e-01,-2.552411644074115138e-01,-7.891696646980754515e-02,-7.353592592742029810e-01,-3.013731753232016808e-01
2.731142102288888207e-01,7.013288200667229244e-01,-2.550889974210147626e-01,-7.887416134054005268e-02,-7.353502816695597355e-01,-3.013181390341904686e-01
2.730902136808079916e-01,7.014293296319544790e-01,-2.549368295041586907e-01,-7.883158103381106285e-02,-7.353413873928621447e-01,-3.012632835842157242e-01
2.730662033369953834e-01,7.015298308407333927e-01,-2.547846584535690129e-01,-7.878919542793964836e-02,-7.353325662302869770e-01,-3.012085834733329581e-01
2.730421827901288179e-01,7.016303239810683934e-01,-2.546324823714144481e-01,-7.874697855160754656e-02,-7.353238093594176572e-01,-3.011540166912738403e-01
2.730181551431121734e-01,7.017308092969121169e-01,-2.544802996244211468e-01,-7.870490800768178974e-02,-7.353151091581670018e-01,-3.010995642386950499e-01
2.729941230748564873e-01,7.018312869963591050e-01,-2.543281088053401251e-01,-7.866296448166031074e-02,-7.353064590443619819e-01,-3.010452097156857132e-01
2.729700888985973073e-01,7.019317572569405694e-01,-2.541759087016978169e-01,-7.862113131395094545e-02,-7.352978533341967271e-01,-3.009909389677614122e-01
2.729460546108670727e-01,7.020322202302138326e-01,-2.540236982694823453e-01,-7.857939413605696810e-02,-7.352892871189077306e-01,-3.009367397755732254e-01
2.729220219354658306e-01,7.021326760462650585e-01,-2.538714766082708629e-01,-7.853774055270953958e-02,-7.352807561614314036e-01,-3.008826015946092225e-01
2.728979923597704138e-01,7.022331248170177176e-01,-2.537192429417404749e-01,-7.849615987279880136e-02,-7.352722568043102980e-01,-3.008285153227478470e-01
2.713534420826456128e-01,7.047545230703502472e-01,-2.498485053863535310e-01,-8.708734436693046921e-02,-7.483230321115796890e-01,-3.054316782115336637e-01
2.713335371530186113e-01,7.048580502880049670e-01,-2.496904496794195294e-01,-8.701227973730506215e-02,-7.483110283706588817e-01,-3.053460285953506492e-01
2.713127633432048103e-01,7.049606130320411612e-01,-2.495346466080234638e-01,-8.694256231111445465e-02,-7.482970279634661992e-01,-3.052669013102463635e-01
2.712913450792431291e-01,7.050626307121318215e-01,-2.493801488320660231e-01,-8.687712246988825437e-02,-7.482824122507277798e-01,-3.051924084562252504e-01
2.712694267230110201e-01,7.051643331676697990e-01,-2.492264333371929097e-01,-8.681518800089889354e-02,-7.482678617676911115e-01,-3.051213836052253381e-01
2.712471067527181812e-01,7.052658475544817396e-01,-2.490732067983497111e-01,-8.675617478149520723e-02,-7.482536891543808411e-01,-3.050530677655642342e-01
2.712244563955655274e-01,7.053672451572383650e-01,-2.489203009032849301e-01,-8.669962391449904937e-02,-7.482400166581126832e-01,-3.049869383132788880e-01
2.712015299159085679e-01,7.054685666610156503e-01,-2.487676159652184305e-01,-8.664516442124386986e-02,-7.482268704175362162e-01,-3.049226149153457244e-01
2.711783704080734658e-01,7.055698358396759184e-01,-2.486150904569410236e-01,-8.659249019179365847e-02,-7.482142302465041306e-01,-3.048598070370125979e-01
2.711550131520089613e-01,7.056710670057334545e-01,-2.484626844735063900e-01,-8.654134505013050260e-02,-7.482020556586804760e-01,-3.047982840024907047e-01
2.711314876389213646e-01,7.057722690886564232e-01,-2.483103706956311663e-01,-8.649151255376474889e-02,-7.481902992320145218e-01,-3.047378573801944324e-01
2.711078188574503889e-01,7.058734478884920449e-01,-2.481581293979813474e-01,-8.644280866552903064e-02,-7.481789132617522320e-01,-3.046783701767135089e-01
2.710840281628760229e-01,7.059746073338282191e-01,-2.480059456511449212e-01,-8.639507623456632590e-02,-7.481678528749755586e-01,-3.046196898620160964e-01
2.710601338989077624e-01,7.060757501984860074e-01,-2.478538077131791917e-01,-8.634818068943860003e-02,-7.481570773123588092e-01,-3.045617036029871216e-01
2.710361518702181227e-01,7.061768785154400874e-01,-2.477017060798334946e-01,-8.630200657126520236e-02,-7.481465502695970882e-01,-3.045043148181441617e-01
2.710120957172645895e-01,7.062779938232366383e-01,-2.475496328987808470e-01,-8.625645468646311875e-02,-7.481362397823657640e-01,-3.044474405604304934e-01
2.709879772224321193e-01,7.063790973173745824e-01,-2.473975815909213172e-01,-8.621143973725169107e-02,-7.481261179042287823e-01,-3.043910094437782821e-01
2.709638065674234153e-01,7.064801899473042157e-01,-2.472455465901222116e-01,-8.616688832490936034e-02,-7.481161603105325186e-01,-3.043349599576202769e-01
2.709395925520595161e-01,7.065812724779271248e-01,-2.470935231606144755e-01,-8.612273725688104897e-02,-7.481063458833401292e-01,-3.042792390586866458e-01
2.709153427808483894e-01,7.066823455345758731e-01,-2.469415072547176959e-01,-8.607893210910244619e-02,-7.480966563241404632e-01,-3.042238009861445436e-01
2.708910638250323633e-01,7.067834096333590610e-01,-2.467894954036632948e-01,-8.603542599394423118e-02,-7.480870757957404082e-01,-3.041686062531391288e-01
2.708667613618407910e-01,7.068844652034040887e-01,-2.466374846299867196e-01,-8.599217850765354665e-02,-7.480775906011805088e-01,-3.041136207810225534e-01
2.708424402956077781e-01,7.069855126034878534e-01,-2.464854723751528642e-01,-8.594915482598479428e-02,-7.480681889004705543e-01,-3.040588151571504971e-01
2.708181048620040277e-01,7.070865521361620054e-01,-2.463334564370933122e-01,-8.590632493004574100e-02,-7.480588604653040097e-01,-3.040041639970401666e-01
2.707937587186033945e-01,7.071875840564108007e-01,-2.461814349217293363e-01,-8.586366293955643991e-02,-7.480495964586910684e-01,-3.039496453897737593e-01
2.707694050235072147e-01,7.072886085808979262e-01,-2.460294061972927160e-01,-8.582114653965715323e-02,-7.480403892501968910e-01,-3.038952404260710782e-01
2.707450465030872833e-01,7.073896258932335090e-01,-2.458773688595580209e-01,-8.577875648783116203e-02,-7.480312322493383181e-01,-3.038409327841711804e-01
2.707206855107079924e-01,7.074906361505762797e-01,-2.457253216977685062e-01,-8.573647619009129583e-02,-7.480221197676333311e-01,-3.037867083789340672e-01
2.706963240776636970e-01,7.075916394873066340e-01,-2.455732636685294401e-01,-8.569429133515335528e-02,-7.480130468945285216e-01,-3.037325550552403830e-01
2.706719639569581393e-01,7.076926360177853148e-01,-2.454211938739954690e-01,-8.565218957990679283e-02,-7.480040093893186581e-01,-3.036784623207540723e-01
2.706476066615242648e-01,7.077936258409197601e-01,-2.452691115388173082e-01,-8.561016027806635231e-02,-7.479950035939101349e-01,-3.036244211234133683e-01
2.690646939679746663e-01,7.103551553366469484e-01,-2.413864304967738017e-01,-9.417936199087161009e-02,-7.610356855612135929e-01,-3.082622152072522215e-01
2.690445507647823420e-01,7.104592019418352056e-01,-2.412285207927552244e-01,-9.410386600477468888e-02,-7.610231708885160096e-01,-3.081767347997960704e-01
2.690235350307462192e-01,7.105622732872339808e-01,-2.410728723285975039e-01,-9.403373855366374545e-02,-7.610086643397980799e-01,-3.080977499750826021e-01
2.690018681551327173e-01,7.106647947524202813e-01,-2.409185362910819250e-01,-9.396789760301005323e-02,-7.609935424575309248e-01,-3.080233861291449826e-01
2.689796937799149301e-01,7.107669996503032106e-01,-2.407649875151965380e-01,-9.390556411032878470e-02,-7.609784850946137436e-01,-3.079524821420870362e-01
2.689571106791524557e-01,7.108690170390887797e-01,-2.406119308122670331e-01,-9.384615036182693271e-02,-7.609638053951206516e-01,-3.078842810532967378e-01
2.689341907681755406e-01,7.109709191554980379e-01,-2.404591965066554260e-01,-9.378919570941539330e-02,-7.609496262220603047e-01,-3.078182610318066503e-01
2.689109891014426768e-01,7.110727470853576149e-01,-2.403066839966215840e-01,-9.373432844811423192e-02,-7.609359741364848384e-01,-3.077540421360247525e-01
2.688875495382085923e-01,7.111745246984916280e-01,-2.401543311724088081e-01,-9.368124229597314667e-02,-7.609228291580957260e-01,-3.076913341353527676e-01
2.688639080490506372e-01,7.112762662445339945e-01,-2.400020977727617133e-01,-9.362968119098823150e-02,-7.609101508443617545e-01,-3.076299066664594517e-01
2.688400947282402198e-01,7.113779805146100976e-01,-2.398499562692177900e-01,-9.357942894115089949e-02,-7.608978917154356481e-01,-3.075695716309885808e-01
2.688161350826021034e-01,7.114796731429120502e-01,-2.396978868169113985e-01,-9.353030181376315033e-02,-7.608860039590599200e-01,-3.075101723820221622e-01
2.687920509080176101e-01,7.115813478902612843e-01,-2.395458744201021117e-01,-9.348214297623437530e-02,-7.608744425780383791e-01,-3.074515767323747206e-01
2.687678609225369608e-01,7.116830073717311800e-01,-2.393939073029096587e-01,-9.343481816330129197e-02,-7.608631666884875244e-01,-3.073936721785906490e-01
2.687435812478622954e-01,7.117846534772142020e-01,-2.392419759440510552e-01,-9.338821220239595933e-02,-7.608521398739223063e-01,-3.073363624486272760e-01
2.687192257928863182e-01,7.118862876187833644e-01,-2.390900724840574476e-01,-9.334222616254475580e-02,-7.608413300727946416e-01,-3.072795648798294921e-01
2.686948065675264785e-01,7.119879108820371671e-01,-2.389381903412171326e-01,-9.329677498378312339e-02,-7.608307092583004305e-01,-3.072232083456539198e-01
2.686703339465099094e-01,7.120895241207583215e-01,-2.387863239506043123e-01,-9.325178548111938415e-02,-7.608202530385606011e-01,-3.071672315685763377e-01
2.686458168932971957e-01,7.121911280181592030e-01,-2.386344685777467001e-01,-9.320719465457918962e-02,-7.608099402432249025e-01,-3.071115817151273686e-01
2.686212631518214988e-01,7.122927231290884231e-01,-2.384826201771758913e-01,-9.316294825124647738e-02,-7.607997525319322163e-01,-3.070562132125231325e-01
2.685966794116804723e-01,7.123943099089687925e-01,-2.383307752830130799e-01,-9.311899953710893463e-02,-7.607896740340698294e-01,-3.070010867405000288e-01
2.685720714510390073e-01,7.124958887355037351e-01,-2.381789309193351467e-01,-9.307530824511189849e-02,-7.607796910287190073e-01,-3.069461683708180066e-01
2.685474442597261535e-01,7.125974599238095175e-01,-2.380270845286308334e-01,-9.303183967455030956e-02,-7.607697916586033671e-01,-3.068914288237411525e-01
2.685228021467079840e-01,7.126990237374208892e-01,-2.378752339123425263e-01,-9.298856391513303510e-02,-7.607599656790411391e-01,-3.068368428309471985e-01
2.684981488317971787e-01,7.128005803992918388e-01,-2.377233771770972670e-01,-9.294545518446027665e-02,-7.607502042444245216e-01,-3.067823885871083789e-01
2.684734875262624887e-01,7.129021300979040410e-01,-2.375715126929801857e-01,-9.290249125449966117e-02,-7.607404997167871441e-01,-3.067280472751757192e-01
2.684488210019112531e-01,7.130036729928681538e-01,-2.374196390570028348e-01,-9.285965296000811553e-02,-7.607308455011464465e-01,-3.066738026560097419e-01
2.684241516507496206e-01,7.131052092206517923e-01,-2.372677550597530882e-01,-9.281692377623580736e-02,-7.607212359059384310e-01,-3.066196407172838145e-01
2.683994815371149034e-01,7.132067388974384636e-01,-2.371158596597240376e-01,-9.277428945323415443e-02,-7.607116660179799039e-01,-3.065655493672272969e-01
2.683748124422720704e-01,7.133082621228039599e-01,-2.369639519591883736e-01,-9.273173770252282622e-02,-7.607021315973747644e-01,-3.065115181721646542e-01
2.683501459031799041e-01,7.134097789821808311e-01,-2.368120311843380510e-01,-9.268925792659804541e-02,-7.606926289853854772e-01,-3.064575381295734924e-01
2.667304984863943518e-01,7.160111341671299146e-01,-2.329176912988368264e-01,-1.012354307651018720e-01,-7.737232975953016734e-01,-3.111310125927951864e-01
2.667101341652980406e-01,7.161156855052737136e-01,-2.327599360843153886e-01,-1.011595052844687231e-01,-7.737102837557384705e-01,-3.110457215705862977e-01
2.666888931734573420e-01,7.162192508237517075e-01,-2.326044515779906452e-01,-1.010889702322674139e-01,-7.736952817755773371e-01,-3.109668992797803289e-01
2.666669942774630431e-01,7.163222615691592354e-01,-2.324502868843908443e-01,-1.010227305800631553e-01,-7.736796642420498138e-01,-3.108926839065424552e-01
2.666445805691659565e-01,7.164249545322206592e-01,-2.322969144875795533e-01,-1.009600002100513177e-01,-7.736641105540038588e-01,-3.108219196094323955e-01
2.666217511779726546e-01,7.165274606512144207e-01,-2.321440372872980440e-01,-1.009001877288641102e-01,-7.736489343706477451e-01,-3.107538515680070557e-01
2.665985787186359035e-01,7.166298530898027597e-01,-2.319914842456588799e-01,-1.008428307220978065e-01,-7.736342591259964818e-01,-3.106879588660441671e-01
2.665751190275499338e-01,7.167321733153464436e-01,-2.318391538546404895e-01,-1.007875567750418228e-01,-7.736201117630316926e-01,-3.106238620556290853e-01
2.665514167139707014e-01,7.168344452776432840e-01,-2.316869834323606048e-01,-1.007340594618920115e-01,-7.736064724757845124e-01,-3.105612712800265296e-01
2.665275084232835989e-01,7.169366831513093175e-01,-2.315349323679267990e-01,-1.006820828649747923e-01,-7.735933008472252181e-01,-3.104999565362959180e-01
2.665034248370864445e-01,7.170388955824055222e-01,-2.313829729232370347e-01,-1.006314110746986540e-01,-7.735805493368358432e-01,-3.104397300942379756e-01
2.664791919663268005e-01,7.171410880335473692e-01,-2.312310851330793005e-01,-1.005818606916457220e-01,-7.735681700254902760e-01,-3.103804356758421701e-01
2.664548320354535038e-01,7.172432640935924031e-01,-2.310792539329864781e-01,-1.005332752264012780e-01,-7.735561177963442558e-01,-3.103219414545621557e-01
2.664303641260092337e-01,7.173454262162368700e-01,-2.309274675094336871e-01,-1.004855207430701974e-01,-7.735443516484941107e-01,-3.102641352701702160e-01
2.664058046670980673e-01,7.174475761464130796e-01,-2.307757163203474349e-01,-1.004384823763522228e-01,-7.735328350612944437e-01,-3.102069211709679308e-01
2.663811678279051076e-01,7.175497151673356777e-01,-2.306239924971467403e-01,-1.003920614752284862e-01,-7.735215358815665798e-01,-3.101502167867197790e-01
2.663564658385011996e-01,7.176518442535551046e-01,-2.304722894524702248e-01,-1.003461732337207202e-01,-7.735104260092884321e-01,-3.100939512586910474e-01
2.663317092605778647e-01,7.177539641619082866e-01,-2.303206016202749840e-01,-1.003007446938448954e-01,-7.734994809913525726e-01,-3.100380635501521764e-01
2.663069072156090678e-01,7.178560754935238153e-01,-2.301689242644646416e-01,-1.002557130607630992e-01,-7.734886796117689256e-01,-3.099825010450041329e-01
2.662820675818825533e-01,7.179581787321969166e-01,-2.300172533398257835e-01,-1.002110242642315630e-01,-7.734780034934897186e-01,-3.099272183644029011e-01
2.662571971632547996e-01,7.180602742722556053e-01,-2.298655853813801053e-01,-1.001666317329023698e-01,-7.734674367375961035e-01,-3.098721763609823543e-01
2.662323018346439141e-01,7.181623624396675787e-01,-2.297139174133989992e-01,-1.001224953462082068e-01,-7.734569656031750062e-01,-3.098173412607047594e-01
2.662073866686631152e-01,7.182644435047235154e-01,-2.295622468792722359e-01,-1.000785805326457473e-01,-7.734465782176433990e-01,-3.097626839218515227e-01
2.661824560442588861e-01,7.183665176924466378e-01,-2.294105715818010593e-01,-1.000348574985197997e-01,-7.734362643247942870e-01,-3.097081791967831732e-01
2.661575137413248471e-01,7.184685851921981392e-01,-2.292588896295640055e-01,-9.999130056386774934e-02,-7.734260150700758008e-01,-3.096538053880670271e-01
2.661325630218196459e-01,7.185706461651947263e-01,-2.291071993919590322e-01,-9.994788759365778874e-02,-7.734158228130946222e-01,-3.095995437759961888e-01
2.661076067008385504e-01,7.186727007467296202e-01,-2.289554994670334742e-01,-9.990459950504324005e-02,-7.734056809559047840e-01,-3.095453782062704828e-01
2.660826472075734084e-01,7.187747490521558813e-01,-2.288037886465410231e-01,-9.986141984572129149e-02,-7.733955838053031551e-01,-3.094912947420585536e-01
2.660576866378400740e-01,7.188767911798995547e-01,-2.286520658895029035e-01,-9.981833443095315672e-02,-7.733855264484725822e-01,-3.094372813586993010e-01
2.660327267998752743e-01,7.189788272139453484e-01,-2.285003302991792662e-01,-9.977533102988028757e-02,-7.733755046459743765e-01,-3.093833276817148370e-01
2.660077692533547866e-01,7.190808572266612630e-01,-2.283485811022413769e-01,-9.973239909700679084e-02,-7.733655147408408093e-01,-3.093294247604410074e-01
2.643530108181904592e-01,7.217217389106779235e-01,-2.244428333154663280e-01,-1.082545833388241091e-01,-7.863862346623277100e-01,-3.140396142063172635e-01
2.643324422312506305e-01,7.218267804713215385e-01,-2.242852409082000120e-01,-1.081782303372217646e-01,-7.863727333372669825e-01,-3.139545325694517719e-01
2.643109923546180240e-01,7.219308252682807847e-01,-2.241299295487271248e-01,-1.081072902023819116e-01,-7.863572465632482356e-01,-3.138758927177427438e-01
2.642888777379551746e-01,7.220343109179806484e-01,-2.239759456508699509e-01,-1.080406543433274080e-01,-7.863411438130388786e-01,-3.138018451217207128e-01
2.642662410923595773e-01,7.221374776978806143e-01,-2.238227591391732108e-01,-1.079775293272424719e-01,-7.863251042642714905e-01,-3.137312391910585530e-01
2.642431819625932765e-01,7.222404584045896137e-01,-2.236700709510395790e-01,-1.079173199974487324e-01,-7.863094421045897509e-01,-3.136633223486097188e-01
2.642197736750624970e-01,7.223433271046321158e-01,-2.235177086838213700e-01,-1.078595621600265259e-01,-7.862942812999111908e-01,-3.135975747154176596e-01
2.641960728403061620e-01,7.224461256248375651e-01,-2.233655699360367342e-01,-1.078038827077035522e-01,-7.862796491295694912e-01,-3.135336174328213210e-01
2.641721248030963753e-01,7.225488779792711425e-01,-2.232135914630201667e-01,-1.077499750986987137e-01,-7.862655259330246782e-01,-3.134711610907578994e-01
2.641479668663017644e-01,7.226515982575016928e-01,-2.230617323082348114e-01,-1.076975835939223830e-01,-7.862518713054342800e-01,-3.134099760959222492e-01
2.641236302841569183e-01,7.227542949505720848e-01,-2.229099645286853615e-01,-1.076464925933632855e-01,-7.862386376360694928e-01,-3.133498751185805897e-01
2.640991415567364164e-01,7.228569733450235235e-01,-2.227582680367121148e-01,-1.075965190612787892e-01,-7.862257769022370502e-01,-3.132907022733885105e-01
2.640745233250192947e-01,7.229596368532361650e-01,-2.226066276975369740e-01,-1.075475068749335711e-01,-7.862132438716007421e-01,-3.132323261124669855e-01
2.640497950222713830e-01,7.230622877655382696e-01,-2.224550316560813812e-01,-1.074993224521509638e-01,-7.862009974346417795e-01,-3.131746348315608275e-01
2.640249733757277228e-01,7.231649276784199998e-01,-2.223034703485955998e-01,-1.074518512532128822e-01,-7.861890009708547566e-01,-3.131175328085754606e-01
2.640000728061524526e-01,7.232675577461257221e-01,-2.221519358919678000e-01,-1.074049949256396658e-01,-7.861772222464695759e-01,-3.130609379775691203e-01
2.639751057566067094e-01,7.233701788300793689e-01,-2.220004216918290141e-01,-1.073586689320042281e-01,-7.861656330932856873e-01,-3.130047797545188470e-01
2.639500829688022354e-01,7.234727915904104467e-01,-2.218489221768174258e-01,-1.073128005563806081e-01,-7.861542090060461563e-01,-3.129489973520704349e-01
2.639250137171456623e-01,7.235753965439321034e-01,-2.216974326093165415e-01,-1.072673272190747540e-01,-7.861429287256705978e-01,-3.128935383766548450e-01
2.638999060089882720e-01,7.236779941036433073e-01,-2.215459489412522909e-01,-1.072221950440901961e-01,-7.861317738455543269e-01,-3.128383576502837826e-01
2.638747667579753320e-01,7.237805846022064005e-01,-2.213944677071992273e-01,-1.071773576325316529e-01,-7.861207284427378372e-01,-3.127834162036668975e-01
2.638496019322582042e-01,7.238831683127490146e-01,-2.212429859313718439e-01,-1.071327750175262716e-01,-7.861097787588160468e-01,-3.127286804216307670e-01
2.638244166837870330e-01,7.239857454600331366e-01,-2.210915010576617046e-01,-1.070884127643412231e-01,-7.860989129084154925e-01,-3.126741213038498057e-01
2.637992154584038462e-01,7.240883162315446819e-01,-2.209400108872081880e-01,-1.070442412029247309e-01,-7.860881206300187607e-01,-3.126197138299344758e-01
2.637740020931018115e-01,7.241908807841032081e-01,-2.207885135277511679e-01,-1.070002347628246364e-01,-7.860773930658608855e-01,-3.125654364151159159e-01
2.637487798989992527e-01,7.242934392485476103e-01,-2.206370073520378394e-01,-1.069563714044675512e-01,-7.860667225686445159e-01,-3.125112704365505811e-01
2.637235517321536715e-01,7.243959917375867308e-01,-2.204854909555112041e-01,-1.069126321330890195e-01,-7.860561025441230587e-01,-3.124571998307914544e-01
2.636983200572516339e-01,7.244985383445813332e-01,-2.203339631319000957e-01,-1.068690005726369296e-01,-7.860455272974267160e-01,-3.124032107377790468e-01
2.636730869999419635e-01,7.246010791504507997e-01,-2.201824228398233108e-01,-1.068254626074246483e-01,-7.860349919185524170e-01,-3.123492912026489821e-01
2.636478543940619645e-01,7.247036142233851397e-01,-2.200308691834363395e-01,-1.067820060673114191e-01,-7.860244921696368792e-01,-3.122954309118153304e-01
2.636226238212286965e-01,7.248061436219445097e-01,-2.198793013905374627e-01,-1.067386204604121730e-01,-7.860140243953326333e-01,-3.122416209686615374e-01
2.619343722382190820e-01,7.274862576908841527e-01,-2.159623641583547082e-01,-1.152359404916557806e-01,-7.990248440999967450e-01,-3.169895476995945316e-01
2.619136159198104385e-01,7.275917750904875581e-01,-2.158049427305951395e-01,-1.151591620533208987e-01,-7.990108668831606975e-01,-3.169046952745679380e-01
2.618919732251103749e-01,7.276962849832891989e-01,-2.156498135765124446e-01,-1.150878194446828678e-01,-7.989949058642004109e-01,-3.168262575908761813e-01
2.618696588842686634e-01,7.278002312719130673e-01,-2.154960197966961089e-01,-1.150207899552367768e-01,-7.989783282418116972e-01,-3.167523969179282806e-01
2.618468153944383814e-01,7.279038577318048819e-01,-2.153430285447157921e-01,-1.149572726066628581e-01,-7.989618132022274777e-01,-3.166819678792011650e-01
2.618235427777556024e-01,7.280072989968410235e-01,-2.151905387407598569e-01,-1.148966683959945223e-01,-7.989456754788946125e-01,-3.166142202459320543e-01
2.617999150847321044e-01,7.281106300105042450e-01,-2.150383766168222632e-01,-1.148385113398211893e-01,-7.989300395279936851e-01,-3.165486352914800294e-01
2.617759896927341901e-01,7.282138929366511748e-01,-2.148864388904542511e-01,-1.147824276564818058e-01,-7.989149329210396555e-01,-3.164848348419475599e-01
2.617518126665286382e-01,7.283171118385470821e-01,-2.147346617629279364e-01,-1.147281107194864647e-01,-7.989003361160812444e-01,-3.164225300052218581e-01
2.617274219506194322e-01,7.284203007081274661e-01,-2.145830039396393329e-01,-1.146753049974473943e-01,-7.988862087030071946e-01,-3.163614916468754368e-01
2.617028493551576962e-01,7.285234678740839520e-01,-2.144314372743738872e-01,-1.146237952323707204e-01,-7.988725029967456148e-01,-3.163015328711399898e-01
2.616781218553989596e-01,7.286266184409407876e-01,-2.142799415570719179e-01,-1.145733987779386648e-01,-7.988591708720117479e-01,-3.162424982103222981e-01
2.616532624951232733e-01,7.287297556415439637e-01,-2.141285015799472835e-01,-1.145239599050619089e-01,-7.988461669874798998e-01,-3.161842566114926312e-01
2.616282910490088653e-01,7.288328815980765762e-01,-2.139771054466594047e-01,-1.144753454041042284e-01,-7.988334501277853938e-01,-3.161266966391293454e-01
2.616032245318519744e-01,7.289359977583519390e-01,-2.138257435662984374e-01,-1.144274410823053062e-01,-7.988209835841287854e-01,-3.160697230131641611e-01
2.615780776074222436e-01,7.290391051457683069e-01,-2.136744080391249911e-01,-1.143801489022577972e-01,-7.988087350487514948e-01,-3.160132539805677876e-01
2.615528629243424330e-01,7.291422045073941982e-01,-2.135230922612895432e-01,-1.143333846097509543e-01,-7.987966762922587005e-01,-3.159572192405314395e-01
2.615275913976720656e-01,7.292452964053151021e-01,-2.133717906546956644e-01,-1.142870757441296070e-01,-7.987847827625322861e-01,-3.159015582607920813e-01
2.615022724485570049e-01,7.293483812723087212e-01,-2.132204984767929468e-01,-1.142411599538855765e-01,-7.987730331653692950e-01,-3.158462188780573610e-01
2.614769142089211629e-01,7.294514594483892944e-01,-2.130692116774416944e-01,-1.141955835656803947e-01,-7.987614090661517841e-01,-3.157911561193876837e-01
2.614515236974074286e-01,7.295545312057998277e-01,-2.129179267866041503e-01,-1.141503003633338592e-01,-7.987498945264800421e-01,-3.157363312016399637e-01
2.614261069717848662e-01,7.296575967632961124e-01,-2.127666408290625477e-01,-1.141052705408543561e-01,-7.987384757718256623e-01,-3.156817106716575672e-01
2.614006692591520631e-01,7.297606563016373338e-01,-2.126153512455151717e-01,-1.140604598097380989e-01,-7.987271409115423992e-01,-3.156272656762407758e-01
2.613752150701637578e-01,7.298637099688739527e-01,-2.124640558368787457e-01,-1.140158386270872376e-01,-7.987158796785593928e-01,-3.155729713255823743e-01
2.613497482963236807e-01,7.299667578879951435e-01,-2.123127527112426416e-01,-1.139713815372986466e-01,-7.987046832117979944e-01,-3.155188061494200169e-01
2.613242722946754193e-01,7.300698001627516920e-01,-2.121614402386375053e-01,-1.139270666043310509e-01,-7.986935438675067944e-01,-3.154647516293511700e-01
2.612987899612653764e-01,7.301728368792785862e-01,-2.120101170174677474e-01,-1.138828749223980280e-01,-7.986824550483480056e-01,-3.154107917905716318e-01
2.612733037935668357e-01,7.302758681119623230e-01,-2.118587818381744425e-01,-1.138387901985054573e-01,-7.986714110667481048e-01,-3.153569128562191959e-01
2.612478159462127691e-01,7.303788939218641696e-01,-2.117074336621088126e-01,-1.137947983871820667e-01,-7.986604070120315590e-01,-3.153031029408396302e-01
2.612223282769001731e-01,7.304819143628430433e-01,-2.115560715915884848e-01,-1.137508873833271289e-01,-7.986494386528864009e-01,-3.152493517960395231e-01
2.611968423880435819e-01,7.305849294799721116e-01,-2.114046948545849902e-01,-1.137070467512371341e-01,-7.986385023379031223e-01,-3.151956505819538124e-01
2.594767078768324686e-01,7.333039855229707138e-01,-2.074767556403598334e-01,-1.221787090900630368e-01,-8.116394529333761376e-01,-3.199823263020349917e-01
2.594557800315335228e-01,7.334099644907369209e-01,-2.073195132369164695e-01,-1.221015074067044598e-01,-8.116250113352894147e-01,-3.198977227534725576e-01
2.594339602656287047e-01,7.335149251985655372e-01,-2.071645752287131492e-01,-1.220297650259567074e-01,-8.116085865436727387e-01,-3.198195068019423770e-01
2.594114618807768502e-01,7.336193179566031786e-01,-2.070109807797787804e-01,-1.219623445650331039e-01,-8.115915443042841515e-01,-3.197458520381158409e-01
2.593884273266907625e-01,7.337233900538004949e-01,-2.068581940531060703e-01,-1.218984372739013999e-01,-8.115745640461925481e-01,-3.196756182684560854e-01
2.593649571626526207e-01,7.338272779429223514e-01,-2.067059118921359129e-01,-1.218374402313971705e-01,-8.115579610711801672e-01,-3.196080577096678255e-01
2.593411261768566733e-01,7.339310574185734515e-01,-2.065539591608448189e-01,-1.217788856557368848e-01,-8.115418602873222254e-01,-3.195426529036199947e-01
2.593169925060427872e-01,7.340347709597575543e-01,-2.064022317067717160e-01,-1.217223991115438525e-01,-8.115262895175070490e-01,-3.194790264558248771e-01
2.592926029209202676e-01,7.341384426603307922e-01,-2.062506651908915523e-01,-1.216676739148459530e-01,-8.115112293052408887e-01,-3.194168900611499273e-01
2.592679959906731835e-01,7.342420864027010552e-01,-2.060992179877061403e-01,-1.216144547739443638e-01,-8.114966392193490030e-01,-3.193560150924829588e-01
2.592432040646626690e-01,7.343457103467897484e-01,-2.059478617481275420e-01,-1.215625268041722468e-01,-8.114824714991786259e-01,-3.192962151245679614e-01
2.592182545789664672e-01,7.344493194077463816e-01,-2.057965761427864304e-01,-1.215117077741961760e-01,-8.114686779142014084e-01,-3.192373351288619321e-01
2.591931709671573270e-01,7.345529166345030614e-01,-2.056453458903674814e-01,-1.214618423720991991e-01,-8.114552130180967549e-01,-3.191792444643622995e-01
2.591679733327949542e-01,7.346565039810538655e-01,-2.054941590470885371e-01,-1.214127977849878554e-01,-8.114420355025171450e-01,-3.191218320803381192e-01
2.591426789688179300e-01,7.347600827428171222e-01,-2.053430059950362430e-01,-1.213644601836666587e-01,-8.114291085741488496e-01,-3.190650030479654786e-01
2.591173027730441780e-01,7.348636538105831617e-01,-2.051918788160489726e-01,-1.213167318625781171e-01,-8.114163998577583747e-01,-3.190086759352165346e-01
2.590918575917173228e-01,7.349672178167714343e-01,-2.050407708932757700e-01,-1.212695288659819681e-01,-8.114038810716690531e-01,-3.189527807333549791e-01
2.590663545067654061e-01,7.350707752243654802e-01,-2.048896766400556402e-01,-1.212227790006344952e-01,-8.113915276230296847e-01,-3.188972571729336569e-01
2.590408030800838701e-01,7.351743263820142982e-01,-2.047385913062039486e-01,-1.211764201547920750e-01,-8.113793181896905571e-01,-3.188420533278970015e-01
2.590152115628790441e-01,7.352778715563526024e-01,-2.045875108378411855e-01,-1.211303988681720623e-01,-8.113672343144219257e-01,-3.187871244359461453e-01
2.589895870744665096e-01,7.353814109571907842e-01,-2.044364317616964299e-01,-1.210846691153805027e-01,-8.113552600440328000e-01,-3.187324319025077179e-01
2.589639357578066292e-01,7.354849447509659299e-01,-2.042853510981488818e-01,-1.210391912607898107e-01,-8.113433815975590324e-01,-3.186779424450631448e-01
2.589382629122760071e-01,7.355884730724362441e-01,-2.041342662864119861e-01,-1.209939311671190953e-01,-8.113315870787497497e-01,-3.186236273600687730e-01
2.589125731098992356e-01,7.356919960303864858e-01,-2.039831751259788828e-01,-1.209488594260124950e-01,-8.113198662187103283e-01,-3.185694618917314092e-01
2.588868702939856048e-01,7.357955137148568525e-01,-2.038320757228073432e-01,-1.209039507023325494e-01,-8.113082101584992989e-01,-3.185154246897424213e-01
2.588611578655392598e-01,7.358990262004463379e-01,-2.036809664468058334e-01,-1.208591831670186856e-01,-8.112966112556706522e-01,-3.184614973404440996e-01
2.588354387579746563e-01,7.360025335490741893e-01,-2.035298458949199307e-01,-1.208145380094744065e-01,-8.112850629177363881e-01,-3.184076639639293882e-01
2.588097155005777417e-01,7.361060358132683890e-01,-2.033787128582645320e-01,-1.207699990208527807e-01,-8.112735594599024269e-01,-3.183539108655722427e-01
2.587839902748373389e-01,7.362095330364434309e-01,-2.032275662969784125e-01,-1.207255522311108942e-01,-8.112620959777139262e-01,-3.183002262351199985e-01
2.587582649611832597e-01,7.363130252566038036e-01,-2.030764053136750735e-01,-1.206811856021910712e-01,-8.112506682443352268e-01,-3.182465998887635261e-01
2.587325411813456433e-01,7.364165125052664074e-01,-2.029252291365095384e-01,-1.206368887578124771e-01,-8.112392726132134912e-01,-3.181930230439316554e-01
2.570535859425377434e-01,7.391741585775973844e-01,-1.989532054253895510e-01,-1.286389703883326074e-01,-8.240723886156641198e-01,-3.226414584287113363e-01
2.570225823074713256e-01,7.392806512860685686e-01,-1.988007548440860195e-01,-1.286223296349375822e-01,-8.240793046351662099e-01,-3.226093311108487183e-01
2.569920620258091537e-01,7.393860953443306405e-01,-1.986499803732715286e-01,-1.286028004976116079e-01,-8.240812313141501200e-01,-3.225763428194694526e-01
2.569620433008461546e-01,7.394909517580205982e-01,-1.985000084434936640e-01,-1.285803759729388929e-01,-8.240799442656557838e-01,-3.225416799865498674e-01
2.569325026262766487e-01,7.395954749828311803e-01,-1.983503773671946580e-01,-1.285552288004832289e-01,-8.240764797841736433e-01,-3.225050694219442349e-01
2.569033987092910754e-01,7.396998062649596806e-01,-1.982008476691041743e-01,-1.285276066566075348e-01,-8.240714621806126683e-01,-3.224665075905331912e-01
2.568746847353476359e-01,7.398040246041891477e-01,-1.980512991684222346e-01,-1.284977779426879629e-01,-8.240652831758878971e-01,-3.224261169730356369e-01
2.568463144115498697e-01,7.399081746231616075e-01,-1.979016752197193529e-01,-1.284660047936374005e-01,-8.240582006607445331e-01,-3.223840709713536867e-01
2.568182447273972824e-01,7.400122818445918904e-01,-1.977519525698581970e-01,-1.284325306028678004e-01,-8.240503934378117235e-01,-3.223405556215489520e-01
2.567904370126590230e-01,7.401163610960110883e-01,-1.976021251163964931e-01,-1.283975751879700422e-01,-8.240419918866533910e-01,-3.222957509431165768e-01
2.567628571373967716e-01,7.402204211523027988e-01,-1.974521952109219158e-01,-1.283613338806954829e-01,-8.240330954014457587e-01,-3.222498226318244452e-01
2.567354753031780845e-01,7.403244673182267643e-01,-1.973021690423813479e-01,-1.283239785436550706e-01,-8.240237825345080314e-01,-3.222029191158611861e-01
2.567082656585998879e-01,7.404285028773086585e-01,-1.971520542252778729e-01,-1.282856594529577787e-01,-8.240141170781685176e-01,-3.221551712943821477e-01
2.566812058616227965e-01,7.405325299108150849e-01,-1.970018585780515807e-01,-1.282465074809966687e-01,-8.240041518514420460e-01,-3.221066935408840037e-01
2.566542766459834479e-01,7.406365497692689592e-01,-1.968515895329504828e-01,-1.282066362987403230e-01,-8.239939311762253249e-01,-3.220575852324924493e-01
2.566274614180171221e-01,7.407405633486371377e-01,-1.967012538804881749e-01,-1.281661444603737487e-01,-8.239834925805100685e-01,-3.220079324231811535e-01
2.566007458961103715e-01,7.408445712533793248e-01,-1.965508576900089899e-01,-1.281251173049858805e-01,-8.239728680266614758e-01,-3.219578094758860365e-01
2.565741177921172511e-01,7.409485738977577007e-01,-1.964004063141523704e-01,-1.280836286635224919e-01,-8.239620848446187473e-01,-3.219072805718087293e-01
2.565475665347300427e-01,7.410525715682025893e-01,-1.962499044359329037e-01,-1.280417423674927446e-01,-8.239511664624320497e-01,-3.218564010642565587e-01
2.565210830292354860e-01,7.411565644628723692e-01,-1.960993561335626079e-01,-1.279995135764596115e-01,-8.239401329945266195e-01,-3.218052186691142680e-01
2.564946594508251687e-01,7.412605527197225763e-01,-1.959487649449448698e-01,-1.279569899376480357e-01,-8.239290017325353599e-01,-3.217537745123487114e-01
2.564682890665870851e-01,7.413645364335363919e-01,-1.957981339342570737e-01,-1.279142125961958143e-01,-8.239177875503521653e-01,-3.217021040335139581e-01
2.564419660826682823e-01,7.414685156684333034e-01,-1.956474657515509530e-01,-1.278712170731358677e-01,-8.239065032487001838e-01,-3.216502377710337424e-01
2.564156855124426482e-01,7.415724904667212458e-01,-1.954967626866783992e-01,-1.278280340284477512e-01,-8.238951598477218807e-01,-3.215982020387050389e-01
2.563894430638808397e-01,7.416764608551951188e-01,-1.953460267166401976e-01,-1.277846899209340303e-01,-8.238837668373831802e-01,-3.215460195113176711e-01
2.563632350420786965e-01,7.417804268501155818e-01,-1.951952595469114149e-01,-1.277412075815417825e-01,-8.238723323922038100e-01,-3.214937097282792866e-01
2.563370582664021291e-01,7.418843884587560389e-01,-1.950444626505830059e-01,-1.276976067066744325e-01,-8.238608635511059930e-01,-3.214412895253409563e-01
2.563109099983893469e-01,7.419883456833268331e-01,-1.948936372977373155e-01,-1.276539042877728181e-01,-8.238493663784831611e-01,-3.213887734111965377e-01
2.562847878802085866e-01,7.420922985223419310e-01,-1.947427845835645599e-01,-1.276101149812098601e-01,-8.238378460990304353e-01,-3.213361738885930352e-01
2.562586898816176517e-01,7.421962469720313482e-01,-1.945919054520438285e-01,-1.275662514281266924e-01,-8.238263072145599608e-01,-3.212835017325448850e-01
2.562326142546446639e-01,7.423001910265520920e-01,-1.944410007176003985e-01,-1.275223245300996788e-01,-8.238147536028573859e-01,-3.212307662284521470e-01
2.545249575560807886e-01,7.450956483354906901e-01,-1.904585396936086250e-01,-1.355045999092235054e-01,-8.366399738173277978e-01,-3.257262837349830797e-01
2.544936899583420398e-01,7.452026488169244400e-01,-1.903063049874273438e-01,-1.354873415080816990e-01,-8.366464516207217095e-01,-3.256942321456139378e-01
2.544629175711839997e-01,7.453085801726598847e-01,-1.901557560302366001e-01,-1.354672355422779084e-01,-8.366479359022142015e-01,-3.256613124390200786e-01
2.544326552875440517e-01,7.454139112448547877e-01,-1.900060149326876502e-01,-1.354442587449373736e-01,-8.366462029299658321e-01,-3.256267199988074346e-01
2.544028776067883690e-01,7.455189010930782789e-01,-1.898566172579060352e-01,-1.354185748926092503e-01,-8.366422901710309779e-01,-3.255901852785717532e-01
2.543735419426514377e-01,7.456236936878650745e-01,-1.897073218737735101e-01,-1.353904267051148635e-01,-8.366368229727255690e-01,-3.255517059411845437e-01
2.543446005699711021e-01,7.457283696664500638e-01,-1.895580076541001913e-01,-1.353600798095382363e-01,-8.366301938043402275e-01,-3.255114045764553876e-01
2.543160065066059627e-01,7.458329746606120469e-01,-1.894086174501548592e-01,-1.353277947387296343e-01,-8.366226610397984320e-01,-3.254694542433165250e-01
2.542877161895358284e-01,7.459375348399351902e-01,-1.892591277664983085e-01,-1.352938139089620018e-01,-8.366144037708609371e-01,-3.254260404741644019e-01
2.542596904895420007e-01,7.460420654662879292e-01,-1.891095324083630624e-01,-1.352583564866025045e-01,-8.366055525342230847e-01,-3.253813427494126054e-01
2.542318948864992767e-01,7.461465756238711000e-01,-1.889598337141725204e-01,-1.352216173230664786e-01,-8.365962068012374742e-01,-3.253355262441939288e-01
2.542042992461685524e-01,7.462510708508536261e-01,-1.888100378982149330e-01,-1.351837678912203577e-01,-8.365864451551315861e-01,-3.252887389028782938e-01
2.541768774270579123e-01,7.463555546140883123e-01,-1.886601526190195277e-01,-1.351449581260873445e-01,-8.365763313894989395e-01,-3.252411111796471022e-01
2.541496068360543092e-01,7.464600291461207515e-01,-1.885101857417575133e-01,-1.351053185891616104e-01,-8.365659183128291154e-01,-3.251927570452805005e-01
2.541224679890689564e-01,7.465644959257100588e-01,-1.883601447428066844e-01,-1.350649626637515366e-01,-8.365552502306590199e-01,-3.251437755116151074e-01
2.540954441047522105e-01,7.466689559583338243e-01,-1.882100364527194147e-01,-1.350239886331983663e-01,-8.365443646508875508e-01,-3.250942523021490560e-01
2.540685207394701162e-01,7.467734099436049711e-01,-1.880598669750000174e-01,-1.349824815834644864e-01,-8.365332935153887428e-01,-3.250442614813499609e-01
2.540416854654563572e-01,7.468778583789610348e-01,-1.879096416905721156e-01,-1.349405151100324385e-01,-8.365220641343340535e-01,-3.249938669608427033e-01
2.540149275913106131e-01,7.469823016235852542e-01,-1.877593653056735257e-01,-1.348981528262509222e-01,-8.365106999167082336e-01,-3.249431238506554909e-01
2.539882379196912177e-01,7.470867399395731967e-01,-1.876090419164961332e-01,-1.348554496895908450e-01,-8.364992209599756423e-01,-3.248920796496696517e-01
2.539616085372952137e-01,7.471911735202071414e-01,-1.874586750767434362e-01,-1.348124531632383938e-01,-8.364876445375520886e-01,-3.248407752853483266e-01
2.539350326357119325e-01,7.472956025096558763e-01,-1.873082678612250362e-01,-1.347692042239433119e-01,-8.364759855089906049e-01,-3.247892460224153788e-01
2.539085043567033684e-01,7.474000270140408464e-01,-1.871578229300789875e-01,-1.347257382390782687e-01,-8.364642566587683348e-01,-3.247375222402743566e-01
2.538820186585901140e-01,7.475044471131382373e-01,-1.870073425796837663e-01,-1.346820857299055596e-01,-8.364524689937888891e-01,-3.246856301122132415e-01
2.538555712022056987e-01,7.476088628657816537e-01,-1.868568287931718364e-01,-1.346382730303693209e-01,-8.364406319898413100e-01,-3.246335921853608641e-01
2.538291582530962653e-01,7.477132743158286798e-01,-1.867062832807922790e-01,-1.345943228573862893e-01,-8.364287538080952267e-01,-3.245814278865572500e-01
2.538027765963640214e-01,7.478176814958887864e-01,-1.865557075173772950e-01,-1.345502548067422366e-01,-8.364168414778042626e-01,-3.245291539524245428e-01
2.537764234647998940e-01,7.479220844286998959e-01,-1.864051027763566071e-01,-1.345060857785535802e-01,-8.364049010509650994e-01,-3.244767848011460010e-01
2.537500964759090150e-01,7.480264831317948726e-01,-1.862544701535787661e-01,-1.344618303481593946e-01,-8.363929377435279644e-01,-3.244243328572057883e-01
2.537237935787062248e-01,7.481308776168795749e-01,-1.861038105948960852e-01,-1.344175010837639905e-01,-8.363809560468069559e-01,-3.243718088241586139e-01
2.536975130072652851e-01,7.482352678921855293e-01,-1.859531249152117649e-01,-1.343731088229022930e-01,-8.363689598302755934e-01,-3.243192219242929109e-01
2.519635002005278235e-01,7.510682567180902991e-01,-1.819599503212885883e-01,-1.423299304926013420e-01,-8.491844898499244509e-01,-3.288585627725322813e-01
2.519319913641375752e-01,7.511757514681475234e-01,-1.818079396701045014e-01,-1.423120353914278380e-01,-8.491905315282464173e-01,-3.288265890237150879e-01
2.519009882379975029e-01,7.512821564716873901e-01,-1.816576252574927941e-01,-1.422913366685614467e-01,-8.491915755613452799e-01,-3.287937420425416368e-01
2.518705028849596017e-01,7.513879485706821404e-01,-1.815081242431735298e-01,-1.422677939433298622e-01,-8.491893995457459043e-01,-3.287592254613092568e-01
2.518405080699055998e-01,7.514933914676811266e-01,-1.813589692173941392e-01,-1.422415615399020283e-01,-8.491850422480849980e-01,-3.287227731137743469e-01
2.518109600608387511e-01,7.515986318513266928e-01,-1.812099173364540017e-01,-1.422128769108395308e-01,-8.491791299785093061e-01,-3.286843837428067849e-01
2.517818103126436280e-01,7.517037519810778612e-01,-1.810608465303426839e-01,-1.421820026900303680e-01,-8.491720558350219772e-01,-3.286441799751488868e-01
2.517530112154696686e-01,7.518087984828842885e-01,-1.809116991652972017e-01,-1.421491976377173283e-01,-8.491640785572248662e-01,-3.286023344609483865e-01
2.517245186991926564e-01,7.519137981631681678e-01,-1.807624515203029580e-01,-1.421147030523804700e-01,-8.491553774299031021e-01,-3.285590321608261588e-01
2.516962932115649476e-01,7.520187667111660756e-01,-1.806130973220982372e-01,-1.420787373290001432e-01,-8.491460830687304062e-01,-3.285144519437886990e-01
2.516682998718293152e-01,7.521237135169955845e-01,-1.804636389043244304e-01,-1.420414947350651103e-01,-8.491362949621085177e-01,-3.284687583922479281e-01
2.516405082357315304e-01,7.522286443495155295e-01,-1.803140825131877567e-01,-1.420031462616551943e-01,-8.491260916741790732e-01,-3.284220988968996058e-01
2.516128918936432202e-01,7.523335628598215585e-01,-1.801644358514583322e-01,-1.419638414233400647e-01,-8.491155369648558660e-01,-3.283746034058271368e-01
2.515854280207693860e-01,7.524384714312447597e-01,-1.800147068331475753e-01,-1.419237104003975014e-01,-8.491046835991571395e-01,-3.283263854282197358e-01
2.515580969329289096e-01,7.525433716707605747e-01,-1.798649029791627163e-01,-1.418828662250669892e-01,-8.490935758396236377e-01,-3.282775435599402658e-01
2.515308816758354271e-01,7.526482646943126742e-01,-1.797150311592221883e-01,-1.418414068564604336e-01,-8.490822511525344396e-01,-3.282281631487800055e-01
2.515037676571488245e-01,7.527531512970904171e-01,-1.795650975104997327e-01,-1.417994170798696774e-01,-8.490707414400548991e-01,-3.281783179206103629e-01
2.514767423210063635e-01,7.528580320609957743e-01,-1.794151074402260959e-01,-1.417569702141331378e-01,-8.490590739779276808e-01,-3.281280714841179891e-01
2.514497948664716209e-01,7.529629074176447112e-01,-1.792650656781865082e-01,-1.417141296173191067e-01,-8.490472721402655409e-01,-3.280774786749288685e-01
2.514229160017225628e-01,7.530677776937326762e-01,-1.791149763379639714e-01,-1.416709500151688561e-01,-8.490353559949354034e-01,-3.280265867467447860e-01
2.513960977333484226e-01,7.531726431385045162e-01,-1.789648429874394209e-01,-1.416274786579843348e-01,-8.490233427876386907e-01,-3.279754364082680951e-01
2.513693331843686041e-01,7.532775039448748045e-01,-1.788146687129795465e-01,-1.415837563296728496e-01,-8.490112473519153546e-01,-3.279240627275527564e-01
2.513426164379565231e-01,7.533823602619127424e-01,-1.786644561831234324e-01,-1.415398182237402047e-01,-8.489990824493039989e-01,-3.278724959090906221e-01
2.513159424026898403e-01,7.534872122063366318e-01,-1.785142077014412743e-01,-1.414956947041454971e-01,-8.489868590646052482e-01,-3.278207619691378971e-01
2.512893066972397005e-01,7.535920598698908623e-01,-1.783639252551958154e-01,-1.414514119631878064e-01,-8.489745866552829145e-01,-3.277688833174197125e-01
2.512627055509226159e-01,7.536969033243766658e-01,-1.782136105590871600e-01,-1.414069925916670578e-01,-8.489622733636065233e-01,-3.277168792553769028e-01
2.512361357182368304e-01,7.538017426266695464e-01,-1.780632650912128967e-01,-1.413624560721140899e-01,-8.489499262016411141e-01,-3.276647664086599354e-01
2.512095944061286668e-01,7.539065778214322222e-01,-1.779128901258291429e-01,-1.413178192033487379e-01,-8.489375512079586628e-01,-3.276125590992080561e-01
2.511830792103002530e-01,7.540114089437519596e-01,-1.777624867616295345e-01,-1.412730964698365732e-01,-8.489251535825845796e-01,-3.275602696630241506e-01
2.511565880612063872e-01,7.541162360217306126e-01,-1.776120559446460745e-01,-1.412283003594099473e-01,-8.489127378052298001e-01,-3.275079087276612233e-01
2.511301191774155672e-01,7.542210590767309819e-01,-1.774615984914088840e-01,-1.411834416374525558e-01,-8.489003077322708757e-01,-3.274554854462596865e-01
2.493712693725409490e-01,7.570912905596720588e-01,-1.734577786889080209e-01,-1.491143984565853342e-01,-8.617061433616144406e-01,-3.320396906891753819e-01
2.493395396298887234e-01,7.571992660573272360e-01,-1.733060010918394678e-01,-1.490958608396165674e-01,-8.617117554345259389e-01,-3.320078077247423098e-01
2.493083250309727772e-01,7.573061310373329080e-01,-1.731559309649353395e-01,-1.490745648465826301e-01,-8.617123651804076134e-01,-3.319750469251999681e-01
2.492776352407893581e-01,7.574123705165922704e-01,-1.730066798890410595e-01,-1.490504523940896220e-01,-8.617097522831707046e-01,-3.319406196965472566e-01
2.492474415144938504e-01,7.575182528771877699e-01,-1.728577772757548814e-01,-1.490236680822204784e-01,-8.617049569979923218e-01,-3.319042631598691506e-01
2.492176990930930203e-01,7.576239275218296099e-01,-1.727089785213138939e-01,-1.489944439751913763e-01,-8.616986065947973561e-01,-3.318659771791384050e-01
2.491883586789314375e-01,7.577294783140701151e-01,-1.725601606261847887e-01,-1.489630396528318357e-01,-8.616910947325161496e-01,-3.318258844772768446e-01
2.491593720736024753e-01,7.578349528599322982e-01,-1.724112654970409442e-01,-1.489297120736237934e-01,-8.616826804500762327e-01,-3.317841573413701228e-01
2.491306947276039907e-01,7.579403785890642675e-01,-1.722622692168451486e-01,-1.488947013942866215e-01,-8.616735431637974063e-01,-3.317409801862002405e-01
2.491022866847342476e-01,7.580457716130793999e-01,-1.721131654513456399e-01,-1.488582252229336267e-01,-8.616638135308583024e-01,-3.316965312833726753e-01
2.490741127203710825e-01,7.581511416227707523e-01,-1.719639565459113728e-01,-1.488204772247514740e-01,-8.616535910242811847e-01,-3.316509746241175227e-01
2.490461420936435633e-01,7.582564946167095199e-01,-1.718146487875840400e-01,-1.487816278936952563e-01,-8.616429541698293892e-01,-3.316044570413476666e-01
2.490183481394200593e-01,7.583618344277088807e-01,-1.716652499331781101e-01,-1.487418263067771529e-01,-8.616319666742833228e-01,-3.315571079666922438e-01
2.489907078117286898e-01,7.584671635913786680e-01,-1.715157679479755448e-01,-1.487012022489364038e-01,-8.616206812509965562e-01,-3.315090404401642155e-01
2.489632012355827984e-01,7.585724838430872863e-01,-1.713662104013028153e-01,-1.486598683881530381e-01,-8.616091421096816472e-01,-3.314603526297595359e-01
2.489358112928089506e-01,7.586777964087990656e-01,-1.712165842056945220e-01,-1.486179223452158138e-01,-8.615973866657168356e-01,-3.314111294971643362e-01
2.489085232491612398e-01,7.587831021812758703e-01,-1.710668955318173923e-01,-1.485754485952476833e-01,-8.615854467780316162e-01,-3.313614444208334842e-01
2.488813244279188541e-01,7.588884018258685860e-01,-1.709171498167918191e-01,-1.485325201684984386e-01,-8.615733496792183921e-01,-3.313113606958351109e-01
2.488542039242216952e-01,7.589936958483296525e-01,-1.707673518130830292e-01,-1.484892001593011990e-01,-8.615611187064025067e-01,-3.312609328775341089e-01
2.488271523576088828e-01,7.590989846393503271e-01,-1.706175056537691248e-01,-1.484455430516399832e-01,-8.615487738917386729e-01,-3.312102079667064713e-01
2.488001616592738496e-01,7.592042685047611927e-01,-1.704676149210146430e-01,-1.484015958752162023e-01,-8.615363324500903142e-01,-3.311592264481297287e-01
2.487732248877300989e-01,7.593095476860032278e-01,-1.703176827141160976e-01,-1.483573992145354736e-01,-8.615238091843560042e-01,-3.311080231865421442e-01
2.487463360710344407e-01,7.594148223759870087e-01,-1.701677117093985669e-01,-1.483129880835240555e-01,-8.615112168315883778e-01,-3.310566282075861344e-01
2.487194900713605161e-01,7.595200927285060688e-01,-1.700177042179340237e-01,-1.482683926831103449e-01,-8.614985663517666925e-01,-3.310050673668383792e-01
2.486926824679634163e-01,7.596253588674032331e-01,-1.698676622330669850e-01,-1.482236390592366893e-01,-8.614858671792647860e-01,-3.309533629303526014e-01
2.486659094566452954e-01,7.597306208929252014e-01,-1.697175874733115597e-01,-1.481787496718244279e-01,-8.614731274364748614e-01,-3.309015340728197474e-01
2.486391677635466646e-01,7.598358788864869595e-01,-1.695674814198250557e-01,-1.481337438862013189e-01,-8.614603541169436607e-01,-3.308495973065846973e-01
2.486124545716655587e-01,7.599411329138830995e-01,-1.694173453493482417e-01,-1.480886383963488651e-01,-8.614475532419330062e-01,-3.307975668530535596e-01
2.485857674564301567e-01,7.600463830290147271e-01,-1.692671803615108939e-01,-1.480434475936334149e-01,-8.614347299969469240e-01,-3.307454549599034288e-01
2.485591043313238047e-01,7.601516292751099302e-01,-1.691169874047952215e-01,-1.479981838823106188e-01,-8.614218888456774970e-01,-3.306932721740402648e-01
2.485324634004738853e-01,7.602568716881857869e-01,-1.689667672949883848e-01,-1.479528579541311284e-01,-8.614090336337303366e-01,-3.306410275805175547e-01
2.467502799966681537e-01,7.631640556909642381e-01,-1.649523469632228900e-01,-1.558576109739399640e-01,-8.742051509369438422e-01,-3.352711360723291678e-01
2.467183493377383408e-01,7.632724983830363463e-01,-1.648008112976320494e-01,-1.558384254019901105e-01,-8.742103397979101853e-01,-3.352393567771146388e-01
2.466869421895780401e-01,7.633798096404723621e-01,-1.646509950910134135e-01,-1.558165279727955210e-01,-8.742105211167152667e-01,-3.352066955415208271e-01
2.466560662515952795e-01,7.634864828270834236e-01,-1.645020037205654484e-01,-1.557918423044461487e-01,-8.742074773959475076e-01,-3.351723710828960479e-01
2.466256914922810572e-01,7.635927910471063118e-01,-1.643533632000852840e-01,-1.557645030123577523e-01,-8.742022505773027197e-01,-3.351361237299306239e-01
2.465957722444100664e-01,7.636988864099734098e-01,-1.642048271193592701e-01,-1.557347366571864566e-01,-8.741954688800176454e-01,-3.350979544995644765e-01
2.465662585243535154e-01,7.638048543651958511e-01,-1.640562715613430866e-01,-1.557027997122101826e-01,-8.741875264574759941e-01,-3.350579862654792795e-01
2.465371015863186133e-01,7.639107434827873133e-01,-1.639076379984952259e-01,-1.556689473046071470e-01,-8.741786825803622429e-01,-3.350163910002724732e-01
2.465082564282152222e-01,7.640165818045669965e-01,-1.637589023420703560e-01,-1.556334184310773361e-01,-8.741691167419408659e-01,-3.349733525999923356e-01
2.464796827110237454e-01,7.641223858549353043e-01,-1.636100582197118347e-01,-1.555964298939893908e-01,-8.741589595948865421e-01,-3.349290487502127323e-01
2.464513448821510633e-01,7.642281656221637798e-01,-1.634611080013495255e-01,-1.555581747414792326e-01,-8.741483105693040878e-01,-3.348836428531373199e-01
2.464232119182099001e-01,7.643339273311001714e-01,-1.633120580268999367e-01,-1.555188229542616707e-01,-8.741372481282401186e-01,-3.348372811776547109e-01
2.463952569100825718e-01,7.644396749973906280e-01,-1.631629161110971504e-01,-1.554785231584100147e-01,-8.741258359140248180e-01,-3.347900926326201620e-01
2.463674566015038314e-01,7.645454113072183144e-01,-1.630136902777687691e-01,-1.554374047287174765e-01,-8.741141265728552545e-01,-3.347421897754676579e-01
2.463397909365350469e-01,7.646511381246748895e-01,-1.628643881475268784e-01,-1.553955799549643080e-01,-8.741021642527797564e-01,-3.346936703375323341e-01
2.463122426408742294e-01,7.647568567876417145e-01,-1.627150166759965821e-01,-1.553531461092552968e-01,-8.740899863136183390e-01,-3.346446188844737213e-01
2.462847968471779947e-01,7.648625682850150875e-01,-1.625655820713376720e-01,-1.553101873420983658e-01,-8.740776245612061901e-01,-3.345951084377489781e-01
2.462574407643955687e-01,7.649682733667937384e-01,-1.624160898006188070e-01,-1.552667763856059036e-01,-8.740651061810702505e-01,-3.345452019714565406e-01
2.462301633899567355e-01,7.650739726119947237e-01,-1.622665446418878887e-01,-1.552229760605035869e-01,-8.740524544656520511e-01,-3.344949537505226278e-01
2.462029552597871929e-01,7.651796664771353118e-01,-1.621169507460572534e-01,-1.551788406016386679e-01,-8.740396894104246472e-01,-3.344444105187431293e-01
2.461758082340453346e-01,7.652853553244555185e-01,-1.619673117111325722e-01,-1.551344168114768551e-01,-8.740268281942086270e-01,-3.343936125284863725e-01
2.461487153112329462e-01,7.653910394445688770e-01,-1.618176306487903449e-01,-1.550897450676029798e-01,-8.740138855872187085e-01,-3.343425944380367665e-01
2.461216704685158241e-01,7.654967190727622883e-01,-1.616679102458804251e-01,-1.550448601969215134e-01,-8.740008742955088783e-01,-3.342913860876275400e-01
2.460946685245233856e-01,7.656023944006241644e-01,-1.615181528204971129e-01,-1.549997922331435296e-01,-8.739878052526011132e-01,-3.342400131684803433e-01
2.460677050216812378e-01,7.657080655847363637e-01,-1.613683603715509174e-01,-1.549545670717754897e-01,-8.739746878684316878e-01,-3.341884977996448236e-01
2.460407761249193970e-01,7.658137327532325012e-01,-1.612185346225252780e-01,-1.549092070372171392e-01,-8.739615302419843079e-01,-3.341368590248167680e-01
2.460138785345059864e-01,7.659193960120235234e-01,-1.610686770577166582e-01,-1.548637313732927345e-01,-8.739483393464000383e-01,-3.340851132415377234e-01
2.459870094112516503e-01,7.660250554486099928e-01,-1.609187889556331352e-01,-1.548181566664211251e-01,-8.739351211851722478e-01,-3.340332745685561933e-01
2.459601663120321580e-01,7.661307111348216736e-01,-1.607688714184885848e-01,-1.547724972116461539e-01,-8.739218809255651088e-01,-3.339813551612677567e-01
2.459333471346412947e-01,7.662363631301740696e-01,-1.606189253954263818e-01,-1.547267653278635857e-01,-8.739086230165841185e-01,-3.339293654861345551e-01
2.459065500701605733e-01,7.663420114842129927e-01,-1.604689517034302293e-01,-1.546809716304481386e-01,-8.738953512892251307e-01,-3.338773145560838818e-01
2.441025199400021495e-01,7.692858554062346199e-01,-1.564439532732515570e-01,-1.625592509844318578e-01,-8.866817054788640462e-01,-3.385543639447453068e-01
2.440704079929179871e-01,7.693947516956601840e-01,-1.562926683150800133e-01,-1.625394124019903519e-01,-8.866864774043203834e-01,-3.385227011460620883e-01
2.440388268623492896e-01,7.695024954853908472e-01,-1.561431155860508180e-01,-1.625169097126490381e-01,-8.866862360503445784e-01,-3.384901527805094235e-01
2.440077827079607797e-01,7.696095886676694864e-01,-1.559943936202247416e-01,-1.624916476516994612e-01,-8.866827674680437532e-01,-3.384559444363141045e-01
2.439772444332187207e-01,7.697163091096151932e-01,-1.558460248145893956e-01,-1.624637505966955442e-01,-8.866771154735036964e-01,-3.384198195667071363e-01
2.439471655823777507e-01,7.698228116195978687e-01,-1.556977609022157094e-01,-1.624334394945431692e-01,-8.866699092258880643e-01,-3.383817803768307542e-01
2.439174955530148126e-01,7.699291832157693083e-01,-1.555494770557891704e-01,-1.624009676637596100e-01,-8.866615433113195222e-01,-3.383419499490573079e-01
2.438881850934226103e-01,7.700354734123077138e-01,-1.554011143429936403e-01,-1.623665883735194437e-01,-8.866522771578631001e-01,-3.383004999810563240e-01
2.438591887761422383e-01,7.701417108512246257e-01,-1.552526485274494106e-01,-1.623305394444368721e-01,-8.866422902806226913e-01,-3.382576138775525432e-01
2.438304659002032138e-01,7.702479124615405626e-01,-1.551040732182206172e-01,-1.622930368568388237e-01,-8.866317132861073480e-01,-3.382134687505320980e-01
2.438019806006437029e-01,7.703540885243927994e-01,-1.549553908245258071e-01,-1.622542730291502699e-01,-8.866206455306780976e-01,-3.381682274125777932e-01
2.437737015859106904e-01,7.704602454888267449e-01,-1.548066077480347857e-01,-1.622144174130469574e-01,-8.866091653944297990e-01,-3.381220355652274634e-01
2.437456017154877863e-01,7.705663875512022143e-01,-1.546577318695704639e-01,-1.621736181680584754e-01,-8.865973364372570220e-01,-3.380750215851596741e-01
2.437176575335353312e-01,7.706725175486455193e-01,-1.545087712749077247e-01,-1.621320042453343602e-01,-8.865852112278206354e-01,-3.380272975386283685e-01
2.436898488127237639e-01,7.707786374739357127e-01,-1.543597336393137121e-01,-1.620896875434413298e-01,-8.865728338426790422e-01,-3.379789607090792347e-01
2.436621581316738561e-01,7.708847487766569140e-01,-1.542106259641371491e-01,-1.620467649726898551e-01,-8.865602415776230316e-01,-3.379300952568155547e-01
2.436345704970866721e-01,7.709908525426614201e-01,-1.540614544961009524e-01,-1.620033203491788587e-01,-8.865474661795599287e-01,-3.378807738362273327e-01
2.436070730102797288e-01,7.710969496067400231e-01,-1.539122247337215976e-01,-1.619594260970901589e-01,-8.865345347807980225e-01,-3.378310590908530919e-01
2.435796545767506815e-01,7.712030406230635515e-01,-1.537629414789251636e-01,-1.619151447552999445e-01,-8.865214706277267931e-01,-3.377810049906715961e-01
2.435523056552014731e-01,7.713091261116168385e-01,-1.536136089047531461e-01,-1.618705302986323813e-01,-8.865082936695080074e-01,-3.377306580129957325e-01
2.435250180395100716e-01,7.714152064916093288e-01,-1.534642306249063559e-01,-1.618256292950262243e-01,-8.864950210458921731e-01,-3.376800581730505790e-01
2.434977846717487349e-01,7.715212821035543067e-01,-1.533148097632641982e-01,-1.617804819102408587e-01,-8.864816674917779249e-01,-3.376292399167429847e-01
2.434705994815353769e-01,7.716273532260179424e-01,-1.531653490163898956e-01,-1.617351227792901414e-01,-8.864682456807547739e-01,-3.375782328949477051e-01
2.434434572478302583e-01,7.717334200875290984e-01,-1.530158507107594323e-01,-1.616895817618437536e-01,-8.864547665155086964e-01,-3.375270626302726562e-01
2.434163534792785355e-01,7.718394828772808802e-01,-1.528663168511907589e-01,-1.616438845980180394e-01,-8.864412393788224653e-01,-3.374757510918592884e-01
2.433892843119162264e-01,7.719455417528056085e-01,-1.527167491641368002e-01,-1.615980534741076058e-01,-8.864276723472122033e-01,-3.374243171907670980e-01
2.433622464226809223e-01,7.720515968430127218e-01,-1.525671491394706425e-01,-1.615521075078469870e-01,-8.864140723681920297e-01,-3.373727772045914675e-01
2.433352369519065916e-01,7.721576482566584465e-01,-1.524175180585130296e-01,-1.615060631753768849e-01,-8.864004454244294173e-01,-3.373211451454982690e-01
2.433082534399297892e-01,7.722636960840525422e-01,-1.522678570249097196e-01,-1.614599346720092254e-01,-8.863867966651529651e-01,-3.372694330768983284e-01
2.432812937702410194e-01,7.723697404012548340e-01,-1.521181669881362664e-01,-1.614137342290654087e-01,-8.863731305239014313e-01,-3.372176513834094225e-01
2.432543561218016015e-01,7.724757812714054817e-01,-1.519684487665363681e-01,-1.613674723843390446e-01,-8.863594508157612850e-01,-3.371658090032284560e-01
2.414299483579085137e-01,7.754559889842657094e-01,-1.479328740527650898e-01,-1.692190761484118344e-01,-8.991359754314470765e-01,-3.418908365990018794e-01
2.413976743712740736e-01,7.755653252131399222e-01,-1.477818485066234311e-01,-1.691985798886844194e-01,-8.991403365783302570e-01,-3.418593030622147366e-01
2.413659374507612088e-01,7.756734877314597210e-01,-1.476325687589136459e-01,-1.691754684646950835e-01,-8.991396782055305348e-01,-3.418268807965012535e-01
2.413347426373490257e-01,7.757809871450151995e-01,-1.474841258548666434e-01,-1.691496271512687444e-01,-8.991357906291770341e-01,-3.417928018345037233e-01
2.413040579908266037e-01,7.758881061243391164e-01,-1.473360383515387728e-01,-1.691211698405178654e-01,-8.991297197237373418e-01,-3.417568126769821024e-01
2.412738363851936463e-01,7.759950021692950672e-01,-1.471880560716518349e-01,-1.690903117649366072e-01,-8.991220955795727887e-01,-3.417189167510121806e-01
2.412440266670250744e-01,7.761017638450836698e-01,-1.470400532887455036e-01,-1.690573030436236246e-01,-8.991133131463436845e-01,-3.416792373987167508e-01
2.412145791197674305e-01,7.762084415932273274e-01,-1.468919706881055554e-01,-1.690223950666795150e-01,-8.991036319442072822e-01,-3.416379460878543606e-01
2.411854479188387801e-01,7.763150646416026035e-01,-1.467437839115408593e-01,-1.689858244622566286e-01,-8.990932314518997881e-01,-3.415952257564678352e-01
2.411565920210411162e-01,7.764216503156160520e-01,-1.465954865689364783e-01,-1.689478063772388572e-01,-8.990822421877753268e-01,-3.415512529523301866e-01
2.411279752667190857e-01,7.765282091837438783e-01,-1.464470811227225888e-01,-1.689085325835317508e-01,-8.990707634041746887e-01,-3.415061899018645986e-01
2.410995661099230580e-01,7.766347479162921674e-01,-1.462985740464681772e-01,-1.688681719904149836e-01,-8.990588733757456374e-01,-3.414601817328363764e-01
2.410713371904610602e-01,7.767412708890796269e-01,-1.461499732938937035e-01,-1.688268722781591513e-01,-8.990466355635815532e-01,-3.414133562794924304e-01
2.410432648644611764e-01,7.768477810898538616e-01,-1.460012870162912257e-01,-1.687847619590700232e-01,-8.990341024477126464e-01,-3.413658251096128859e-01
2.410153287425130519e-01,7.769542806402887081e-01,-1.458525229463440986e-01,-1.687419525287285060e-01,-8.990213180239332580e-01,-3.413176850477398494e-01
2.409875112648955098e-01,7.770607711013060026e-01,-1.457036881339505707e-01,-1.686985405234607271e-01,-8.990083195150027073e-01,-3.412690198379237372e-01
2.409597973200460208e-01,7.771672536564894207e-01,-1.455547888648528465e-01,-1.686546094142253316e-01,-8.989951386036274528e-01,-3.412199017594518269e-01
2.409321739083939984e-01,7.772737292258364850e-01,-1.454058306697730563e-01,-1.686102313077702808e-01,-8.989818023635305355e-01,-3.411703931171448656e-01
2.409046298502850181e-01,7.773801985375653478e-01,-1.452568183769431254e-01,-1.685654684504859779e-01,-8.989683339876101131e-01,-3.411205475777874252e-01
2.408771555316207014e-01,7.774866621772651420e-01,-1.451077561794283655e-01,-1.685203745517177831e-01,-8.989547533780932742e-01,-3.410704113469870125e-01
2.408497426850076117e-01,7.775931206202836288e-01,-1.449586477084629232e-01,-1.684749959371099060e-01,-8.989410776297255268e-01,-3.410200241954691736e-01
2.408223842008212212e-01,7.776995742567537340e-01,-1.448094961006619608e-01,-1.684293725530080499e-01,-8.989273214382178523e-01,-3.409694203527103284e-01
2.407950739650166483e-01,7.778060234078627566e-01,-1.446603040636224302e-01,-1.683835388363671692e-01,-8.989134974400485589e-01,-3.409186292747968250e-01
2.407678067194435612e-01,7.779124683404198271e-01,-1.445110739306729175e-01,-1.683375244696629636e-01,-8.988996165067910660e-01,-3.408676763124246500e-01
2.407405779418533842e-01,7.780189092759696168e-01,-1.443618077131260113e-01,-1.682913550330429608e-01,-8.988856879910167574e-01,-3.408165832807470430e-01
2.407133837427894441e-01,7.781253463990204233e-01,-1.442125071439511741e-01,-1.682450525685582898e-01,-8.988717199396265567e-01,-3.407653689530877883e-01
2.406862207767558326e-01,7.782317798646941620e-01,-1.440631737141555568e-01,-1.681986360677479309e-01,-8.988577192791183945e-01,-3.407140494870599112e-01
2.406590861663502057e-01,7.783382098021632833e-01,-1.439138087086825057e-01,-1.681521218915711380e-01,-8.988436919685098836e-01,-3.406626387870830830e-01
2.406319774365243414e-01,7.784446363203154640e-01,-1.437644132328518842e-01,-1.681055241341223860e-01,-8.988296431372732043e-01,-3.406111488208741211e-01
2.406048924581619675e-01,7.785510595107127951e-01,-1.436149882380582388e-01,-1.680588549361604900e-01,-8.988155771999459809e-01,-3.405595898878940320e-01
2.405778294002402229e-01,7.786574794498122287e-01,-1.434655345437865770e-01,-1.680121247538267915e-01,-8.988014979547966909e-01,-3.405079708524433313e-01
2.387344941931897058e-01,7.816737507131877871e-01,-1.394193655931192377e-01,-1.758369177488839641e-01,-9.115681052043222987e-01,-3.452820155008234915e-01
2.387020770218690191e-01,7.817835131479884403e-01,-1.392686081180919411e-01,-1.758157595325307576e-01,-9.115720616143587751e-01,-3.452506239386681774e-01
2.386702021126010653e-01,7.818920805199016666e-01,-1.391196108275288001e-01,-1.757920362554822313e-01,-9.115709917802060636e-01,-3.452183409236066480e-01
2.386388738080092997e-01,7.819999723352526466e-01,-1.389714566250822847e-01,-1.757656131520911602e-01,-9.115666909870627777e-01,-3.451844045325452304e-01
2.386080595433253682e-01,7.821074761090744953e-01,-1.388236600006720889e-01,-1.757365933910215450e-01,-9.115602073481496870e-01,-3.451485642404828469e-01
2.385777116419655342e-01,7.822147520222857420e-01,-1.386759688129745594e-01,-1.757051863922518553e-01,-9.115521718722294775e-01,-3.451108247315632926e-01
2.385477784656344358e-01,7.823218901679296344e-01,-1.385282564416520923e-01,-1.756716390400957784e-01,-9.115429798100340708e-01,-3.450713096594119622e-01
2.385182098744352275e-01,7.824289418940371110e-01,-1.383804632163817827e-01,-1.756362008264498453e-01,-9.115328907013686699e-01,-3.450301902995377423e-01
2.384889596745112250e-01,7.825359370004172366e-01,-1.382325646810300124e-01,-1.755991071744994192e-01,-9.115220839325517410e-01,-3.449876491482774532e-01
2.384599865015324671e-01,7.826428931995157434e-01,-1.380845544654633328e-01,-1.755605723843748911e-01,-9.115106898915887879e-01,-3.449438622000972621e-01
2.384312539176358936e-01,7.827498213411792083e-01,-1.379364351000124944e-01,-1.755207875690297514e-01,-9.114988076951041629e-01,-3.448989910942357184e-01
2.384027301363877416e-01,7.828567283146424804e-01,-1.377882131385527731e-01,-1.754799210822900191e-01,-9.114865154917860535e-01,-3.448531803804644191e-01
2.383743875908850840e-01,7.829636186738091475e-01,-1.376398966132329205e-01,-1.754381201101527787e-01,-9.114738766288293936e-01,-3.448065573444183407e-01
2.383462024592438722e-01,7.830704955561134106e-01,-1.374914937462013431e-01,-1.753955127149407767e-01,-9.114609434838509827e-01,-3.447592330415784057e-01
2.383181542001784614e-01,7.831773612119987682e-01,-1.373430123298276517e-01,-1.753522099756807395e-01,-9.114477599628938442e-01,-3.447113038289468245e-01
2.382902251243056435e-01,7.832842173137126718e-01,-1.371944594644878834e-01,-1.753083080431560581e-01,-9.114343632076499224e-01,-3.446628530246119704e-01
2.382624000095840411e-01,7.833910651428755978e-01,-1.370458414758392029e-01,-1.752638900325543536e-01,-9.114207848304617388e-01,-3.446139525242961632e-01
2.382346657628144904e-01,7.834979057042154027e-01,-1.368971639284440045e-01,-1.752190277225727233e-01,-9.114070518396026888e-01,-3.445646642857098096e-01
2.382070111249031397e-01,7.836047398006437126e-01,-1.367484316768513841e-01,-1.751737830594671252e-01,-9.113931873703305930e-01,-3.445150416649217506e-01
2.381794264144566076e-01,7.837115680829337405e-01,-1.365996489353880905e-01,-1.751282094791298261e-01,-9.113792112723828609e-01,-3.444651305886211046e-01
2.381519033073458136e-01,7.838183910835468948e-01,-1.364508193517671442e-01,-1.750823530586235188e-01,-9.113651405935236927e-01,-3.444149705785022886e-01
2.381244346464069794e-01,7.839252092420232465e-01,-1.363019460760361012e-01,-1.750362535187597324e-01,-9.113509899861512720e-01,-3.443645956417888954e-01
2.380970142774398168e-01,7.840320229232724536e-01,-1.361530318252679450e-01,-1.749899450937036360e-01,-9.113367720489791157e-01,-3.443140350372995151e-01
2.380696369090054554e-01,7.841388324302362989e-01,-1.360040789429801389e-01,-1.749434572822576028e-01,-9.113224976151500512e-01,-3.442633139368409534e-01
2.380422979907514669e-01,7.842456380178172148e-01,-1.358550894453445790e-01,-1.748968155007909753e-01,-9.113081760069937642e-01,-3.442124540006847311e-01
2.380149936098069074e-01,7.843524398983791057e-01,-1.357060650706857774e-01,-1.748500416442687055e-01,-9.112938152414379323e-01,-3.441614738616670666e-01
2.379877204014266556e-01,7.844592382507427075e-01,-1.355570073146303012e-01,-1.748031545722708302e-01,-9.112794222170821357e-01,-3.441103895529825651e-01
2.379604754714618742e-01,7.845660332261508163e-01,-1.354079174636006744e-01,-1.747561705299343904e-01,-9.112650028707675043e-01,-3.440592148696322572e-01
2.379332563315377791e-01,7.846728249509834496e-01,-1.352587966260586083e-01,-1.747091035066804521e-01,-9.112505623086472051e-01,-3.440079616806352991e-01
2.379060608416923017e-01,7.847796135325749711e-01,-1.351096457545553353e-01,-1.746619655497439194e-01,-9.112361049259979362e-01,-3.439566402003281231e-01
2.378788871611930145e-01,7.848863990614931563e-01,-1.349604656690516491e-01,-1.746147670341170188e-01,-9.112216345041659338e-01,-3.439052592161482291e-01
2.360180547957858033e-01,7.879384283281573031e-01,-1.309036667012639099e-01,-1.824126795183537431e-01,-9.239782140753159956e-01,-3.487293620169027442e-01
2.359855128829657089e-01,7.880486031465844254e-01,-1.307531859388945394e-01,-1.823908554624225353e-01,-9.239817716775999834e-01,-3.486981250859257364e-01
2.359535173812601638e-01,7.881575614128141227e-01,-1.306044805790037289e-01,-1.823665175704927421e-01,-9.239802958473352090e-01,-3.486659943999543820e-01
2.359220723503079598e-01,7.882658317226378664e-01,-1.304566247263690137e-01,-1.823395104639697895e-01,-9.239755875277653185e-01,-3.486322136910697256e-01
2.358911448189952020e-01,7.883737064773229664e-01,-1.303091285710167579e-01,-1.823099263566557160e-01,-9.239686972497447304e-01,-3.485965353452921689e-01
2.358606866774352606e-01,7.884813485284321022e-01,-1.301617379515521700e-01,-1.822779687690016803e-01,-9.239602569272731269e-01,-3.485589653365612217e-01
2.358306458707566389e-01,7.885888494720874053e-01,-1.300143253637587315e-01,-1.822438813142355230e-01,-9.239506620411856996e-01,-3.485196276784843783e-01
2.358009718766222451e-01,7.886962615437156376e-01,-1.298668308037705388e-01,-1.822079115724284104e-01,-9.239401720843899435e-01,-3.484786934954123283e-01
2.357716181594206872e-01,7.888036151005471952e-01,-1.297192297410971473e-01,-1.821702937520413013e-01,-9.239289662947295367e-01,-3.484363448640296901e-01
2.357425430548217293e-01,7.889109282316868477e-01,-1.295715158452890314e-01,-1.821312412949195880e-01,-9.239171748864132283e-01,-3.483927572347422230e-01
2.357137098637167583e-01,7.890182120629564144e-01,-1.294236917271144871e-01,-1.820909446424700817e-01,-9.239048968111587268e-01,-3.483480916619406398e-01
2.356850865731416056e-01,7.891254736987128870e-01,-1.292757640309671607e-01,-1.820495715805131864e-01,-9.238922100683331085e-01,-3.483024921094407533e-01
2.356566454217889350e-01,7.892327178688713918e-01,-1.291277408741365873e-01,-1.820072687877218320e-01,-9.238791778741449745e-01,-3.482560853045315596e-01
2.356283624208435623e-01,7.893399478609449682e-01,-1.289796305514127328e-01,-1.819641638636539660e-01,-9.238658524945070338e-01,-3.482089817839213453e-01
2.356002168867704916e-01,7.894471660534334578e-01,-1.288314409182239051e-01,-1.819203674587235586e-01,-9.238522777348735504e-01,-3.481612774255217757e-01
2.355721910092953286e-01,7.895543742303449131e-01,-1.286831791261433267e-01,-1.818759753268776591e-01,-9.238384906493014581e-01,-3.481130551129094086e-01
2.355442694635611345e-01,7.896615737707716187e-01,-1.285348515429467764e-01,-1.818310702172811766e-01,-9.238245227715067287e-01,-3.480643863476714506e-01
2.355164390697219445e-01,7.897687657645215964e-01,-1.283864637671782438e-01,-1.817857235711094477e-01,-9.238104010393938248e-01,-3.480153327331926283e-01
2.354886884952667181e-01,7.898759510893175184e-01,-1.282380206801700395e-01,-1.817399970262313647e-01,-9.237961485255705707e-01,-3.479659473075614184e-01
2.354610079969659264e-01,7.899831304613155192e-01,-1.280895265175148179e-01,-1.816939437374273381e-01,-9.237817850233287498e-01,-3.479162757124548699e-01
2.354333891990990912e-01,7.900903044690502641e-01,-1.279409849451110248e-01,-1.816476095256322754e-01,-9.237673275273662332e-01,-3.478663572141839078e-01
2.354058249006716896e-01,7.901974736024978130e-01,-1.277923991252052915e-01,-1.816010338814370295e-01,-9.237527906453052440e-01,-3.478162255933758273e-01
2.353783089116738281e-01,7.903046382685192661e-01,-1.276437717868953159e-01,-1.815542508292036505e-01,-9.237381869314895688e-01,-3.477659099054102310e-01
2.353508359100224545e-01,7.904117988081015289e-01,-1.274951052810713858e-01,-1.815072896811695258e-01,-9.237235271819911331e-01,-3.477154351422110934e-01
2.353234013203181207e-01,7.905189555077456465e-01,-1.273464016315376257e-01,-1.814601756850504899e-01,-9.237088206826350456e-01,-3.476648228023139220e-01
2.352960012089179154e-01,7.906261086081738387e-01,-1.271976625809015660e-01,-1.814129305849116192e-01,-9.236940754197187076e-01,-3.476140913772978180e-01
2.352686321931473923e-01,7.907332583132407056e-01,-1.270488896277016666e-01,-1.813655731073674227e-01,-9.236792982645590788e-01,-3.475632567736473000e-01
2.352412913652490445e-01,7.908404047940648107e-01,-1.269000840624740223e-01,-1.813181193758617027e-01,-9.236644951263213166e-01,-3.475123326738763785e-01
2.352139762247100752e-01,7.909475481961326659e-01,-1.267512469943377074e-01,-1.812705832739363587e-01,-9.236496710898836060e-01,-3.474613308488320174e-01
2.351866846218032825e-01,7.910546886417201273e-01,-1.266023793785517604e-01,-1.812229767540309011e-01,-9.236348305278108128e-01,-3.474102614228602448e-01
2.351594147082511910e-01,7.911618262348270036e-01,-1.264534820358831357e-01,-1.811753101059176974e-01,-9.236199772028013122e-01,-3.473591331067148458e-01
2.332824945216801227e-01,7.942493019900483953e-01,-1.223860006309078902e-01,-1.889463367921071779e-01,-9.363663961986339324e-01,-3.522343387144652449e-01
2.332498458825930654e-01,7.943598752688735276e-01,-1.222358052323631039e-01,-1.889238434165988190e-01,-9.363695608142469373e-01,-3.522032690168391822e-01
2.332177467632594592e-01,7.944692103721150422e-01,-1.220874013056555268e-01,-1.888988885129566919e-01,-9.363676843587135368e-01,-3.521713036558891674e-01
2.331862013521860399e-01,7.945778451812939291e-01,-1.219398534839984949e-01,-1.888712955227064005e-01,-9.363625741223908783e-01,-3.521376916606799856e-01
2.331551764895109791e-01,7.946860770207805347e-01,-1.217926674281005206e-01,-1.888411454784144072e-01,-9.363552832188573039e-01,-3.521021882652121682e-01
2.331246237486060413e-01,7.947940714014184449e-01,-1.216455868984152588e-01,-1.888086359207401532e-01,-9.363464444535397613e-01,-3.520648007671985380e-01
2.330944907244565101e-01,7.949019213992302157e-01,-1.214984835124552631e-01,-1.887740071647515949e-01,-9.363364534712189657e-01,-3.520256535900438410e-01
2.330647265535549240e-01,7.950096801145305481e-01,-1.213512969581824613e-01,-1.887375048667971622e-01,-9.363255696460213162e-01,-3.519849177421136011e-01
2.330352843866362600e-01,7.951173784461752492e-01,-1.212040026544520532e-01,-1.886993620119481463e-01,-9.363139720105340125e-01,-3.519427749027316810e-01
2.330061222797707443e-01,7.952250348509768418e-01,-1.210565943272585709e-01,-1.886597911752114221e-01,-9.363017905655912632e-01,-3.518993999883236468e-01
2.329772032892537814e-01,7.953326607234242340e-01,-1.209090746829502155e-01,-1.886189821154071189e-01,-9.362891240648514302e-01,-3.518549534647305022e-01
2.329484951903447454e-01,7.954402633799404487e-01,-1.207614504640501518e-01,-1.885771020370607121e-01,-9.362760503380826993e-01,-3.518095787074855818e-01
2.329199700393279615e-01,7.955478477253116187e-01,-1.206137298778201528e-01,-1.885342970997849477e-01,-9.362626324557401514e-01,-3.517634018770062765e-01
2.328916036917287880e-01,7.956554171946101928e-01,-1.204659212978595462e-01,-1.884906944268649187e-01,-9.362489225562808937e-01,-3.517165329783106253e-01
2.328633753316949329e-01,7.957629742947108786e-01,-1.203180326435768083e-01,-1.884464042282437135e-01,-9.362349643367989804e-01,-3.516690674028903896e-01
2.328352670367154209e-01,7.958705209209860909e-01,-1.201700711196708321e-01,-1.884015218500317279e-01,-9.362207947551305365e-01,-3.516210875894118515e-01
2.328072633865006791e-01,7.959780585505793482e-01,-1.200220431361813805e-01,-1.883561296662596418e-01,-9.362064452608531706e-01,-3.515726646364857877e-01
2.327793511214389932e-01,7.960855883585221671e-01,-1.198739543259596113e-01,-1.883102987715151444e-01,-9.361919427160877438e-01,-3.515238597856282787e-01
2.327515188418936842e-01,7.961931112968845259e-01,-1.197258095980874987e-01,-1.882640904866901554e-01,-9.361773101249181162e-01,-3.514747257492641941e-01
2.327237567484422842e-01,7.963006281463935743e-01,-1.195776132107933265e-01,-1.882175576775263759e-01,-9.361625672180836633e-01,-3.514253078771387151e-01
2.326960564180649005e-01,7.964081395536487529e-01,-1.194293688451975172e-01,-1.881707459036765506e-01,-9.361477309377268519e-01,-3.513756451775176815e-01
2.326684106110104289e-01,7.965156460564465357e-01,-1.192810796794456785e-01,-1.881236944174495829e-01,-9.361328158380261000e-01,-3.513257711966404906e-01
2.326408131040276495e-01,7.966231481053384078e-01,-1.191327484524979108e-01,-1.880764370311575895e-01,-9.361178344290724818e-01,-3.512757147829104754e-01
2.326132585484172732e-01,7.967306460787535460e-01,-1.189843775228730111e-01,-1.880290028640755895e-01,-9.361027974667076590e-01,-3.512255007460418632e-01
2.325857423463319473e-01,7.968381402947846137e-01,-1.188359689220236382e-01,-1.879814169918662958e-01,-9.360877141978397598e-01,-3.511751504188455608e-01
2.325582605453712648e-01,7.969456310230499385e-01,-1.186875243961068860e-01,-1.879337010054747958e-01,-9.360725925770394529e-01,-3.511246821488367420e-01
2.325308097482253200e-01,7.970531184902658328e-01,-1.185390454491802720e-01,-1.878858734925901441e-01,-9.360574394426612876e-01,-3.510741117121512489e-01
2.325033870344628273e-01,7.971606028889164364e-01,-1.183905333739240090e-01,-1.878379504547901258e-01,-9.360422606773173282e-01,-3.510234526774694830e-01
2.324759898936484825e-01,7.972680843821858820e-01,-1.182419892818635937e-01,-1.877899456659375410e-01,-9.360270613406087570e-01,-3.509727167141439286e-01
2.324486161677537244e-01,7.973755631083324635e-01,-1.180934141290062162e-01,-1.877418709816897624e-01,-9.360118457837851569e-01,-3.509219138577632791e-01
2.324212640014992337e-01,7.974830391849830891e-01,-1.179448087369717596e-01,-1.876937366065456469e-01,-9.359966177497478501e-01,-3.508710527389976574e-01
2.305296434665283778e-01,8.006056431837721421e-01,-1.138665772314362140e-01,-1.954379355704685128e-01,-9.487327203426825228e-01,-3.557984105462473345e-01
2.304969056756224211e-01,8.007166008839972093e-01,-1.137166758885501394e-01,-1.954147697982598908e-01,-9.487354976842981014e-01,-3.557675206343716701e-01
2.304647194774551988e-01,8.008262986608849499e-01,-1.135685829484574527e-01,-1.953891958567164355e-01,-9.487332258914161764e-01,-3.557357335198467196e-01
2.304330896013213614e-01,8.009352838742335168e-01,-1.134213529000167170e-01,-1.953610154371505370e-01,-9.487277192690176664e-01,-3.557023031890579334e-01
2.304019829131962460e-01,8.010438588104866753e-01,-1.132744866383708637e-01,-1.953302981756790124e-01,-9.487200336794930911e-01,-3.556669876712119094e-01
2.303713507855778275e-01,8.011521916254493725e-01,-1.131277257889516524e-01,-1.952972355594468357e-01,-9.487108028006864258e-01,-3.556297956213979039e-01
2.303411405294305825e-01,8.012603768499998447e-01,-1.129809410969004613e-01,-1.952620645826648182e-01,-9.487004223734870623e-01,-3.555908519200102758e-01
2.303113009804732825e-01,8.013684684278227222e-01,-1.128340719641416912e-01,-1.952250289714270171e-01,-9.486891515853947965e-01,-3.555503274962091287e-01
2.302817850044327763e-01,8.014764977822054215e-01,-1.126870937829401453e-01,-1.951863604791425066e-01,-9.486771692060352867e-01,-3.555084036531490632e-01
2.302525503987259137e-01,8.015844837254361144e-01,-1.125400003564342166e-01,-1.951462708055150264e-01,-9.486646049773245215e-01,-3.554652547784002969e-01
2.302235599912831332e-01,8.016924379160534908e-01,-1.123927944966309905e-01,-1.951049490178976553e-01,-9.486515574284667407e-01,-3.554210407512877756e-01
2.301947813596028902e-01,8.018003678785748933e-01,-1.122454830532687853e-01,-1.950625617281644408e-01,-9.486381041970611827e-01,-3.553759043511862115e-01
2.301661863904276573e-01,8.019082786901234883e-01,-1.120980743295093979e-01,-1.950192545636888763e-01,-9.486243081910256114e-01,-3.553299711636762614e-01
2.301377507947007517e-01,8.020161739327622552e-01,-1.119505767802650570e-01,-1.949751541592917581e-01,-9.486102214103835362e-01,-3.552833506536307029e-01
2.301094536338005314e-01,8.021240562406095620e-01,-1.118029983922432385e-01,-1.949303702733212185e-01,-9.485958874325506329e-01,-3.552361377138178455e-01
2.300812768812167675e-01,8.022319276214346928e-01,-1.116553464227369036e-01,-1.948849978346065270e-01,-9.485813431138083729e-01,-3.551884143298636998e-01
2.300532050297507125e-01,8.023397896490036540e-01,-1.115076273263926193e-01,-1.948391188302927290e-01,-9.485666198105886515e-01,-3.551402511882449931e-01
2.300252247468474731e-01,8.024476435834478893e-01,-1.113598467709013967e-01,-1.947928039997380567e-01,-9.485517443033397722e-01,-3.550917091605767517e-01
2.299973245714473369e-01,8.025554904520875166e-01,-1.112120096919880091e-01,-1.947461143399329131e-01,-9.485367395245309918e-01,-3.550428406275686344e-01
2.299694946531683215e-01,8.026633311005507698e-01,-1.110641203700393764e-01,-1.946991024209190346e-01,-9.485216251387947883e-01,-3.549936906412025639e-01
2.299417265270837507e-01,8.027711662309872098e-01,-1.109161825050113265e-01,-1.946518135330358723e-01,-9.485064180267340772e-01,-3.549442979428648060e-01
2.299140129182710157e-01,8.028789964309955840e-01,-1.107681992878601918e-01,-1.946042866864618748e-01,-9.484911326900028472e-01,-3.548946958428118581e-01
2.298863475745652196e-01,8.029868221938857298e-01,-1.106201734682179944e-01,-1.945565554749175141e-01,-9.484757815901362354e-01,-3.548449129782815237e-01
2.298587251231919704e-01,8.030946439350393762e-01,-1.104721074133360875e-01,-1.945086488219826826e-01,-9.484603754384907104e-01,-3.547949739701775074e-01
2.298311409468238586e-01,8.032024620053133113e-01,-1.103240031599381082e-01,-1.944605916272701129e-01,-9.484449234438618870e-01,-3.547448999860655650e-01
2.298035910773914559e-01,8.033102767006491396e-01,-1.101758624613030507e-01,-1.944124053235818939e-01,-9.484294335218682592e-01,-3.546947092229320031e-01
2.297760721045544741e-01,8.034180882727038897e-01,-1.100276868236404332e-01,-1.943641083583861617e-01,-9.484139124806489907e-01,-3.546444173277621403e-01
2.297485810972841047e-01,8.035258969347122138e-01,-1.098794775424031256e-01,-1.943157166082313259e-01,-9.483983661736752335e-01,-3.545940377524461340e-01
2.297211155366543356e-01,8.036337028673191663e-01,-1.097312357318308007e-01,-1.942672437355833226e-01,-9.483827996333222821e-01,-3.545435820620863598e-01
2.296936732580029117e-01,8.037415062240707009e-01,-1.095829623494157662e-01,-1.942187014967865777e-01,-9.483672171871425638e-01,-3.544930602012094090e-01
2.296662524005994299e-01,8.038493071361441089e-01,-1.094346582173133797e-01,-1.941701000086531737e-01,-9.483516225574015746e-01,-3.544424807204982208e-01
2.277612962230619875e-01,8.070067136130757435e-01,-1.053455952637265408e-01,-2.018875917416912691e-01,-9.610772294429740237e-01,-3.594230457199113493e-01
2.277284863971587026e-01,8.071180415693370858e-01,-1.051959967381285305e-01,-2.018637509091243398e-01,-9.610796251186656258e-01,-3.593923480933473025e-01
2.276962292104654784e-01,8.072280877363148255e-01,-1.050482244216556921e-01,-2.018375562756861974e-01,-9.610769631904654275e-01,-3.593607520703145930e-01
2.276645303402110576e-01,8.073374091476386294e-01,-1.049013219778353184e-01,-2.018087872207101896e-01,-9.610710656362072557e-01,-3.593275162732298966e-01
2.276333568904649329e-01,8.074463130898115182e-01,-1.047547852976208754e-01,-2.017775017779866731e-01,-9.610629912280963527e-01,-3.592924014801980315e-01
2.276026601484729406e-01,8.075549703469853124e-01,-1.046083538141926311e-01,-2.017438853125500253e-01,-9.610533744945473078e-01,-3.592554177408198712e-01
2.275723872066824360e-01,8.076634768782622320e-01,-1.044618974062266892e-01,-2.017081714803094505e-01,-9.610426112035872492e-01,-3.592166904390367566e-01
2.275424866412435188e-01,8.077718874461351506e-01,-1.043153552140219653e-01,-2.016706020710111180e-01,-9.610309602844436805e-01,-3.591763904592576440e-01
2.275129110597011173e-01,8.078802339816191225e-01,-1.041687026263381638e-01,-2.016314076044573023e-01,-9.610186001873572970e-01,-3.591346987460578011e-01
2.274836180213457015e-01,8.079885356426552701e-01,-1.040219335392897071e-01,-2.015907988987450383e-01,-9.610056603563557065e-01,-3.590917891673228723e-01
2.274545701428771771e-01,8.080968043438180315e-01,-1.038750508847402082e-01,-2.015489643194507408e-01,-9.609922390636201905e-01,-3.590478210131736736e-01
2.274257348181272786e-01,8.082050478138603777e-01,-1.037280616278068168e-01,-2.015060698748915025e-01,-9.609784137329120401e-01,-3.590029364603830597e-01
2.273970837768953257e-01,8.083132712996662361e-01,-1.035809741731848199e-01,-2.014622606479948841e-01,-9.609642470929382618e-01,-3.589572605104579539e-01
2.273685925961435872e-01,8.084214785299136397e-01,-1.034337970591993616e-01,-2.014176627744103387e-01,-9.609497909946216332e-01,-3.589109020790067772e-01
2.273402402243051845e-01,8.085296722658348312e-01,-1.032865383408359261e-01,-2.013723855495862525e-01,-9.609350888873284813e-01,-3.588639555511326518e-01
2.273120085398267765e-01,8.086378546257971811e-01,-1.031392053313279905e-01,-2.013265234738527976e-01,-9.609201775146506419e-01,-3.588165024477517062e-01
2.272838819566336543e-01,8.087460272805215844e-01,-1.029918045293150702e-01,-2.012801581375291970e-01,-9.609050881348546458e-01,-3.587686130370909554e-01
2.272558470756642635e-01,8.088541915754500211e-01,-1.028443416373396591e-01,-2.012333599171316767e-01,-9.608898474414200308e-01,-3.587203478123084377e-01
2.272278923805469697e-01,8.089623486120830487e-01,-1.026968216194326378e-01,-2.011861894778562143e-01,-9.608744782880311863e-01,-3.586717588135555634e-01
2.272000079757929003e-01,8.090704993010758850e-01,-1.025492487772723810e-01,-2.011386990862149837e-01,-9.608590002699877175e-01,-3.586228907912288877e-01
2.271721853588102857e-01,8.091786444009487766e-01,-1.024016268283396425e-01,-2.010909337583887124e-01,-9.608434302042796471e-01,-3.585737822151308651e-01
2.271444172234996506e-01,8.092867845485001155e-01,-1.022539589772043650e-01,-2.010429322573628885e-01,-9.608277825353758184e-01,-3.585244661531700738e-01
2.271166972927798344e-01,8.093949202792432018e-01,-1.021062479844289661e-01,-2.009947279528669917e-01,-9.608120696726714094e-01,-3.584749710279153678e-01
2.270890201732506386e-01,8.095030520452244360e-01,-1.019584962259007938e-01,-2.009463495679620348e-01,-9.607963022803097664e-01,-3.584253212682356193e-01
2.270613812311497726e-01,8.096111802286410919e-01,-1.018107057454236131e-01,-2.008978218220072165e-01,-9.607804895238926113e-01,-3.583755378715514639e-01
2.270337764844050643e-01,8.097193051540697573e-01,-1.016628782997595210e-01,-2.008491659884894254e-01,-9.607646392829822801e-01,-3.583256388846284279e-01
2.270062025120493931e-01,8.098274270964199717e-01,-1.015150153995482141e-01,-2.008004003710596175e-01,-9.607487583303737644e-01,-3.582756398200112047e-01
2.269786563743152463e-01,8.099355462896867808e-01,-1.013671183426664152e-01,-2.007515407188698864e-01,-9.607328524890922372e-01,-3.582255540111645153e-01
2.269511355456769741e-01,8.100436629316826176e-01,-1.012191882460247161e-01,-2.007026005803105584e-01,-9.607169267627531095e-01,-3.581753929179107843e-01
2.269236378559408573e-01,8.101517771919817257e-01,-1.010712260673202467e-01,-2.006535916113952600e-01,-9.607009854556468609e-01,-3.581251663933354701e-01
2.268961614400770987e-01,8.102598892147043763e-01,-1.009232326300625177e-01,-2.006045238396733654e-01,-9.606850322671370845e-01,-3.580748829046789261e-01
2.249792107214380887e-01,8.134517642499553558e-01,-9.682324456381014022e-02,-2.082954903307226990e-01,-9.733999404046418391e-01,-3.631097167660166658e-01
2.249463455063311079e-01,8.135634481592266543e-01,-9.667395771656953074e-02,-2.082709721916105039e-01,-9.734019599213612484e-01,-3.630792238756360146e-01
2.249140329563832363e-01,8.136738283046484055e-01,-9.652651577172391417e-02,-2.082441555968813640e-01,-9.733989129798716888e-01,-3.630478317077281969e-01
2.248822801034060515e-01,8.137834715897067639e-01,-9.637995087848180709e-02,-2.082147970517843616e-01,-9.733926298791040210e-01,-3.630148032276883652e-01
2.248510545008818029e-01,8.138926903359863241e-01,-9.623375368470053759e-02,-2.081829427874341276e-01,-9.733841724540811535e-01,-3.629799019255356973e-01
2.248203074655145128e-01,8.140016579366455840e-01,-9.608766137484686665e-02,-2.081487719845732942e-01,-9.733741760579298630e-01,-3.629431392834667203e-01
2.247899859350827589e-01,8.141104717506094657e-01,-9.594154296821448547e-02,-2.081125149505104188e-01,-9.733630364142620284e-01,-3.629046412321130233e-01
2.247600382657357898e-01,8.142191873359594378e-01,-9.579533736470299821e-02,-2.080744115390244509e-01,-9.733510121266871762e-01,-3.628645786453415512e-01
2.247304168339651909e-01,8.143278371140872940e-01,-9.564901997195612848e-02,-2.080346910350223677e-01,-9.733382812703370579e-01,-3.628231321270026788e-01
2.247010789814933573e-01,8.144364405765218695e-01,-9.550258479748161000e-02,-2.079935633697750086e-01,-9.733249729484927393e-01,-3.627804750305483883e-01
2.246719871307829852e-01,8.145450098864636113e-01,-9.535603490541579019e-02,-2.079512161976885543e-01,-9.733111851459593789e-01,-3.627367660548709294e-01
2.246431085067386313e-01,8.146535529717269242e-01,-9.520937738536168482e-02,-2.079078149118324670e-01,-9.732969950492936784e-01,-3.626921467672840627e-01
2.246144146934518637e-01,8.147620752486574025e-01,-9.506262074591882716e-02,-2.078635040421607239e-01,-9.732824651956998308e-01,-3.626467415770323055e-01
2.245858811456144521e-01,8.148705805898253107e-01,-9.491577361349723407e-02,-2.078184092118872950e-01,-9.732676472723237326e-01,-3.626006588396578634e-01
2.245574867084174642e-01,8.149790718828906488e-01,-9.476884411297133159e-02,-2.077726392428482227e-01,-9.732525845908935880e-01,-3.625539924230233857e-01
2.245292131743033270e-01,8.150875513567500397e-01,-9.462183961343487160e-02,-2.077262881961577934e-01,-9.732373137757593939e-01,-3.625068233759078939e-01
2.245010448852497453e-01,8.151960207786882462e-01,-9.447476665876687607e-02,-2.076794372576498404e-01,-9.732218659793416826e-01,-3.624592215367119508e-01
2.244729683827626776e-01,8.153044815794138200e-01,-9.432763098599754314e-02,-2.076321564322273494e-01,-9.732062678030931613e-01,-3.624112470139259634e-01
2.244449721017941768e-01,8.154129349345289324e-01,-9.418043758673211308e-02,-2.075845060446411816e-01,-9.731905420178638133e-01,-3.623629515026968728e-01
2.244170461063756672e-01,8.155213818187526664e-01,-9.403319078570343548e-02,-2.075365380527385839e-01,-9.731747081427557511e-01,-3.623143794415125685e-01
2.243891818610498912e-01,8.156298230472674993e-01,-9.388589431685698261e-02,-2.074882971925776365e-01,-9.731587829285418545e-01,-3.622655690250111693e-01
2.243613720332645889e-01,8.157382593051416553e-01,-9.373855139892744992e-02,-2.074398219734346072e-01,-9.731427807580520506e-01,-3.622165530744398954e-01
2.243336103242165869e-01,8.158466911699775448e-01,-9.359116480344589761e-02,-2.073911455374544965e-01,-9.731267139852761705e-01,-3.621673597925106902e-01
2.243058913231986140e-01,8.159551191307922169e-01,-9.344373691377226565e-02,-2.073422964031319260e-01,-9.731105932258418134e-01,-3.621180134145818297e-01
2.242782103822880402e-01,8.160635436014297417e-01,-9.329626978020486017e-02,-2.072932991071575470e-01,-9.730944276004893645e-01,-3.620685347638863960e-01
2.242505635086561588e-01,8.161719649337680904e-01,-9.314876516410496021e-02,-2.072441747587321359e-01,-9.730782249487708313e-01,-3.620189417347881577e-01
2.242229472724843464e-01,8.162803834260214941e-01,-9.300122458029451422e-02,-2.071949415158391428e-01,-9.730619920065015638e-01,-3.619692497023947464e-01
2.241953587275214710e-01,8.163887993323976078e-01,-9.285364932925067871e-02,-2.071456149970099525e-01,-9.730457345641925215e-01,-3.619194718804038535e-01
2.241677953428429793e-01,8.164972128686951436e-01,-9.270604052914291349e-02,-2.070962086354959930e-01,-9.730294575971745186e-01,-3.618696196222914163e-01
2.241402549439960590e-01,8.166056242195998127e-01,-9.255839913918186002e-02,-2.070467339853790389e-01,-9.730131653833086203e-01,-3.618197026855633491e-01
2.241127356637135359e-01,8.167140335413156649e-01,-9.241072598466437693e-02,-2.069972009815614633e-01,-9.729968615970994161e-01,-3.617697294546499132e-01
2.221851069567025161e-01,8.199400345421216096e-01,-8.829970821391248947e-02,-2.146618851879459888e-01,-9.857008439557827240e-01,-3.668599011833232892e-01
2.221522025115137688e-01,8.200520599542243660e-01,-8.815074203605842429e-02,-2.146366879242156134e-01,-9.857024927227817646e-01,-3.668296254293421654e-01
2.221198497472711697e-01,8.201627595278144778e-01,-8.800364035143651287e-02,-2.146092484851578330e-01,-9.856990658128893523e-01,-3.667984498029818186e-01
2.220880574534290774e-01,8.202727102336230258e-01,-8.785742309848899867e-02,-2.145792999466789308e-01,-9.856924024842712573e-01,-3.667656413409860483e-01
2.220567938428806287e-01,8.203822294591782693e-01,-8.771157544473710821e-02,-2.145468765436986114e-01,-9.856835677774404836e-01,-3.667309662149502714e-01
2.220260103720895495e-01,8.204914931890848750e-01,-8.756583226558817268e-02,-2.145121512247133433e-01,-9.856731978473752820e-01,-3.666944373793495360e-01
2.219956538886176667e-01,8.206006001514786208e-01,-8.742006172803348796e-02,-2.144753509399109637e-01,-9.856616883008031405e-01,-3.666561813570017869e-01
2.219656725678540721e-01,8.207096066735247719e-01,-8.727420251640428950e-02,-2.144367136100903126e-01,-9.856492973430940330e-01,-3.666163690402641229e-01
2.219360185822908116e-01,8.208185456488812370e-01,-8.712823007936312814e-02,-2.143964672858184317e-01,-9.856362026186973324e-01,-3.665751807099148496e-01
2.219066490770201239e-01,8.209274368899122098e-01,-8.698213855390041216e-02,-2.143548210062639070e-01,-9.856225328475204384e-01,-3.665327892098990681e-01
2.218775262963595951e-01,8.210362928021277540e-01,-8.683593114687751524e-02,-2.143119617081209460e-01,-9.856083856992070569e-01,-3.664893526459938045e-01
2.218486173096367031e-01,8.211451215095786349e-01,-8.668961507799924360e-02,-2.142680541612959622e-01,-9.855938381044427876e-01,-3.664450119700983777e-01
2.218198935688608098e-01,8.212539285926249155e-01,-8.654319896825676817e-02,-2.142232423285857223e-01,-9.855789523875795322e-01,-3.663998909872114296e-01
2.217913304168801225e-01,8.213627180677420814e-01,-8.639669153274535940e-02,-2.141776513112689795e-01,-9.855637800627889966e-01,-3.663540974847641074e-01
2.217629066053868059e-01,8.214714929479544070e-01,-8.625010096801570547e-02,-2.141313894468272749e-01,-9.855483642941341715e-01,-3.663077248026679333e-01
2.217346038492447047e-01,8.215802555719715627e-01,-8.610343470022253920e-02,-2.140845503477534217e-01,-9.855327415781824918e-01,-3.662608535073060279e-01
2.217064064267430801e-01,8.216890078035062883e-01,-8.595669931781130257e-02,-2.140372147854339435e-01,-9.855169429560641792e-01,-3.662135530017188723e-01
2.216783008263907007e-01,8.217977511583138828e-01,-8.580990059248755353e-02,-2.139894523858068831e-01,-9.855009949313708884e-01,-3.661658830007551990e-01
2.216502754407803089e-01,8.219064868843189986e-01,-8.566304354555061285e-02,-2.139413231251988678e-01,-9.854849201839965822e-01,-3.661178948453680526e-01
2.216223202989414387e-01,8.220152160212023107e-01,-8.551613252248804753e-02,-2.138928786462911957e-01,-9.854687381553502989e-01,-3.660696326600469952e-01
2.215944268367760484e-01,8.221239394405460699e-01,-8.536917127385411364e-02,-2.138441634003583613e-01,-9.854524655257317356e-01,-3.660211343573266385e-01
2.215665876995605021e-01,8.222326578754705073e-01,-8.522216303208431099e-02,-2.137952156376868862e-01,-9.854361166131961891e-01,-3.659724325082146512e-01
2.215387965706198115e-01,8.223413719451335702e-01,-8.507511057970139345e-02,-2.137460682678722634e-01,-9.854197037129956982e-01,-3.659235550916055679e-01
2.215110480247760860e-01,8.224500821751702384e-01,-8.492801630778340494e-02,-2.136967496016359547e-01,-9.854032373889829444e-01,-3.658745261445867092e-01
2.214833374030110713e-01,8.225587890105430233e-01,-8.478088227314307945e-02,-2.136472839890874997e-01,-9.853867267143600062e-01,-3.658253663139419132e-01
2.214556607039512015e-01,8.226674928302492029e-01,-8.463371024165418366e-02,-2.135976923726319587e-01,-9.853701794865182828e-01,-3.657760933383110147e-01
2.214280144915622695e-01,8.227761939553278614e-01,-8.448650173214898584e-02,-2.135479927608960327e-01,-9.853536024024232010e-01,-3.657267224544599182e-01
2.214003958139953709e-01,8.228848926610881076e-01,-8.433925804654295033e-02,-2.134982006417185940e-01,-9.853370012200047823e-01,-3.656772667536073995e-01
2.213728021370636734e-01,8.229935891800805869e-01,-8.419198030543083300e-02,-2.134483293300651896e-01,-9.853203808830468535e-01,-3.656277374806394254e-01
2.213452312838934677e-01,8.231022837117646374e-01,-8.404466946935183758e-02,-2.133983902753368578e-01,-9.853037456417838014e-01,-3.655781442974268547e-01
2.213176813853525438e-01,8.232109764254886830e-01,-8.389732636392262244e-02,-2.133483933203128013e-01,-9.852870991468103412e-01,-3.655284955037409467e-01
2.193806660486161408e-01,8.264707513839910646e-01,-7.977516500733493332e-02,-2.209870981198270301e-01,-9.979799040779919750e-01,-3.706750823484050716e-01
2.193477380348494432e-01,8.265831036887160144e-01,-7.962652865416901260e-02,-2.209612203425782295e-01,-9.979811874052245679e-01,-3.706450360834872559e-01
2.193153597155959589e-01,8.266941079923587621e-01,-7.947977728990718305e-02,-2.209331575703639139e-01,-9.979773854967923796e-01,-3.706140896051277056e-01
2.192835420404679603e-01,8.268043515281157108e-01,-7.933391794116627371e-02,-2.209026188948551572e-01,-9.979703471939783688e-01,-3.705815137751424793e-01
2.192522540882531901e-01,8.269141567806223003e-01,-7.918843005377135258e-02,-2.208696263729784948e-01,-9.979611408836897013e-01,-3.705470774275518298e-01
2.192214475662052908e-01,8.270237023009530120e-01,-7.904304614091663128e-02,-2.208343466747649531e-01,-9.979504034872278551e-01,-3.705107950267184092e-01
2.191910692934843641e-01,8.271330881571716809e-01,-7.889763352114985417e-02,-2.207970033940105103e-01,-9.979385304259170697e-01,-3.704727937351595668e-01
2.191610673038385526e-01,8.272423714182881582e-01,-7.875213068718099618e-02,-2.207578325237801453e-01,-9.979257794352841549e-01,-3.704332444940676150e-01
2.191313935929641854e-01,8.273515854297170957e-01,-7.860651315311882603e-02,-2.207170608816220458e-01,-9.979123276702922540e-01,-3.703923272746326711e-01
2.191020051280407055e-01,8.274607503149440380e-01,-7.846077519919268661e-02,-2.206748966152620728e-01,-9.978983034309512057e-01,-3.703502144164428356e-01
2.190728639922469578e-01,8.275698787119906141e-01,-7.831492018959977652e-02,-2.206315259356076419e-01,-9.978838040378463781e-01,-3.703070634262188854e-01
2.190439371141874314e-01,8.276789789359342286e-01,-7.816895548183551423e-02,-2.205871129780890283e-01,-9.978689061438127395e-01,-3.702630146338845019e-01
2.190151958253057085e-01,8.277880567303569359e-01,-7.802288981109170574e-02,-2.205418011299117853e-01,-9.978536718481947343e-01,-3.702181912323808666e-01
2.189866153678972638e-01,8.278971162529598082e-01,-7.787673198509013905e-02,-2.204957149587235543e-01,-9.978381524780055578e-01,-3.701727004296895829e-01
2.189581744094698801e-01,8.280061606414942377e-01,-7.773049027304686220e-02,-2.204489623083613903e-01,-9.978223910404917518e-01,-3.701266350276162242e-01
2.189298545961788911e-01,8.281151923438615503e-01,-7.758417215843982362e-02,-2.204016363326778416e-01,-9.978064238969139854e-01,-3.700800751020543733e-01
2.189016401501108211e-01,8.282242133202128986e-01,-7.743778427372312312e-02,-2.203538173801851963e-01,-9.977902819714729032e-01,-3.700330896123741886e-01
2.188735175141392209e-01,8.283332251692104853e-01,-7.729133242756726363e-02,-2.203055746886844746e-01,-9.977739916608114878e-01,-3.699857378704645705e-01
2.188454750437027196e-01,8.284422292133715171e-01,-7.714482166698212462e-02,-2.202569678812225928e-01,-9.977575755541830960e-01,-3.699380708603633994e-01
2.188175027383709170e-01,8.285512265556895795e-01,-7.699825635989251960e-02,-2.202080482783027038e-01,-9.977410530082654327e-01,-3.698901323839651756e-01
2.187895920109624304e-01,8.286602181223339247e-01,-7.685164027487026428e-02,-2.201588600388911798e-01,-9.977244406265324272e-01,-3.698419600666769669e-01
2.187617354877316733e-01,8.287692046953505365e-01,-7.670497665654109343e-02,-2.201094411517168781e-01,-9.977077526607259772e-01,-3.697935862245717575e-01
2.187339268375942114e-01,8.288781869355799081e-01,-7.655826829749380613e-02,-2.200598242900076718e-01,-9.976910013452602310e-01,-3.697450386096960417e-01
2.187061606246549494e-01,8.289871654040741333e-01,-7.641151759725375858e-02,-2.200100375515482987e-01,-9.976741971881569748e-01,-3.696963410573603781e-01
2.186784321812962617e-01,8.290961405771984927e-01,-7.626472661818321785e-02,-2.199601050972402605e-01,-9.976573492137759125e-01,-3.696475140356751399e-01
2.186507374997481989e-01,8.292051128605854027e-01,-7.611789713101675681e-02,-2.199100477004378995e-01,-9.976404651746098029e-01,-3.695985751234943106e-01
2.186230731394336047e-01,8.293140825988339904e-01,-7.597103065711695302e-02,-2.198598832189956054e-01,-9.976235517287938004e-01,-3.695495394181642634e-01
2.185954361461923678e-01,8.294230500856629718e-01,-7.582412850253916758e-02,-2.198096270045054590e-01,-9.976066145959539000e-01,-3.695004198857548272e-01
2.185678239834135395e-01,8.295320155716338073e-01,-7.567719178834911298e-02,-2.197592922534943594e-01,-9.975896586895072193e-01,-3.694512276619709712e-01
2.185402344731520452e-01,8.296409792706909148e-01,-7.553022147645142848e-02,-2.197088903091823642e-01,-9.975726882306374943e-01,-3.694019723111949260e-01
2.185126657454654897e-01,8.297499413650308853e-01,-7.538321839300184124e-02,-2.196584309211401798e-01,-9.975557068445328746e-01,-3.693526620467171839e-01
2.164824544377980109e-01,8.330521808973530007e-01,-7.128764195945246074e-02,-2.277085423311407120e-01,-1.010400319910163658e+00,-3.749254977055666016e-01
2.164615599773874743e-01,8.331635392018877928e-01,-7.113395482828077654e-02,-2.276204672123491590e-01,-1.010378250723916516e+00,-3.748435997440404677e-01
2.164395054519654971e-01,8.332737136632022423e-01,-7.098294958081480255e-02,-2.275389147771795517e-01,-1.010354309824056163e+00,-3.747681740797811911e-01
2.164165476590854953e-01,8.333832769023651332e-01,-7.083350371032172410e-02,-2.274623535466635260e-01,-1.010329911233499134e+00,-3.746974477695504402e-01
2.163928646833958025e-01,8.334925339960733703e-01,-7.068499417903868765e-02,-2.273897488521983423e-01,-1.010305740056975488e+00,-3.746302951119853120e-01
2.163685866452962070e-01,8.336016462426375506e-01,-7.053706975661368228e-02,-2.273203636068508449e-01,-1.010282099348316809e+00,-3.745659631136598611e-01
2.163438130290715744e-01,8.337106978404738022e-01,-7.038952791074651327e-02,-2.272536466421422041e-01,-1.010259095572678678e+00,-3.745039201289340758e-01
2.163186226859471484e-01,8.338197317853905943e-01,-7.024224813081549057e-02,-2.271891688682024235e-01,-1.010236737266108520e+00,-3.744437714124307925e-01
2.162930798006858224e-01,8.339287691775117972e-01,-7.009515572145079421e-02,-2.271265857392712195e-01,-1.010214987081426097e+00,-3.743852111456377196e-01
2.162672376034835975e-01,8.340378195899669223e-01,-6.994820205893433063e-02,-2.270656143491899259e-01,-1.010193788866958320e+00,-3.743279944696885075e-01
2.162411407974161592e-01,8.341468866232266688e-01,-6.980135375521243080e-02,-2.270060187979076882e-01,-1.010173081423503927e+00,-3.742719205914558089e-01
2.162148272350036260e-01,8.342559708701464682e-01,-6.965458664694555713e-02,-2.269476003428717026e-01,-1.010152805204255655e+00,-3.742168221196461309e-01
2.161883291391261397e-01,8.343650714837603788e-01,-6.950788241710577353e-02,-2.268901904084194010e-01,-1.010132905301673212e+00,-3.741625579639247801e-01
2.161616740328090314e-01,8.344741870008606233e-01,-6.936122664737139065e-02,-2.268336453791171270e-01,-1.010113332531979768e+00,-3.741090083510756337e-01
2.161348854737537850e-01,8.345833157654373169e-01,-6.921460766241495366e-02,-2.267778425605955772e-01,-1.010094043564846666e+00,-3.740560711384360859e-01
2.161079836535729770e-01,8.346924561352443428e-01,-6.906801581991098282e-02,-2.267226769389672214e-01,-1.010075000596980299e+00,-3.740036589656049459e-01
2.160809858922549953e-01,8.348016065810240915e-01,-6.892144304461231274e-02,-2.266680585302326134e-01,-1.010056170848002033e+00,-3.739516969832036297e-01
2.160539070540278550e-01,8.349107657235830260e-01,-6.877488251375164785e-02,-2.266139101710223647e-01,-1.010037525995593155e+00,-3.739001209877481635e-01
2.160267599001784722e-01,8.350199323404650098e-01,-6.862832843106830838e-02,-2.265601656580082945e-01,-1.010019041621982971e+00,-3.738488758687544267e-01
2.159995553877185614e-01,8.351291053628367989e-01,-6.848177585034530279e-02,-2.265067681750664863e-01,-1.010000696710502410e+00,-3.737979143046524233e-01
2.159723029253122761e-01,8.352382838624101691e-01,-6.833522054110774402e-02,-2.264536689522034796e-01,-1.009982473187269525e+00,-3.737471956512181115e-01
2.159450105938890418e-01,8.353474670338715269e-01,-6.818865888273037412e-02,-2.264008261169500602e-01,-1.009964355513198297e+00,-3.736966849928847756e-01
2.159176853327603729e-01,8.354566541831849324e-01,-6.804208777051087842e-02,-2.263482037187367069e-01,-1.009946330337559983e+00,-3.736463523344221715e-01
2.158903331017819893e-01,8.355658447121455668e-01,-6.789550454178884531e-02,-2.262957708874791252e-01,-1.009928386190452887e+00,-3.735961719065540310e-01
2.158629590194252879e-01,8.356750381064540489e-01,-6.774890691120644126e-02,-2.262435011147645447e-01,-1.009910513220469541e+00,-3.735461215710286220e-01
2.158355674812693636e-01,8.357842339240992846e-01,-6.760229291737915314e-02,-2.261913716374356620e-01,-1.009892702966242117e+00,-3.734961823074715581e-01
2.158081622626822349e-01,8.358934317853088380e-01,-6.745566087638206476e-02,-2.261393629066790201e-01,-1.009874948160969232e+00,-3.734463377764500880e-01
2.157807466062038326e-01,8.360026313633657224e-01,-6.730900934335487529e-02,-2.260874581340536760e-01,-1.009857242562669732e+00,-3.733965739394372596e-01
2.157533232964716496e-01,8.361118323786913553e-01,-6.716233707636454220e-02,-2.260356429023141211e-01,-1.009839580812604831e+00,-3.733468787377584031e-01
2.157258947248475445e-01,8.362210345912853837e-01,-6.701564300922617512e-02,-2.259839048303808051e-01,-1.009821958308478207e+00,-3.732972418111550894e-01
2.156984629453614632e-01,8.363302377949152211e-01,-6.686892622663283270e-02,-2.259322332848740511e-01,-1.009804371097537512e+00,-3.732476542592192970e-01
2.136621386267449907e-01,8.396659692604787617e-01,-6.276173382646536847e-02,-2.339492854433513902e-01,-1.022634661774545872e+00,-3.788722740921853238e-01
2.136412900424271566e-01,8.397775439862747993e-01,-6.260836497487098917e-02,-2.338608695092341816e-01,-1.022612315648985915e+00,-3.787909646257181517e-01
2.136192690326134958e-01,8.398879237364328398e-01,-6.245770648497959987e-02,-2.337790039120213048e-01,-1.022588081715470665e+00,-3.787160933063737911e-01
2.135963369317244454e-01,8.399976903423481689e-01,-6.230862025796346515e-02,-2.337021338277645299e-01,-1.022563385086058707e+00,-3.786458935938481485e-01
2.135726743917535919e-01,8.401071527279093676e-01,-6.216047609336338570e-02,-2.336292140477878032e-01,-1.022538914709707036e+00,-3.785792452769000671e-01
2.135484130630798949e-01,8.402164735551564956e-01,-6.201291952983097738e-02,-2.335595032106282110e-01,-1.022514974582095615e+00,-3.785153996262752285e-01
2.135236533976452855e-01,8.403257372855341689e-01,-6.186574659883242039e-02,-2.334924488753610250e-01,-1.022491671092370158e+00,-3.784538281960843076e-01
2.134984748986762937e-01,8.404349867242509875e-01,-6.171883615479543256e-02,-2.334276220619940501e-01,-1.022469012444509939e+00,-3.783941386352485114e-01
2.134729422136411592e-01,8.405442426257947464e-01,-6.157211321264763337e-02,-2.333646789309183067e-01,-1.022446960983075304e+00,-3.783360269456265135e-01
2.134471089161568691e-01,8.406535141911114506e-01,-6.142552900296661261e-02,-2.333033374974367857e-01,-1.022425460347502701e+00,-3.782792496926820625e-01
2.134210199714389466e-01,8.407628046747074313e-01,-6.127905004869933087e-02,-2.332433628230299316e-01,-1.022404449231797630e+00,-3.782236072342425315e-01
2.133947134369229837e-01,8.408721143636749273e-01,-6.113265212311533997e-02,-2.331845570861474648e-01,-1.022383868057796352e+00,-3.781689331353787487e-01
2.133682216960395839e-01,8.409814421507850746e-01,-6.098631685440050049e-02,-2.331267525645110694e-01,-1.022363661943938240e+00,-3.781150871219214893e-01
2.133415723990325086e-01,8.410907863518360950e-01,-6.084002977701682968e-02,-2.330698064170198813e-01,-1.022343781765499893e+00,-3.780619501294293361e-01
2.133147892043246729e-01,8.412001451245901817e-01,-6.069377917377925119e-02,-2.330135966458549979e-01,-1.022324184271396375e+00,-3.780094206388540101e-01
2.132878923829040763e-01,8.413095166702383443e-01,-6.054755536538485722e-02,-2.329580188614247538e-01,-1.022304831748160447e+00,-3.779574118431411334e-01
2.132608993173386869e-01,8.414188993270060868e-01,-6.040135024549028037e-02,-2.329029836370785644e-01,-1.022285691507559768e+00,-3.779058493855709799e-01
2.132338249208680925e-01,8.415282916035958793e-01,-6.025515696522417558e-02,-2.328484143065538414e-01,-1.022266735318505759e+00,-3.778546695025536972e-01
2.132066819925762802e-01,8.416376921840542646e-01,-6.010896970450085863e-02,-2.327942451102954502e-01,-1.022247938854109028e+00,-3.778038174793841852e-01
2.131794815182694036e-01,8.417470999194212045e-01,-5.996278349912199240e-02,-2.327404196278696213e-01,-1.022229281181257443e+00,-3.777532463452681344e-01
2.131522329292603324e-01,8.418565138120434055e-01,-5.981659410550862338e-02,-2.326868894395686949e-01,-1.022210744301921270e+00,-3.777029157689815730e-01
2.131249443219993822e-01,8.419659330007068787e-01,-5.967039788876322276e-02,-2.326336129879584547e-01,-1.022192312752803200e+00,-3.776527911167076867e-01
2.130976226482498848e-01,8.420753567414951402e-01,-5.952419173547053577e-02,-2.325805545995939527e-01,-1.022173973248595491e+00,-3.776028426428106877e-01
2.130702738762880744e-01,8.421847843945748924e-01,-5.937797297517302675e-02,-2.325276836516724788e-01,-1.022155714380627689e+00,-3.775530448006541584e-01
2.130429031300130061e-01,8.422942154100837575e-01,-5.923173931681403881e-02,-2.324749738558064827e-01,-1.022137526352655534e+00,-3.775033756486338987e-01
2.130155148088266892e-01,8.424036493157204264e-01,-5.908548879417412081e-02,-2.324224026430882495e-01,-1.022119400753842999e+00,-3.774538163430340432e-01
2.129881126903161725e-01,8.425130857052489652e-01,-5.893921972062392961e-02,-2.323699506366712908e-01,-1.022101330361670168e+00,-3.774043506994635977e-01
2.129607000172479836e-01,8.426225242309904884e-01,-5.879293064731828250e-02,-2.323176012021515302e-01,-1.022083308976992733e+00,-3.773549648181954708e-01
2.129332795741155082e-01,8.427319645941558912e-01,-5.864662033103075489e-02,-2.322653400573826410e-01,-1.022065331276951650e+00,-3.773056467617985632e-01
2.129058537515386984e-01,8.428414065382974218e-01,-5.850028770475204642e-02,-2.322131549406612483e-01,-1.022047392691447065e+00,-3.772563862774396815e-01
2.128784246024134630e-01,8.429508498432803920e-01,-5.835393185239634573e-02,-2.321610353238806879e-01,-1.022029489296947258e+00,-3.772071745604848036e-01
2.108363151977789007e-01,8.463197962125226237e-01,-5.423535625125248949e-02,-2.401502580039961143e-01,-1.034846878771924716e+00,-3.828885651208193130e-01
2.108155229523091256e-01,8.464315725705613414e-01,-5.408231474131818678e-02,-2.400614948064372645e-01,-1.034824261415865365e+00,-3.828078522921997129e-01
2.107935453565037143e-01,8.465421427806479882e-01,-5.393201314208318636e-02,-2.399793114561433460e-01,-1.034799739922323436e+00,-3.827335442748913685e-01
2.107706486416733860e-01,8.466520980670396712e-01,-5.378329701126871587e-02,-2.399021290570987064e-01,-1.034774751056976916e+00,-3.826638806549104710e-01
2.107470161903112205e-01,8.467617512124635537e-01,-5.363552872640539593e-02,-2.398288915531010257e-01,-1.034749987705559260e+00,-3.825977466280490735e-01
2.107227812518313870e-01,8.468712662075246200e-01,-5.348835052402275969e-02,-2.397588531640403586e-01,-1.034725754749870497e+00,-3.825343977044356469e-01
2.106980452727896247e-01,8.469807277335532625e-01,-5.334155699844258386e-02,-2.396914600866571488e-01,-1.034702158410837125e+00,-3.824733086140966742e-01
2.106728884145374348e-01,8.470901783737969648e-01,-5.319502638085927410e-02,-2.396262833828194383e-01,-1.034679206484291569e+00,-3.824140893733142810e-01
2.106473757855352735e-01,8.471996385150962761e-01,-5.304868340898551138e-02,-2.395629798570076963e-01,-1.034656860948476087e+00,-3.823564377710811368e-01
2.106215612981671981e-01,8.473091169723204752e-01,-5.290247917574691927e-02,-2.395012683874219728e-01,-1.034635065193262538e+00,-3.823001117611768418e-01
2.105954901747478514e-01,8.474186166450941027e-01,-5.275638011965440993e-02,-2.394409149420385075e-01,-1.034613757777135934e+00,-3.822449128164508991e-01
2.105692006710658815e-01,8.475281375113514759e-01,-5.261036195047415903e-02,-2.393817225737559506e-01,-1.034592879073289007e+00,-3.821906754224771441e-01
2.105427253266999865e-01,8.476376782004071408e-01,-5.246440624153764914e-02,-2.393235243690393643e-01,-1.034572374211944590e+00,-3.821372600905230676e-01
2.105160919143503617e-01,8.477472368067257014e-01,-5.231849847734113684e-02,-2.392661782236097101e-01,-1.034552194119677360e+00,-3.820845484368372014e-01
2.104893241892939748e-01,8.478568113010713780e-01,-5.217262689732753145e-02,-2.392095628030896648e-01,-1.034532295617133668e+00,-3.820324395405936269e-01
2.104624424982474429e-01,8.479663997290021182e-01,-5.202678178174861140e-02,-2.391535743144104498e-01,-1.034512641077465878e+00,-3.819808471280934925e-01
2.104354642834262434e-01,8.480760002962743904e-01,-5.188095499136581579e-02,-2.390981238638167916e-01,-1.034493197900449912e+00,-3.819296973163551767e-01
2.104084045040192086e-01,8.481856114008770042e-01,-5.173513964799952847e-02,-2.390431352625215500e-01,-1.034473937945118216e+00,-3.818789267670518739e-01
2.103812759941710298e-01,8.482952316330819587e-01,-5.158932990759863141e-02,-2.389885431779850133e-01,-1.034454836971151481e+00,-3.818284811446044924e-01
2.103540897671178911e-01,8.484048597639688438e-01,-5.144352078637492998e-02,-2.389342915690856051e-01,-1.034435874127210386e+00,-3.817783138194200676e-01
2.103268552738626895e-01,8.485144947289990913e-01,-5.129770802400940299e-02,-2.388803323563643277e-01,-1.034417031493073180e+00,-3.817283847645041028e-01
2.102995806259963796e-01,8.486241356090724608e-01,-5.115188797318123010e-02,-2.388266242838660292e-01,-1.034398293675846681e+00,-3.816786596179576052e-01
2.102722727857809226e-01,8.487337816116634626e-01,-5.100605750986084153e-02,-2.387731319474779290e-01,-1.034379647456061591e+00,-3.816291088773187679e-01
2.102449377282682164e-01,8.488434320560978019e-01,-5.086021395468598438e-02,-2.387198249647699555e-01,-1.034361081486021794e+00,-3.815797072120399314e-01
2.102175805823335575e-01,8.489530863569128005e-01,-5.071435501029222803e-02,-2.386666772595220642e-01,-1.034342586023820010e+00,-3.815304328739255180e-01
2.101902057496589926e-01,8.490627440118266867e-01,-5.056847870559597058e-02,-2.386136664525418671e-01,-1.034324152708028022e+00,-3.814812671890654427e-01
2.101628170087015135e-01,8.491724045895362449e-01,-5.042258334939441616e-02,-2.385607733353637405e-01,-1.034305774361948149e+00,-3.814321941255761073e-01
2.101354176025737874e-01,8.492820677197182588e-01,-5.027666749093104293e-02,-2.385079814215176341e-01,-1.034287444825402247e+00,-3.813831999179713717e-01
2.101080103147858480e-01,8.493917330854739989e-01,-5.013072988407176606e-02,-2.384552765610442604e-01,-1.034269158812903155e+00,-3.813342727490254269e-01
2.100805975340088172e-01,8.495014004149843423e-01,-4.998476945985289022e-02,-2.384026466098891628e-01,-1.034250911787574667e+00,-3.812854024706271994e-01
2.100531813113391266e-01,8.496110694746876746e-01,-4.983878530082056640e-02,-2.383500811431760458e-01,-1.034232699855456739e+00,-3.812365803720668134e-01
2.080065145053483500e-01,8.530128297189858433e-01,-4.570868562487168107e-02,-2.463119717492530392e-01,-1.047036796534852154e+00,-3.869758175647476928e-01
2.079857863461326006e-01,8.531247930374503685e-01,-4.555598189434861833e-02,-2.462228665116797111e-01,-1.047013917805479588e+00,-3.868957190147916947e-01
2.079638596699758812e-01,8.532355389688233149e-01,-4.540604854301581728e-02,-2.461403708534857238e-01,-1.046989117797221036e+00,-3.868219913631001372e-01
2.079410059194324312e-01,8.533456683146185551e-01,-4.525771405164773914e-02,-2.460628813106238988e-01,-1.046963845564744533e+00,-3.867528802643939168e-01
2.079174113293248138e-01,8.534554977307862167e-01,-4.511033313407843137e-02,-2.459893308778617615e-01,-1.046938798091568312e+00,-3.866872764188960532e-01
2.078932107828579401e-01,8.535651924986966677e-01,-4.496354467763067492e-02,-2.459189693852600889e-01,-1.046914281140446823e+00,-3.866244396874418676e-01
2.078685067172621748e-01,8.536748374828676544e-01,-4.481714184717399546e-02,-2.458512417292775254e-01,-1.046890400733269999e+00,-3.865638480806545263e-01
2.078433799332129739e-01,8.537844750133836147e-01,-4.467100227796410444e-02,-2.457857190713498285e-01,-1.046867164223445279e+00,-3.865051140532702600e-01
2.078178959785121349e-01,8.538941250888438805e-01,-4.452505045335806294e-02,-2.457220589024656510e-01,-1.046844533204348338e+00,-3.864479372383456401e-01
2.077921090809351778e-01,8.540037961272840539e-01,-4.437923734405927606e-02,-2.456599809984807703e-01,-1.046822450811865313e+00,-3.863920770176538233e-01
2.077660646989032966e-01,8.541134906662696258e-01,-4.423352931667868387e-02,-2.455992522581096904e-01,-1.046800855468910996e+00,-3.863373360051303163e-01
2.077398012684994744e-01,8.542232083724133895e-01,-4.408790202276750836e-02,-2.455396766260228014e-01,-1.046779687508863077e+00,-3.862835496323737128e-01
2.077133514685500226e-01,8.543329476109481346e-01,-4.394233698526506943e-02,-2.454810880126249428e-01,-1.046758892082539916e+00,-3.862305792101644042e-01
2.076867431802065234e-01,8.544427062551226415e-01,-4.379681964142734252e-02,-2.454233450616435941e-01,-1.046738420177270257e+00,-3.861783070492265657e-01
2.076600002433339476e-01,8.545524820905298080e-01,-4.365133818727617160e-02,-2.453663271118549372e-01,-1.046718228697185227e+00,-3.861266328398861858e-01
2.076331430701696956e-01,8.546622730068549334e-01,-4.350588286550566286e-02,-2.453099309738468181e-01,-1.046698280108332435e+00,-3.860754708492199483e-01
2.076061891528213077e-01,8.547720770800540935e-01,-4.336044550267604408e-02,-2.452540682954492679e-01,-1.046678541909411564e+00,-3.860247476775326425e-01
2.075791534889119550e-01,8.548818925973609151e-01,-4.321501919338455872e-02,-2.451986633706348673e-01,-1.046658986054578300e+00,-3.859744004170219678e-01
2.075520489411339653e-01,8.549917180566706243e-01,-4.306959806916047656e-02,-2.451436512988279248e-01,-1.046639588397531906e+00,-3.859243751193333072e-01
2.075248865434792256e-01,8.551015521507625561e-01,-4.292417712648555206e-02,-2.450889764248012359e-01,-1.046620328175092984e+00,-3.858746255001137548e-01
2.074976757622596368e-01,8.552113937483662998e-01,-4.277875208914059396e-02,-2.450345910121498605e-01,-1.046601187548815037e+00,-3.858251118423837722e-01
2.074704247192388773e-01,8.553212418733138200e-01,-4.263331929806266074e-02,-2.449804541114286027e-01,-1.046582151200007749e+00,-3.857758000583531022e-01
2.074431403829672393e-01,8.554310956861398418e-01,-4.248787561761425968e-02,-2.449265305920183267e-01,-1.046563205980484579e+00,-3.857266608929673102e-01
2.074158287325518490e-01,8.555409544649085207e-01,-4.234241836094979755e-02,-2.448727903136223016e-01,-1.046544340604971035e+00,-3.856776692349349056e-01
2.073884948982973597e-01,8.556508175896300195e-01,-4.219694522436016199e-02,-2.448192074161431864e-01,-1.046525545389139999e+00,-3.856288035304661355e-01
2.073611432823755651e-01,8.557606845283610708e-01,-4.205145423175059294e-02,-2.447657597111418948e-01,-1.046506812023662913e+00,-3.855800452807962575e-01
2.073337776617648343e-01,8.558705548247631523e-01,-4.190594368839422462e-02,-2.447124281607288010e-01,-1.046488133378619567e+00,-3.855313786063589432e-01
2.073064012774413489e-01,8.559804280875479288e-01,-4.176041214020385223e-02,-2.446591964295213306e-01,-1.046469503336832974e+00,-3.854827898786131191e-01
2.072790169102615154e-01,8.560903039815602744e-01,-4.161485833915977428e-02,-2.446060505012929709e-01,-1.046450916650560892e+00,-3.854342674006812075e-01
2.072516269466691818e-01,8.562001822188914923e-01,-4.146928121515584126e-02,-2.445529783486841413e-01,-1.046432368816363256e+00,-3.853858011323629817e-01
2.072242334341411196e-01,8.563100625535211563e-01,-4.132367984892021395e-02,-2.444999696523614818e-01,-1.046413855971847440e+00,-3.853373824575314077e-01
2.051742074144285721e-01,8.597442238152682714e-01,-3.718191242465676560e-02,-2.524350860765161575e-01,-1.059204243240192689e+00,-3.911355555147835172e-01
2.051535505928571979e-01,8.598563593034987962e-01,-3.702955732180517046e-02,-2.523456442429399260e-01,-1.059181112876554254e+00,-3.910560887839482080e-01
2.051316818525978913e-01,8.599672661054214018e-01,-3.688000397514701323e-02,-2.522628419266926825e-01,-1.059156043305203188e+00,-3.909829584219369769e-01
2.051088781629732960e-01,8.600775547808605648e-01,-3.673206305124544074e-02,-2.521850505985775426e-01,-1.059130496493837503e+00,-3.909144161275558971e-01
2.050853287290271276e-01,8.601875458685637188e-01,-3.658508136574208786e-02,-2.521111922136115013e-01,-1.059105173671756717e+00,-3.908493582067856797e-01
2.050611700998171694e-01,8.602974059042352017e-01,-3.643869440781277030e-02,-2.520405122493573624e-01,-1.059080381481212418e+00,-3.907870489951266735e-01
2.050365056981398038e-01,8.604072198944233696e-01,-3.629269392849154147e-02,-2.519724543666175820e-01,-1.059056225705629073e+00,-3.907269698801950630e-01
2.050114169453650381e-01,8.605170298860119749e-01,-3.614695699252448019e-02,-2.519065898842353657e-01,-1.059032713225960043e+00,-3.906687358332089355e-01
2.049859698043762779e-01,8.606268554701528295e-01,-3.600140785243438613e-02,-2.518425770272906816e-01,-1.059009805233367185e+00,-3.906120483821185485e-01
2.049602187963927014e-01,8.607367046552224510e-01,-3.585599737506196122e-02,-2.517801365002697578e-01,-1.058987444602179195e+00,-3.905566683752831891e-01
2.049342095941988906e-01,8.608465796124528113e-01,-3.571069186432453135e-02,-2.517190361582891112e-01,-1.058965569625143210e+00,-3.905023995966293571e-01
2.049079807960351718e-01,8.609564796934444653e-01,-3.556546692221500272e-02,-2.516590808543994195e-01,-1.058944120600673999e+00,-3.904490784433015116e-01
2.048815652037907775e-01,8.610664029995939162e-01,-3.542030402436641828e-02,-2.516001053365773954e-01,-1.058923042711093165e+00,-3.903965670439026314e-01
2.048549907932733227e-01,8.611763471836985095e-01,-3.527518856288127530e-02,-2.515419690069140013e-01,-1.058902287015056620e+00,-3.903447484179033422e-01
2.048282814767198867e-01,8.612863098467451461e-01,-3.513010869295069005e-02,-2.514845518863884632e-01,-1.058881810508534915e+00,-3.902935228762646758e-01
2.048014577210926224e-01,8.613962887245484312e-01,-3.498505461986156639e-02,-2.514277513977641321e-01,-1.058861575760768448e+00,-3.902428052362965083e-01
2.047745370600239090e-01,8.615062817631705672e-01,-3.484001813846991646e-02,-2.513714797354285602e-01,-1.058841550374952201e+00,-3.901925225884432247e-01
2.047475345212445841e-01,8.616162871420725011e-01,-3.469499231431531078e-02,-2.513156616834306134e-01,-1.058821706410922880e+00,-3.901426124648863514e-01
2.047204629890873040e-01,8.617263032673995182e-01,-3.454997125601377839e-02,-2.512602327786237488e-01,-1.058802019821339035e+00,-3.900930213086367115e-01
2.046933335125313558e-01,8.618363287549526408e-01,-3.440494994023091807e-02,-2.512051377561939081e-01,-1.058782469937343595e+00,-3.900437031867576287e-01
2.046661555680732436e-01,8.619463624070329288e-01,-3.425992407632554720e-02,-2.511503292269703924e-01,-1.058763039005635731e+00,-3.899946186946227633e-01
2.046389372834016562e-01,8.620564031923282355e-01,-3.411488999195418786e-02,-2.510957665514733095e-01,-1.058743711788357800e+00,-3.899457340258265514e-01
2.046116856296909536e-01,8.621664502245046657e-01,-3.396984454119213181e-02,-2.510414148755880093e-01,-1.058724475210834015e+00,-3.898970201751386089e-01
2.045844065866318784e-01,8.622765027411690708e-01,-3.382478502995065611e-02,-2.509872443043051349e-01,-1.058705318053439592e+00,-3.898484522529609975e-01
2.045571052829477932e-01,8.623865600890090466e-01,-3.367970914759711026e-02,-2.509332291966077655e-01,-1.058686230693273611e+00,-3.898000089036772198e-01
2.045297861185222388e-01,8.624966217063755325e-01,-3.353461491450313026e-02,-2.508793475573765641e-01,-1.058667204873864787e+00,-3.897516718026326488e-01
2.045024528672388098e-01,8.626066871127938684e-01,-3.338950063144615482e-02,-2.508255805204394617e-01,-1.058648233515559145e+00,-3.897034252283461120e-01
2.044751087659612276e-01,8.627167558962032246e-01,-3.324436484170089495e-02,-2.507719119033696153e-01,-1.058629310545297075e+00,-3.896552556896823449e-01
2.044477565915963357e-01,8.628268277030534117e-01,-3.309920629612699700e-02,-2.507183278242526847e-01,-1.058610430753726295e+00,-3.896071516110976019e-01
2.044203987261475064e-01,8.629369022307360471e-01,-3.295402392261329028e-02,-2.506648163756508008e-01,-1.058591589673656408e+00,-3.895591030616994410e-01
2.043930372126552542e-01,8.630469792200602397e-01,-3.280881680153198421e-02,-2.506113673438611911e-01,-1.058572783473565648e+00,-3.895111015193792880e-01
2.023408201992772937e-01,8.665131163922651369e-01,-2.865523684142646035e-02,-2.585203266408737099e-01,-1.071349018687687282e+00,-3.953693124055217001e-01
2.023202414607829513e-01,8.666254091371148327e-01,-2.850324165396541168e-02,-2.584305539007544228e-01,-1.071325646312886404e+00,-3.952904949323230444e-01
2.022984371793285219e-01,8.667364618388371245e-01,-2.835408049914713360e-02,-2.583474507916644902e-01,-1.071300316034417666e+00,-3.952179786484417701e-01
2.022756901593521506e-01,8.668468949982671701e-01,-2.820654548730592084e-02,-2.582693632392841776e-01,-1.071274503348507601e+00,-3.951500212919878408e-01
2.022521926933928127e-01,8.669570330428022498e-01,-2.805997530354870789e-02,-2.581952020727417696e-01,-1.071248913871975184e+00,-3.950855248946327225e-01
2.022280830250117456e-01,8.670670437235226125e-01,-2.791400199530688631e-02,-2.581242084635720913e-01,-1.071223855119238566e+00,-3.950237583906246464e-01
2.022034655560783212e-01,8.671770121467654580e-01,-2.776841591793881986e-02,-2.580558249054515918e-01,-1.071199432594597711e+00,-3.949642066431984788e-01
2.021784223086326160e-01,8.672869800453552047e-01,-2.762309359398243055e-02,-2.579896229354262660e-01,-1.071175652674945633e+00,-3.949064872135570337e-01
2.021530196372063881e-01,8.673969665837315546e-01,-2.747795906868216731e-02,-2.579252615581746899e-01,-1.071152476133060638e+00,-3.948503035784545201e-01
2.021273123322543108e-01,8.675069793505693072e-01,-2.733296312163956479e-02,-2.578624624420405298e-01,-1.071129845578104867e+00,-3.947954180880490771e-01
2.021013462611679912e-01,8.676170201446123942e-01,-2.718807200538965116e-02,-2.578009944195662206e-01,-1.071107699175563255e+00,-3.947416357266253506e-01
2.020751601651743223e-01,8.677270880005769627e-01,-2.704326127975028790e-02,-2.577406632705039891e-01,-1.071085977196232220e+00,-3.946887938750501257e-01
2.020487869537904158e-01,8.678371807558030726e-01,-2.689851237691449209e-02,-2.576813045921052536e-01,-1.071064624864006998e+00,-3.946367554982820880e-01
2.020222546833885524e-01,8.679472958427878471e-01,-2.675381064785607027e-02,-2.576227785552496763e-01,-1.071043593317141385e+00,-3.945854043349269480e-01
2.019955873260230184e-01,8.680574306807230522e-01,-2.660914420668303304e-02,-2.575649658728803582e-01,-1.071022839655906500e+00,-3.945346413289045340e-01
2.019688053937331862e-01,8.681675828519714866e-01,-2.646450322351854428e-02,-2.575077645855773922e-01,-1.071002326560074325e+00,-3.944843818571827088e-01
2.019419264521778723e-01,8.682777501753811134e-01,-2.631987946082720020e-02,-2.574510874420680717e-01,-1.070982021747570956e+00,-3.944345535093678468e-01
2.019149655516898068e-01,8.683879307233280942e-01,-2.617526595673152351e-02,-2.573948597212868949e-01,-1.070961897389690165e+00,-3.943850942629039680e-01
2.018879355920679963e-01,8.684981228109764917e-01,-2.603065679784477560e-02,-2.573390174014096310e-01,-1.070941929543720805e+00,-3.943359509588153511e-01
2.018608476312166999e-01,8.686083249784368743e-01,-2.588604694154144487e-02,-2.572835056130597375e-01,-1.070922097640578219e+00,-3.942870780201435110e-01
2.018337111506495474e-01,8.687185359635277715e-01,-2.574143208182823675e-02,-2.572282773186885252e-01,-1.070902384018683318e+00,-3.942384363609057196e-01
2.018065342793706751e-01,8.688287546805325556e-01,-2.559680853402125297e-02,-2.571732921928406856e-01,-1.070882773524452602e+00,-3.941899924584394421e-01
2.017793239876713718e-01,8.689389801962729143e-01,-2.545217314337448397e-02,-2.571185156602158184e-01,-1.070863253158752970e+00,-3.941417175593107114e-01
2.017520862525007397e-01,8.690492117095587332e-01,-2.530752320740873446e-02,-2.570639180741532415e-01,-1.070843811772653309e+00,-3.940935870007741260e-01
2.017248261985712388e-01,8.691594485334298570e-01,-2.516285641012236743e-02,-2.570094740141611322e-01,-1.070824439805585726e+00,-3.940455796268796940e-01
2.016975482211105508e-01,8.692696900778398295e-01,-2.501817076733547224e-02,-2.569551616805475502e-01,-1.070805129057926797e+00,-3.939976772916004566e-01
2.016702560878407546e-01,8.693799358388776266e-01,-2.487346457616350370e-02,-2.569009623824703437e-01,-1.070785872501660796e+00,-3.939498644299074814e-01
2.016429530309284679e-01,8.694901853828261862e-01,-2.472873637851067882e-02,-2.568468600893870635e-01,-1.070766664107888788e+00,-3.939021276912140213e-01
2.016156418213146118e-01,8.696004383389929204e-01,-2.458398492327590334e-02,-2.567928410562845265e-01,-1.070747498708596090e+00,-3.938544556236368011e-01
2.015883248345803069e-01,8.697106943909687082e-01,-2.443920913624119881e-02,-2.567388934977629655e-01,-1.070728371874604123e+00,-3.938068384050632531e-01
2.015610041088488069e-01,8.698209532663340182e-01,-2.429440809751600913e-02,-2.566850073055124692e-01,-1.070709279806283609e+00,-3.937592676107362077e-01
1.995077339467679067e-01,8.733186287254189883e-01,-2.012887112404318155e-02,-2.645684848851414528e-01,-1.083470894015837738e+00,-3.996786319604828663e-01
1.994872395293940948e-01,8.734310636821230878e-01,-1.997724761072897787e-02,-2.644783871800484576e-01,-1.083447289133943059e+00,-3.996004810914006167e-01
1.994655057282403443e-01,8.735422471884569662e-01,-1.982849129561675694e-02,-2.643949893774706905e-01,-1.083421706908095361e+00,-3.995285955320599380e-01
1.994428214946039335e-01,8.736528098647577956e-01,-1.968137498542598535e-02,-2.643166113743209977e-01,-1.083395636969104903e+00,-3.994612390989938366e-01
1.994193823203660176e-01,8.737630800299145406e-01,-1.953522900767972262e-02,-2.642421528030831634e-01,-1.083369789453427545e+00,-3.993973196784053603e-01
1.993953281702298963e-01,8.738732266078247379e-01,-1.938968193036546411e-02,-2.641708505813499808e-01,-1.083344472733893227e+00,-3.993361109288285915e-01
1.993707644166590742e-01,8.739833347632265381e-01,-1.924452273125954252e-02,-2.641021461096410561e-01,-1.083319791997553461e+00,-3.992771012920274809e-01
1.993457736603536368e-01,8.740934458850359023e-01,-1.909962741956780508e-02,-2.640356112077281714e-01,-1.083295753087076374e+00,-3.992199109902302423e-01
1.993204226241225008e-01,8.742035786900214100e-01,-1.895491986019572778e-02,-2.639709057048333918e-01,-1.083272316337774432e+00,-3.991642454988257316e-01
1.992947663444733508e-01,8.743137403371159522e-01,-1.881035076201793138e-02,-2.639077522659935560e-01,-1.083249424090944268e+00,-3.991098687080432694e-01
1.992688508622503796e-01,8.744239322468488895e-01,-1.866588633890258614e-02,-2.638459207244374105e-01,-1.083227014386926923e+00,-3.990565868266371385e-01
1.992427150435260585e-01,8.745341531365841137e-01,-1.852150211340356997e-02,-2.637852178026921512e-01,-1.083205027479818838e+00,-3.990042382431936430e-01
1.992163918891319552e-01,8.746444005791541576e-01,-1.837717948006136956e-02,-2.637254799601103650e-01,-1.083183408643116685e+00,-3.989526867715501024e-01
1.991899095222293137e-01,8.747546717885944512e-01,-1.823290375029796781e-02,-2.636665681462253552e-01,-1.083162109106398763e+00,-3.989018168843616596e-01
1.991632919641281863e-01,8.748649640018342222e-01,-1.808866300099864002e-02,-2.636083637710449623e-01,-1.083141086080934512e+00,-3.988515301690992998e-01
1.991365597606498394e-01,8.749752746513937973e-01,-1.794444736611379779e-02,-2.635507655021290252e-01,-1.083120302369215970e+00,-3.988017425722701348e-01
1.991097305005794238e-01,8.750856014304700947e-01,-1.780024857682168185e-02,-2.634936866484085538e-01,-1.083099725811663694e+00,-3.987523821897104859e-01
1.990828192497681726e-01,8.751959423049030518e-01,-1.765605964561198921e-02,-2.634370529879578315e-01,-1.083079328696572752e+00,-3.987033874511930476e-01
1.990558389160803354e-01,8.753062955017930635e-01,-1.751187463595180183e-02,-2.633808009465983258e-01,-1.083059087194597314e+00,-3.986547056018924229e-01
1.990288005616404343e-01,8.754166594851333638e-01,-1.736768848827440967e-02,-2.633248760523976828e-01,-1.083038980839195142e+00,-3.986062914256095491e-01
1.990017136672289633e-01,8.755270329308173505e-01,-1.722349688011880556e-02,-2.632692316249041209e-01,-1.083018992067483310e+00,-3.985581061600156350e-01
1.989745863595461517e-01,8.756374146988821217e-01,-1.707929611567551159e-02,-2.632138276543683486e-01,-1.082999105813052365e+00,-3.985101165698117787e-01
1.989474256039461819e-01,8.757478038107684437e-01,-1.693508303112769078e-02,-2.631586298481821684e-01,-1.082979309156712810e+00,-3.984622941573810473e-01
1.989202373717337824e-01,8.758581994263837656e-01,-1.679085491715596665e-02,-2.631036088097593040e-01,-1.082959591021619872e+00,-3.984146144883272123e-01
1.988930267809339292e-01,8.759686008258208423e-01,-1.664660945259933966e-02,-2.630487393412869190e-01,-1.082939941912258286e+00,-3.983670566095269261e-01
1.988657982187796158e-01,8.760790073927082755e-01,-1.650234464751595270e-02,-2.629939998424063452e-01,-1.082920353690317361e+00,-3.983196025555154063e-01
1.988385554465243177e-01,8.761894185977844307e-01,-1.635805879800699206e-02,-2.629393717955205156e-01,-1.082900819377795365e+00,-3.982722369202978951e-01
1.988113016877637029e-01,8.762998339888872223e-01,-1.621375044229129633e-02,-2.628848393278963025e-01,-1.082881332995476287e+00,-3.982249464941660100e-01
1.987840397064676579e-01,8.764102531782167471e-01,-1.606941832765815953e-02,-2.628303888314916792e-01,-1.082861889417809476e+00,-3.981777199513435450e-01
1.987567718717963006e-01,8.765206758338921489e-01,-1.592506138007268937e-02,-2.627760086411672358e-01,-1.082842484251790749e+00,-3.981305475795165472e-01
1.987295002146877154e-01,8.766311016717616145e-01,-1.578067867866908558e-02,-2.627216887572795256e-01,-1.082823113732133580e+00,-3.980834210510610371e-01
1.966762834125616866e-01,8.801598655687274952e-01,-1.160304165950638670e-02,-2.705804188030404012e-01,-1.095569611896741957e+00,-4.040650680942721173e-01
1.966558790396363832e-01,8.802724275528196474e-01,-1.145180208674678041e-02,-2.704900023462324943e-01,-1.095545783884685376e+00,-4.039876010752972979e-01
1.966342212363959840e-01,8.803837266367050551e-01,-1.130346375122742372e-02,-2.704063161927288683e-01,-1.095519958372548341e+00,-4.039163627516283994e-01
1.966116054082062969e-01,8.804944037356403630e-01,-1.115677940840887478e-02,-2.703276537395819523e-01,-1.095493639717160184e+00,-4.038496230778605978e-01
1.965882303562033195e-01,8.806047910573773230e-01,-1.101107080721312574e-02,-2.702529033595859054e-01,-1.095467542695953034e+00,-4.037862959374737271e-01
1.965642377906059446e-01,8.807150586549734594e-01,-1.086596300042294919e-02,-2.701812977760831846e-01,-1.095441976525277639e+00,-4.037256598498197846e-01
1.965397340433888973e-01,8.808252917077137312e-01,-1.072124361247005914e-02,-2.701122773759227491e-01,-1.095417046031259556e+00,-4.036672069310340838e-01
1.965148022721176502e-01,8.809355312292597162e-01,-1.057678817072609662e-02,-2.700454143259302664e-01,-1.095392756490633168e+00,-4.036105601365509443e-01
1.964895095417395765e-01,8.810457954725753327e-01,-1.043252038211663416e-02,-2.699803693303204355e-01,-1.095369067790273654e+00,-4.035554269910503478e-01
1.964639111131759874e-01,8.811560911538692809e-01,-1.028839090551204351e-02,-2.699168660796705810e-01,-1.095345921996087268e+00,-4.035015729599006895e-01
1.964380531789490514e-01,8.812664193123262990e-01,-1.014436592602261343e-02,-2.698546754321117236e-01,-1.095323257029944264e+00,-4.034488055025136077e-01
1.964119747120585402e-01,8.813767783456012417e-01,-1.000042093752848658e-02,-2.697936050679242137e-01,-1.095301013135658419e+00,-4.033969640335183793e-01
1.963857087888441488e-01,8.814871655633649272e-01,-9.856537299983047368e-03,-2.697334923204382506e-01,-1.095279135648229429e+00,-4.033459132332741226e-01
1.963592835860033525e-01,8.815975779621768593e-01,-9.712700288393938397e-03,-2.696741989260896255e-01,-1.095257575898332503e+00,-4.032955383212197265e-01
1.963327231615223378e-01,8.817080125997607265e-01,-9.568897942931586797e-03,-2.696156070012851735e-01,-1.095236291219958469e+00,-4.032457415390953703e-01
1.963060480855911005e-01,8.818184667594216597e-01,-9.425120364015469182e-03,-2.695576158453845683e-01,-1.095215244545302724e+00,-4.031964394114906369e-01
1.962792759619291227e-01,8.819289380102197651e-01,-9.281359252442904564e-03,-2.695001393320822780e-01,-1.095194403845270337e+00,-4.031475605496802617e-01
1.962524218635842699e-01,8.820394242139032448e-01,-9.137607595317422809e-03,-2.694431037450017996e-01,-1.095173741533066014e+00,-4.030990438410342880e-01
1.962254987006631646e-01,8.821499235101233349e-01,-8.993859434424909122e-03,-2.693864459607050454e-01,-1.095153233897653067e+00,-4.030508369414759762e-01
1.961985175334436948e-01,8.822604342891945395e-01,-8.850109692480338797e-03,-2.693301119094378970e-01,-1.095132860582268108e+00,-4.030028950013656575e-01
1.961714878375379056e-01,8.823709551649576710e-01,-8.706354032859161055e-03,-2.692740552703080104e-01,-1.095112604124903966e+00,-4.029551795845282558e-01
1.961444177326644167e-01,8.824814849447991660e-01,-8.562588748653496284e-03,-2.692182363535158829e-01,-1.095092449550974845e+00,-4.029076577470296350e-01
1.961173141760103045e-01,8.825920226062604623e-01,-8.418810666147344413e-03,-2.691626211509997035e-01,-1.095072384026301693e+00,-4.028603012528644278e-01
1.960901831295762954e-01,8.827025672712388582e-01,-8.275017069939770084e-03,-2.691071805196698086e-01,-1.095052396548715778e+00,-4.028130858968543837e-01
1.960630297019873847e-01,8.828131181879849132e-01,-8.131205633466431076e-03,-2.690518894863163646e-01,-1.095032477691100015e+00,-4.027659909316715359e-01
1.960358582707797392e-01,8.829236747128106355e-01,-7.987374363417298201e-03,-2.689967266504049714e-01,-1.095012619375743457e+00,-4.027189985733971578e-01
1.960086725879774117e-01,8.830342362934233691e-01,-7.843521552965689730e-03,-2.689416736707546107e-01,-1.094992814679654369e+00,-4.026720935781893940e-01
1.959814758679325475e-01,8.831448024581104450e-01,-7.699645738533988926e-03,-2.688867148314785793e-01,-1.094973057672488093e+00,-4.026252628789939725e-01
1.959542708656934473e-01,8.832553728027294770e-01,-7.555745665920180106e-03,-2.688318366634477874e-01,-1.094953343272813795e+00,-4.025784952761649049e-01
1.959270599419202785e-01,8.833659469814122422e-01,-7.411820260383858092e-03,-2.687770276246478907e-01,-1.094933667126589016e+00,-4.025317811688300940e-01
1.958998451201206803e-01,8.834765246977468456e-01,-7.267868600870899289e-03,-2.687222778229926279e-01,-1.094914025502910393e+00,-4.024851123283076926e-01
1.938477568982398536e-01,8.870359142255577201e-01,-3.077991918126209581e-03,-2.765570517419628227e-01,-1.107644885360335785e+00,-4.085301859443271622e-01
1.938274477742825408e-01,8.871485879054340495e-01,-2.927149093562988070e-03,-2.764663230329194032e-01,-1.107620843464319549e+00,-4.084534199243720076e-01
1.938058709771382782e-01,8.872599871999163890e-01,-2.779242405905039959e-03,-2.763823551290545133e-01,-1.107594783220767987e+00,-4.083828452025319855e-01
1.937833286733008364e-01,8.873707634908912789e-01,-2.633003807707623087e-03,-2.763034144628027100e-01,-1.107568224293673298e+00,-4.083167379715744172e-01
1.937600230780023303e-01,8.874812528702471504e-01,-2.487746251665883760e-03,-2.762283780987757620e-01,-1.107541886216359517e+00,-4.082540182677997231e-01
1.937360976675952806e-01,8.875916264719357907e-01,-2.343091248820445855e-03,-2.761564746351800603e-01,-1.107516079023666666e+00,-4.081939696034972420e-01
1.937116597211467894e-01,8.877019694471504074e-01,-2.198825093447554120e-03,-2.760871435285742748e-01,-1.107490907140955327e+00,-4.081360878733241160e-01
1.936867929300523095e-01,8.878123224029079719e-01,-2.054822864270947329e-03,-2.760199573593671851e-01,-1.107466375247287083e+00,-4.080799988353613905e-01
1.936615646771678856e-01,8.879227031077553400e-01,-1.911008138908349731e-03,-2.759545777527276922e-01,-1.107442442762781587e+00,-4.080254121112014132e-01
1.936360304228738616e-01,8.880331178276089643e-01,-1.767331542081240162e-03,-2.758907294601790627e-01,-1.107419051478653937e+00,-4.079720947752378257e-01
1.936102364916060803e-01,8.881435672153004113e-01,-1.623759242079324695e-03,-2.758281843843143344e-01,-1.107396139202537544e+00,-4.079198555643674395e-01
1.935842219447982959e-01,8.882540493485449051e-01,-1.480266710550798368e-03,-2.757667511791908055e-01,-1.107373646177864712e+00,-4.078685349388584958e-01
1.935580199193840667e-01,8.883645612729690333e-01,-1.336835279467695706e-03,-2.757062680614489891e-01,-1.107351517808350838e+00,-4.078179984592303353e-01
1.935316586315891652e-01,8.884750997707497877e-01,-1.193450188446594897e-03,-2.756465975643309085e-01,-1.107329705538687481e+00,-4.077681321056840225e-01
1.935051621649150899e-01,8.885856617216550957e-01,-1.050099443633043146e-03,-2.755876225167145921e-01,-1.107308166834288121e+00,-4.077188387841433892e-01
1.934785511037857564e-01,8.886962442622712288e-01,-9.067731126569137864e-04,-2.755292428560910944e-01,-1.107286864766790835e+00,-4.076700356069551390e-01
1.934518430582908288e-01,8.888068448390215037e-01,-7.634628676453612817e-04,-2.754713730259695792e-01,-1.107265767444606031e+00,-4.076216517075141321e-01
1.934250531012426111e-01,8.889174612123191821e-01,-6.201616695839211194e-04,-2.754139398202463673e-01,-1.107244847414934785e+00,-4.075736264396824238e-01
1.933981941390003623e-01,8.890280914351184061e-01,-4.768635402902126935e-04,-2.753568805694155963e-01,-1.107224081089688950e+00,-4.075259078754883690e-01
1.933712772235631483e-01,8.891387338262561890e-01,-3.335633850045073242e-04,-2.753001416113834421e-01,-1.107203448227878972e+00,-4.074784515351408398e-01
1.933443118215642520e-01,8.892493869382062099e-01,-1.902568535405142845e-04,-2.752436769860888144e-01,-1.107182931472667331e+00,-4.074312193152340167e-01
1.933173060414427602e-01,8.893600495274929241e-01,-4.694022747656726059e-05,-2.751874473269438903e-01,-1.107162515946518377e+00,-4.073841785677034810e-01
1.932902668286202719e-01,8.894707205274954287e-01,9.638967422844259573e-05,-2.751314189126750076e-01,-1.107142188900813284e+00,-4.073373013179248381e-01
1.932632001327130034e-01,8.895813990235154067e-01,2.397355735220562160e-04,-2.750755628560120347e-01,-1.107121939412134992e+00,-4.072905635943221414e-01
1.932361110502899271e-01,8.896920842326652146e-01,3.830998019123663979e-04,-2.750198544104212606e-01,-1.107101758124159341e+00,-4.072439448579903698e-01
1.932090039473176313e-01,8.898027754845303505e-01,5.264843560027065040e-04,-2.749642723759062601e-01,-1.107081637022183873e+00,-4.071974275095374685e-01
1.931818825637152681e-01,8.899134722051204038e-01,6.698909455868498402e-04,-2.749087985909614562e-01,-1.107061569240717747e+00,-4.071509964675033011e-01
1.931547501033044345e-01,8.900241739032275223e-01,8.133210354108731145e-04,-2.748534174968846333e-01,-1.107041548899320826e+00,-4.071046388093248480e-01
1.931276093103835856e-01,8.901348801590579507e-01,9.567758809615010008e-04,-2.747981157652970574e-01,-1.107021570962143819e+00,-4.070583434622501717e-01
1.931004625369065197e-01,8.902455906120512186e-01,1.100256556681272020e-03,-2.747428819759136220e-01,-1.107001631114000295e+00,-4.070121009389299216e-01
1.930733117964775758e-01,8.903563049557029485e-01,1.243763985267710027e-03,-2.746877063479194470e-01,-1.106981725661848603e+00,-4.069659031098389890e-01
1.910233951329322610e-01,8.939458447582857570e-01,5.446015391709276357e-03,-2.824993733543022523e-01,-1.119696397915267205e+00,-4.130755615230856104e-01
1.910031859378523988e-01,8.940586146483312513e-01,5.596448083477202975e-03,-2.824083391968371104e-01,-1.119672151245275415e+00,-4.129995135505847847e-01
1.909816946410116123e-01,8.941700986422597142e-01,5.743908896148430462e-03,-2.823240964167635370e-01,-1.119645864719778006e+00,-4.129296186563309878e-01
1.909592304744086588e-01,8.942809587539563010e-01,5.889687429255907082e-03,-2.822448840271836179e-01,-1.119619073872799797e+00,-4.128641593954089362e-01
1.909359991688176772e-01,8.943915349511051271e-01,6.034479739769722621e-03,-2.821695677480412501e-01,-1.119592503100982350e+00,-4.128020621308045035e-01
1.909121459843341195e-01,8.945019993992678886e-01,6.178667882261640147e-03,-2.820973721302874604e-01,-1.119566463231178810e+00,-4.127426155089028437e-01
1.908877791337454666e-01,8.946124371743433557e-01,6.322466861324923387e-03,-2.820277357857803868e-01,-1.119541058239872156e+00,-4.126853193017924748e-01
1.908629828166513998e-01,8.947228884465185939e-01,6.466002012650626414e-03,-2.819602317801807589e-01,-1.119516292177858086e+00,-4.126298021365668589e-01
1.908378247081992385e-01,8.948333704829438684e-01,6.609349863085288608e-03,-2.818945227082310656e-01,-1.119492123987096077e+00,-4.125757757818129812e-01
1.908123604453459410e-01,8.949438890888378184e-01,6.752559802622069493e-03,-2.818303344127820464e-01,-1.119468495180568235e+00,-4.125230089536458533e-01
1.907866364633033218e-01,8.950544445268808769e-01,6.895665667666043587e-03,-2.817674398629863575e-01,-1.119445343456600961e+00,-4.124713116898703347e-01
1.907606918942078011e-01,8.951650345539409193e-01,7.038692001156421352e-03,-2.817056487004835352e-01,-1.119422609066762275e+00,-4.124205255142623372e-01
1.907345599199509467e-01,8.952756559543100234e-01,7.181657497019138664e-03,-2.816448000364673021e-01,-1.119400237497186534e+00,-4.123705168860028469e-01
1.907082687837678980e-01,8.953863052962443003e-01,7.324576946470939993e-03,-2.815847572072155414e-01,-1.119378180314661408e+00,-4.123211725571478969e-01
1.906818425827518926e-01,8.954969792842552012e-01,7.467462375768214519e-03,-2.815254037616561900e-01,-1.119356395126318571e+00,-4.122723961077482957e-01
1.906553019061013876e-01,8.956076749105259527e-01,7.610323749207010234e-03,-2.814666402802258882e-01,-1.119334845152792024e+00,-4.122241052480428714e-01
1.906286643616011134e-01,8.957183895012624797e-01,7.753169422590269061e-03,-2.814083817815258848e-01,-1.119313498648368377e+00,-4.121762296411813353e-01
1.906019450153423056e-01,8.958291207159494451e-01,7.896006458515427567e-03,-2.813505555723908591e-01,-1.119292328298787442e+00,-4.121287091138282066e-01
1.905751567624552612e-01,8.959398665242518378e-01,8.038840855963454851e-03,-2.812930994433019971e-01,-1.119271310647308670e+00,-4.120814921588241142e-01
1.905483106428071394e-01,8.960506251739078776e-01,8.181677726170486636e-03,-2.812359601402142917e-01,-1.119250425573107943e+00,-4.120345346749892390e-01
1.905214161080831248e-01,8.961613951581496318e-01,8.324521432293381304e-03,-2.811790920692668894e-01,-1.119229655829296011e+00,-4.119877988925747525e-01
1.904944812516891073e-01,8.962721751829871852e-01,8.467375702635322396e-03,-2.811224561890872664e-01,-1.119208986637723724e+00,-4.119412524622341198e-01
1.904675130040411057e-01,8.963829641390970160e-01,8.610243726027354619e-03,-2.810660190672361614e-01,-1.119188405339888837e+00,-4.118948676760629257e-01
1.904405172995267126e-01,8.964937610762448994e-01,8.753128230905985949e-03,-2.810097520739417432e-01,-1.119167901094444195e+00,-4.118486207997924531e-01
1.904134992201106102e-01,8.966045651809384509e-01,8.896031552919656665e-03,-2.809536306908390069e-01,-1.119147464617759491e+00,-4.118024915044117829e-01
1.903864631172539623e-01,8.967153757571089123e-01,9.038955691526255956e-03,-2.808976339213501983e-01,-1.119127087960280820e+00,-4.117564623753107167e-01
1.903594127173587613e-01,8.968261922095364103e-01,9.181902359422013452e-03,-2.808417437840028397e-01,-1.119106764316033731e+00,-4.117105184967962406e-01
1.903323512119396987e-01,8.969370140278598580e-01,9.324873021793701408e-03,-2.807859448785081646e-01,-1.119086487855452061e+00,-4.116646470913220002e-01
1.903052813339767280e-01,8.970478407763810003e-01,9.467868934817269544e-03,-2.807302240164977758e-01,-1.119066253588939075e+00,-4.116188372158181008e-01
1.902782054236697717e-01,8.971586720825001082e-01,9.610891174297218897e-03,-2.806745699039291941e-01,-1.119046057244192260e+00,-4.115730794959035488e-01
1.902511254855482614e-01,8.972695076270551517e-01,9.753940661414330429e-03,-2.806189728679152617e-01,-1.119025895162643058e+00,-4.115273659021178032e-01
1.882958452536307725e-01,9.008731569534456085e-01,1.401093588384567240e-02,-2.879720517921747769e-01,-1.131557936544485887e+00,-4.173381700124377258e-01
1.882625512922137534e-01,9.009882588090930566e-01,1.415480033506437765e-02,-2.879433907446662944e-01,-1.131557298761017405e+00,-4.173153834404785267e-01
1.882298648129450136e-01,9.011017422030198620e-01,1.429656141100437740e-02,-2.879125528469518858e-01,-1.131551201981639165e+00,-4.172911303483080037e-01
1.881978259019979616e-01,9.012143229900536623e-01,1.443739161150252130e-02,-2.878790442508717407e-01,-1.131541673784953739e+00,-4.172647980504780585e-01
1.881664083822991163e-01,9.013263836799557671e-01,1.457788120551102747e-02,-2.878428259378371101e-01,-1.131529856875276518e+00,-4.172362569061433546e-01
1.881355582734426934e-01,9.014381314168333770e-01,1.471831960247630550e-02,-2.878040652508900288e-01,-1.131516419939046170e+00,-4.172056017461052146e-01
1.881052128900366494e-01,9.015496806793952267e-01,1.485884185265637543e-02,-2.877630105647427383e-01,-1.131501773887202189e+00,-4.171730209398473166e-01
1.880753099785123228e-01,9.016610966209770428e-01,1.499950474404687477e-02,-2.877199296321213962e-01,-1.131486186219294865e+00,-4.171387315086599878e-01
1.880457917683752422e-01,9.017724178385205791e-01,1.514032619358787052e-02,-2.876750806498227786e-01,-1.131469841986197489e+00,-4.171029481977119313e-01
1.880166064727110675e-01,9.018836683839477342e-01,1.528130552889109782e-02,-2.876286999467737582e-01,-1.131452876702752741e+00,-4.170658698545576804e-01
1.879877085486300614e-01,9.019948641320335581e-01,1.542243382316856905e-02,-2.875809979474473477e-01,-1.131435394447171339e+00,-4.170276744585539874e-01
1.879590583799801984e-01,9.021060161963173618e-01,1.556369908309189996e-02,-2.875321591303650615e-01,-1.131417478110328556e+00,-4.169885183543406426e-01
1.879306217290291348e-01,9.022171327846295608e-01,1.570508877602888251e-02,-2.874823437692568540e-01,-1.131399195427237103e+00,-4.169485374164027536e-01
1.879023691201523183e-01,9.023282202308670064e-01,1.584659099502161439e-02,-2.874316903603992834e-01,-1.131380602710847505e+00,-4.169078489868231485e-01
1.878742752360227364e-01,9.024392835875874042e-01,1.598819493611833981e-02,-2.873803181926740113e-01,-1.131361747304473919e+00,-4.168665540256379365e-01
1.878463183610760701e-01,9.025503269809657114e-01,1.612989103545713412e-02,-2.873283298070573033e-01,-1.131342669293125658e+00,-4.168247392049106992e-01
1.878184798860155769e-01,9.026613538323303709e-01,1.627167094249299881e-02,-2.872758132364492401e-01,-1.131323402762781427e+00,-4.167824788321072282e-01
1.877907438709643384e-01,9.027723670092600017e-01,1.641352742686033594e-02,-2.872228440012677408e-01,-1.131303976778525344e+00,-4.167398365655776704e-01
1.877630966667086510e-01,9.028833689317096178e-01,1.655545425909505167e-02,-2.871694868557203573e-01,-1.131284416165753370e+00,-4.166968669159004102e-01
1.877355265887770686e-01,9.029943616479431112e-01,1.669744608446500911e-02,-2.871157973021673526e-01,-1.131264742145049684e+00,-4.166536165455388963e-01
1.877080236340920305e-01,9.031053469002106038e-01,1.683949831299753896e-02,-2.870618229064264004e-01,-1.131244972872930132e+00,-4.166101253962639639e-01
1.876805792416534890e-01,9.032163261696738443e-01,1.698160701095030936e-02,-2.870076044219421196e-01,-1.131225123884421313e+00,-4.165664276535056554e-01
1.876531860841860189e-01,9.033273007183829639e-01,1.712376881080727303e-02,-2.869531767633592967e-01,-1.131205208476449453e+00,-4.165225525751488078e-01
1.876258378903342960e-01,9.034382716224172993e-01,1.726598083061833822e-02,-2.868985698407395257e-01,-1.131185238031025664e+00,-4.164785251998749382e-01
1.875985292924683134e-01,9.035492398006305104e-01,1.740824060596062040e-02,-2.868438092759532654e-01,-1.131165222293274208e+00,-4.164343669578298712e-01
1.875712556980734802e-01,9.036602060351089927e-01,1.755054602676226969e-02,-2.867889170126186049e-01,-1.131145169602544520e+00,-4.163900961886896068e-01
1.875440131760595375e-01,9.037711709954865391e-01,1.769289529098136762e-02,-2.867339118474626081e-01,-1.131125087101420901e+00,-4.163457285899832550e-01
1.875167983626797319e-01,9.038821352525744368e-01,1.783528685661175603e-02,-2.866788098785095773e-01,-1.131104980902881696e+00,-4.163012775953775502e-01
1.874896083793502755e-01,9.039930992941066501e-01,1.797771940569712137e-02,-2.866236248927455099e-01,-1.131084856240523795e+00,-4.162567547020832315e-01
1.874624407631542145e-01,9.041040635362944666e-01,1.812019181138048440e-02,-2.865683686969038857e-01,-1.131064717594165048e+00,-4.162121697507228379e-01
1.874352934065214304e-01,9.042150283350404161e-01,1.826270311106456545e-02,-2.865130514022090624e-01,-1.131044568799422834e+00,-4.161675311635446017e-01
1.854830212171679482e-01,9.078475046408056581e-01,2.253208344367451169e-02,-2.938526824974271312e-01,-1.143562065617705903e+00,-4.220521558257791517e-01
1.854498449331399290e-01,9.079627490970670900e-01,2.267547850882806540e-02,-2.938233537568967213e-01,-1.143561117204490163e+00,-4.220297307079401983e-01
1.854172639013684509e-01,9.080763521389003667e-01,2.281673960339672749e-02,-2.937919122859973808e-01,-1.143554697926287833e+00,-4.220058394991021977e-01
1.853853249066376163e-01,9.081890421321194840e-01,2.295706079333151642e-02,-2.937578344116952289e-01,-1.143544851568450538e+00,-4.219798726814497636e-01
1.853540047557500348e-01,9.083012068296092423e-01,2.309704064607796467e-02,-2.937210678153328036e-01,-1.143532725214104095e+00,-4.219517039305552553e-01
1.853232507386460837e-01,9.084130555320321099e-01,2.323697131106327793e-02,-2.936817738739155303e-01,-1.143518987642526241e+00,-4.219214303251344611e-01
1.852930006716014544e-01,9.085247036156802736e-01,2.337698839425332575e-02,-2.936401981488924728e-01,-1.143504048597987266e+00,-4.218892413608429370e-01
1.852631924689686349e-01,9.086362166506275484e-01,2.351714848326743462e-02,-2.935966068849832356e-01,-1.143488174270864022e+00,-4.218553543342879464e-01
1.852337683965654680e-01,9.087476334809789780e-01,2.365746910824791799e-02,-2.935512572772018824e-01,-1.143471548600843990e+00,-4.218199837228953086e-01
1.852046766602405414e-01,9.088589783486028528e-01,2.379794922142560235e-02,-2.935043848359452645e-01,-1.143454306233470552e+00,-4.217833277894337263e-01
1.851758716995205445e-01,9.089702673039024017e-01,2.393857959471342237e-02,-2.934561992388753371e-01,-1.143436550589869372e+00,-4.217455637735241236e-01
1.851473138882820391e-01,9.090815116236913296e-01,2.407934800479607368e-02,-2.934068842447441483e-01,-1.143418364053832459e+00,-4.217068472267684887e-01
1.851189689865064270e-01,9.091927196707535463e-01,2.422024175144934718e-02,-2.933565994372617780e-01,-1.143399813963821510e+00,-4.216673132346041020e-01
1.850908075249734219e-01,9.093038979213727835e-01,2.436124880562914874e-02,-2.933054826545564708e-01,-1.143380956310950047e+00,-4.216270783867748784e-01
1.850628041995310280e-01,9.094150515568325543e-01,2.450235827466505298e-02,-2.932536525657005733e-01,-1.143361838169765665e+00,-4.215862429439755088e-01
1.850349373149391408e-01,9.095261848150880679e-01,2.464356052758821108e-02,-2.932012111297938040e-01,-1.143342499391560851e+00,-4.215448929396308220e-01
1.850071882833950743e-01,9.096373012184729712e-01,2.478484716670949217e-02,-2.931482458469141239e-01,-1.143322973862201275e+00,-4.215031021020067548e-01
1.849795411903460418e-01,9.097484037207761443e-01,2.492621092575561872e-02,-2.930948317456603669e-01,-1.143303290468073330e+00,-4.214609335700618131e-01
1.849519824120908762e-01,9.098594948165789065e-01,2.506764554794034885e-02,-2.930410331336142371e-01,-1.143283473874838974e+00,-4.214184413867428369e-01
1.849245002899599366e-01,9.099705766196651835e-01,2.520914566034456600e-02,-2.929869051083900389e-01,-1.143263545163193617e+00,-4.213756718005346458e-01
1.848970848476440554e-01,9.100816509259268550e-01,2.535070665689184710e-02,-2.929324948673795448e-01,-1.143243522360186892e+00,-4.213326643831127316e-01
1.848697275485312874e-01,9.101927192644493347e-01,2.549232459381520904e-02,-2.928778428357263208e-01,-1.143223420887839348e+00,-4.212894529906232588e-01
1.848424210891450592e-01,9.103037829374795997e-01,2.563399609574262480e-02,-2.928229836324824920e-01,-1.143203253940717312e+00,-4.212460665887120537e-01
1.848151592210260374e-01,9.104148430551827209e-01,2.577571827532219167e-02,-2.927679469025679659e-01,-1.143183032809333088e+00,-4.212025299582445315e-01
1.847879365980463207e-01,9.105259005651674675e-01,2.591748866410736180e-02,-2.927127580307803956e-01,-1.143162767156506554e+00,-4.211588643004255395e-01
1.847607486464895310e-01,9.106369562759633052e-01,2.605930515150143428e-02,-2.926574387522366538e-01,-1.143142465251177464e+00,-4.211150877532283676e-01
1.847335914545233659e-01,9.107480108767455063e-01,2.620116593272149227e-02,-2.926020076740968312e-01,-1.143122134168729653e+00,-4.210712158351002654e-01
1.847064616750636878e-01,9.108590649565566633e-01,2.634306946571040794e-02,-2.925464807283426616e-01,-1.143101779964839748e+00,-4.210272618224646379e-01
1.846793564445025071e-01,9.109701190189590791e-01,2.648501443325662272e-02,-2.924908715552760885e-01,-1.143081407822621909e+00,-4.209832370733783136e-01
1.846522733141526817e-01,9.110811734931492101e-01,2.662699970939122820e-02,-2.924351918304460840e-01,-1.143061022176670161e+00,-4.209391513065016133e-01
1.846252101893990083e-01,9.111922287453365632e-01,2.676902433154118230e-02,-2.923794515489362977e-01,-1.143040626820996053e+00,-4.208950128353357578e-01
1.826777394031534052e-01,9.148528551490093808e-01,3.105124559509166854e-02,-2.997024562727212404e-01,-1.155541366557929051e+00,-4.268512956154768001e-01
1.826446914963788803e-01,9.149682243742015553e-01,3.119415778231015429e-02,-2.996724541982544454e-01,-1.155540107261469496e+00,-4.268292345915150610e-01
1.826122254419255131e-01,9.150819294265760684e-01,3.133490440038926017e-02,-2.996404053522405131e-01,-1.155533365874727991e+00,-4.268057089333507914e-01
1.825803951478391640e-01,9.151947113195409989e-01,3.147470185411512661e-02,-2.996057555743116829e-01,-1.155523202755227352e+00,-4.267801122522821289e-01
1.825491806098180625e-01,9.153069630084232911e-01,3.161415721889833386e-02,-2.995684390279980125e-01,-1.155510769297161122e+00,-4.267523215201319275e-01
1.825185304978648726e-01,9.154188958768142426e-01,3.175356540737271638e-02,-2.995286110356534248e-01,-1.155496734205623932e+00,-4.267224360094196145e-01
1.824883831961874592e-01,9.155306261398105105e-01,3.189306256250222515e-02,-2.994865142846152017e-01,-1.155481505906082118e+00,-4.266906462630042363e-01
1.824586768393516578e-01,9.156422197390806650e-01,3.203270504871837121e-02,-2.994424134377339231e-01,-1.155465349156047594e+00,-4.266571697682118303e-01
1.824293537703840784e-01,9.157537157356276936e-01,3.217250999328068878e-02,-2.993965646125322788e-01,-1.155448446688616793e+00,-4.266222206418947560e-01
1.824003622217122145e-01,9.158651385447437177e-01,3.231247596982641385e-02,-2.993492024266208307e-01,-1.155430932213765027e+00,-4.265859964776093638e-01
1.823716566485027446e-01,9.159765043771628257e-01,3.245259344683486258e-02,-2.993005357319998838e-01,-1.155412908438434583e+00,-4.265486736999986594e-01
1.823431974397289046e-01,9.160878246669544867e-01,3.259284997634143144e-02,-2.992507475033396314e-01,-1.155394457199887537e+00,-4.265104069971508705e-01
1.823149503776727576e-01,9.161991079244673486e-01,3.273323269427081544e-02,-2.991999965715039234e-01,-1.155375645403791784e+00,-4.264713306057840714e-01
1.822868860205648922e-01,9.163103607629378144e-01,3.287372945403722879e-02,-2.991484200622481771e-01,-1.155356528689521767e+00,-4.264315603116237696e-01
1.822589790965379319e-01,9.164215884875213103e-01,3.301432927894729780e-02,-2.990961359760158089e-01,-1.155337153837588060e+00,-4.263911956327289254e-01
1.822312079450492672e-01,9.165327954465365412e-01,3.315502247751776765e-02,-2.990432456525025096e-01,-1.155317560447475911e+00,-4.263503219250107112e-01
1.822035540147813604e-01,9.166439852588827986e-01,3.329580060809318731e-02,-2.989898360214136019e-01,-1.155297782185211064e+00,-4.263090123057831082e-01
1.821760014274198813e-01,9.167551609626227727e-01,3.343665637242546063e-02,-2.989359815914114926e-01,-1.155277847743501285e+00,-4.262673293643540195e-01
1.821485365960107961e-01,9.168663251238806655e-01,3.357758348950566629e-02,-2.988817461959849542e-01,-1.155257781614475343e+00,-4.262253266537868179e-01
1.821211478967459385e-01,9.169774799191364734e-01,3.371857657007258646e-02,-2.988271845055924247e-01,-1.155237604726072620e+00,-4.261830499869019850e-01
1.820938253866567214e-01,9.170886271973688331e-01,3.385963099550379218e-02,-2.987723433328181022e-01,-1.155217334967677534e+00,-4.261405385467759710e-01
1.820665605611578863e-01,9.171997685330480765e-01,3.400074281373782065e-02,-2.987172627563118854e-01,-1.155196987638993589e+00,-4.260978258469203528e-01
1.820393461459621498e-01,9.173109052674925934e-01,3.414190864366760392e-02,-2.986619770865057699e-01,-1.155176575825343166e+00,-4.260549405473251783e-01
1.820121759201757117e-01,9.174220385439831871e-01,3.428312559444191693e-02,-2.986065156919583408e-01,-1.155156110719914642e+00,-4.260119071600392826e-01
1.819850445634427771e-01,9.175331693377219988e-01,3.442439119503438311e-02,-2.985509037104245866e-01,-1.155135601897879560e+00,-4.259687466480798212e-01
1.819579475258163714e-01,9.176442984806894021e-01,3.456570333362127267e-02,-2.984951626570497840e-01,-1.155115057550334834e+00,-4.259254769396131901e-01
1.819308809160252172e-01,9.177554266831475793e-01,3.470706020585449803e-02,-2.984393109460479199e-01,-1.155094484684729750e+00,-4.258821133664958403e-01
1.819038414068027132e-01,9.178665545510727997e-01,3.484846027014845693e-02,-2.983833643361128996e-01,-1.155073889295466172e+00,-4.258386690422999998e-01
1.818768261528505847e-01,9.179776826019541147e-01,3.498990220986336608e-02,-2.983273363134431033e-01,-1.155053276510782378e+00,-4.257951551818631719e-01
1.818498327208170895e-01,9.180888112782816801e-01,3.513138490118854207e-02,-2.982712384198518141e-01,-1.155032650718550657e+00,-4.257515813770393898e-01
1.818228590306754655e-01,9.181999409567009884e-01,3.527290738315169705e-02,-2.982150805306141850e-01,-1.155012015670416670e+00,-4.257079558299571298e-01
1.798810618452868215e-01,9.218882051068967298e-01,3.956806399137768882e-02,-3.055225515297412819e-01,-1.167495370797361431e+00,-4.317371512842448356e-01
1.798481501617683331e-01,9.220036813744458826e-01,3.971047808002153845e-02,-3.054918816029915107e-01,-1.167493804241764632e+00,-4.317154656792923650e-01
1.798158060996524477e-01,9.221174708785188079e-01,3.985069417015636023e-02,-3.054592311288135131e-01,-1.167486744483657635e+00,-4.316923166147444979e-01
1.797840910681434701e-01,9.222303274113696769e-01,3.998995175018676962e-02,-3.054240150275754906e-01,-1.167476268875359047e+00,-4.316671010157645538e-01
1.797529884093934938e-01,9.223426490923880561e-01,4.012886658748567037e-02,-3.053861539360445132e-01,-1.167463533114391883e+00,-4.316396992965292889e-01
1.797224482449460148e-01,9.224546493172403050e-01,4.026773636046204058e-02,-3.053457972049257729e-01,-1.167449205720260563e+00,-4.316102130082599131e-01
1.796924095656917131e-01,9.225664450776212000e-01,4.040669770729980737e-02,-3.053031847213891758e-01,-1.167433693687823792e+00,-4.315788337757993087e-01
1.796628107480323366e-01,9.226781026489528914e-01,4.054580673546863412e-02,-3.052585796214504765e-01,-1.167417260265564583e+00,-4.315457792819110128e-01
1.796335942319663981e-01,9.227896612839491253e-01,4.068508014692875929e-02,-3.052122369693436865e-01,-1.167400086927883551e+00,-4.315112632784577351e-01
1.796047082939460637e-01,9.229011455538418396e-01,4.082451612113795203e-02,-3.051643904972155541e-01,-1.167382306410174042e+00,-4.314754826731929116e-01
1.795761074183070405e-01,9.230125718214996500e-01,4.096410481749881288e-02,-3.051152482339368754e-01,-1.167364020681774583e+00,-4.314386130564601407e-01
1.795477520248918435e-01,9.231239516696188030e-01,4.110383355942225092e-02,-3.050649923610050940e-01,-1.167345311012801812e+00,-4.314008082387332799e-01
1.795196079296562941e-01,9.232352937528346404e-01,4.124368931968250274e-02,-3.050137809512798448e-01,-1.167326243863565205e+00,-4.313622015920912101e-01
1.794916457298294243e-01,9.233466048177982888e-01,4.138365983533604658e-02,-3.049617504093594667e-01,-1.167306874510672499e+00,-4.313229080853129838e-01
1.794638401957968366e-01,9.234578902900916209e-01,4.152373404616539060e-02,-3.049090180594301036e-01,-1.167287249429985962e+00,-4.312830264811273184e-01
1.794361697094192798e-01,9.235691546271284080e-01,4.166390220256355192e-02,-3.048556846170547563e-01,-1.167267407962473635e+00,-4.312426414467552260e-01
1.794086157647113433e-01,9.236804015406541168e-01,4.180415581915547518e-02,-3.048018364332593655e-01,-1.167247383545491513e+00,-4.312018254808230311e-01
1.793811625258018849e-01,9.237916341515272078e-01,4.194448756739813794e-02,-3.047475474927224259e-01,-1.167227204672483643e+00,-4.311606406152512783e-01
1.793537964479627600e-01,9.239028550967136599e-01,4.208489114469347869e-02,-3.046928811511065427e-01,-1.167206895658698285e+00,-4.311191399079574715e-01
1.793265059475470102e-01,9.240140666127727442e-01,4.222536114515722944e-02,-3.046378916473530540e-01,-1.167186477272856626e+00,-4.310773687288126377e-01
1.792992811193558078e-01,9.241252706009830398e-01,4.236589293970731418e-02,-3.045826254060994831e-01,-1.167165967264167881e+00,-4.310353658695535994e-01
1.792721134942790451e-01,9.242364686795248030e-01,4.250648256790175855e-02,-3.045271221574757381e-01,-1.167145380805409527e+00,-4.309931644947893048e-01
1.792449958307858748e-01,9.243476622276035615e-01,4.264712664390393759e-02,-3.044714159006105536e-01,-1.167124730869967042e+00,-4.309507929568935358e-01
1.792179219389373190e-01,9.244588524200978430e-01,4.278782227381665304e-02,-3.044155357247103622e-01,-1.167104028550718153e+00,-4.309082754970816054e-01
1.791908865258506345e-01,9.245700402591985334e-01,4.292856698436102458e-02,-3.043595065202887029e-01,-1.167083283332861043e+00,-4.308656328354963372e-01
1.791638850667338634e-01,9.246812266010862036e-01,4.306935866479606051e-02,-3.043033495828241231e-01,-1.167062503330293488e+00,-4.308228826896573493e-01
1.791369136943035123e-01,9.247924121743328341e-01,4.321019550998088377e-02,-3.042470831293400679e-01,-1.167041695478350460e+00,-4.307800402045865451e-01
1.791099691021170726e-01,9.249035976018182836e-01,4.335107597959769743e-02,-3.041907227453918838e-01,-1.167020865709458954e+00,-4.307371183286529126e-01
1.790830484637639386e-01,9.250147834152478987e-01,4.349199875852936131e-02,-3.041342817639247631e-01,-1.167000019096770869e+00,-4.306941281315194714e-01
1.790561493633371359e-01,9.251259700682551435e-01,4.363296272369043827e-02,-3.040777715902940326e-01,-1.166979159977946656e+00,-4.306510790765756824e-01
1.790292697358032703e-01,9.252371579490933362e-01,4.377396691796917039e-02,-3.040212019809140354e-01,-1.166958292064175451e+00,-4.306079792559271979e-01
1.770939854951415759e-01,9.289525353456945522e-01,4.808214093291196534e-02,-3.113142859294449338e-01,-1.179423604945819770e+00,-4.367113577691717485e-01
1.770612172246991689e-01,9.290681006527576891e-01,4.822404094845861300e-02,-3.112829542343720779e-01,-1.179421734628775420e+00,-4.366900588621689949e-01
1.770290015350729773e-01,9.291819568017954944e-01,4.836370973064596512e-02,-3.112497084238655121e-01,-1.179414360154122932e+00,-4.366672973339907893e-01
1.769974077121286293e-01,9.292948704846084595e-01,4.850241059324782167e-02,-3.112139320823550381e-01,-1.179403576271609966e+00,-4.366424736501050563e-01
1.769664225971661620e-01,9.294072449351311604e-01,4.864076816513409479e-02,-3.111755323265820716e-01,-1.179390542953257182e+00,-4.366154718250855882e-01
1.769359978296305980e-01,9.295192954863846779e-01,4.877908288611127602e-02,-3.111346526310496685e-01,-1.179375928414536867e+00,-4.365863957769876014e-01
1.769060730401320336e-01,9.296311398483895205e-01,4.891749185090141228e-02,-3.110915301685133749e-01,-1.179360138114734724e+00,-4.365554382505351105e-01
1.768765868715871104e-01,9.297428445861489754e-01,4.905605087069216802e-02,-3.110464265960873331e-01,-1.179343433710202671e+00,-4.365228171311123506e-01
1.768474818778350277e-01,9.298544491177493931e-01,4.919477619600592933e-02,-3.109995959532909082e-01,-1.179325995360966495e+00,-4.364887457896569067e-01
1.768187063957164795e-01,9.299659781554374671e-01,4.933366560052964561e-02,-3.109512710962861193e-01,-1.179307954794563518e+00,-4.364534204359860614e-01
1.767902149539938850e-01,9.300774482037792446e-01,4.947270892786373442e-02,-3.109016592294897019e-01,-1.179289413217596394e+00,-4.364170158083987561e-01
1.767619680153560136e-01,9.301888709892258689e-01,4.961189327164419738e-02,-3.108509417391024932e-01,-1.179270451316948964e+00,-4.363796848207984747e-01
1.767339314432870845e-01,9.303002553041148648e-01,4.975120544002599454e-02,-3.107992759295558627e-01,-1.179251135091525793e+00,-4.363415599660270816e-01
1.767060758844461454e-01,9.304116080253830301e-01,4.989063305496460599e-02,-3.107467974777594621e-01,-1.179231519444430276e+00,-4.363027553813288439e-01
1.766783761608779202e-01,9.305229346966673587e-01,5.003016497487291353e-02,-3.106936230251928777e-01,-1.179211650538478873e+00,-4.362633690627661931e-01
1.766508107069562905e-01,9.306342398800691029e-01,5.016979139222459833e-02,-3.106398526536264248e-01,-1.179191567445948996e+00,-4.362234849802651970e-01
1.766233610668940246e-01,9.307455273809011054e-01,5.030950378163322190e-02,-3.105855721350173626e-01,-1.179171303372102075e+00,-4.361831750020510046e-01
1.765960114556830440e-01,9.308568003989013961e-01,5.044929478460664224e-02,-3.105308549213697811e-01,-1.179150886603284265e+00,-4.361425005977354608e-01
1.765687483762052590e-01,9.309680616397534303e-01,5.058915807751774435e-02,-3.104757638870635494e-01,-1.179130341271819260e+00,-4.361015143221281254e-01
1.765415602894169766e-01,9.310793133994902382e-01,5.072908824021093305e-02,-3.104203528371539678e-01,-1.179109687984419397e+00,-4.360602610978300819e-01
1.765144373322455051e-01,9.311905576297271336e-01,5.086908063348072329e-02,-3.103646678050932528e-01,-1.179088944345320300e+00,-4.360187793195556272e-01
1.764873710748230407e-01,9.313017959910503407e-01,5.100913128954605996e-02,-3.103087481700040895e-01,-1.179068125397223499e+00,-4.359771017997166598e-01
1.764603543120806528e-01,9.314130298988028134e-01,5.114923681824928153e-02,-3.102526276165533115e-01,-1.179047243998075922e+00,-4.359352565802241952e-01
1.764333808868993325e-01,9.315242605585746238e-01,5.128939432270693266e-02,-3.101963349544814008e-01,-1.179026311137376437e+00,-4.358932676253989835e-01
1.764064455366795570e-01,9.316354889999447497e-01,5.142960133062157019e-02,-3.101398948252362953e-01,-1.179005336211568888e+00,-4.358511554158657764e-01
1.763795437646740460e-01,9.317467160995237530e-01,5.156985572900399384e-02,-3.100833283015135833e-01,-1.178984327250276687e+00,-4.358089374525305204e-01
1.763526717279616796e-01,9.318579426061789350e-01,5.171015571532541072e-02,-3.100266534049061495e-01,-1.178963291119369261e+00,-4.357666286928442156e-01
1.763258261430487861e-01,9.319691691577588477e-01,5.185049974951949636e-02,-3.099698855458566937e-01,-1.178942233685974950e+00,-4.357242419180025195e-01
1.762990042032186455e-01,9.320803963007737725e-01,5.199088651969343416e-02,-3.099130379045355599e-01,-1.178921159968917998e+00,-4.356817880526787645e-01
1.762722035115139030e-01,9.321916244992625167e-01,5.213131490382567207e-02,-3.098561217484481212e-01,-1.178900074254674912e+00,-4.356392764312452814e-01
1.762454220193773180e-01,9.323028541505627986e-01,5.227178394611237122e-02,-3.097991467135318699e-01,-1.178878980209325578e+00,-4.355967150320776970e-01
1.743174569263485352e-01,9.360448085166013232e-01,5.659304398726895668e-02,-3.170790437196447931e-01,-1.191325562735622290e+00,-4.417755623573521029e-01
1.742848385910447939e-01,9.361604445812835573e-01,5.673441315336272273e-02,-3.170470569650176706e-01,-1.191323392023790895e+00,-4.417546613699583902e-01
1.742527570145259441e-01,9.362743493129568328e-01,5.687351707059661032e-02,-3.170132226634395090e-01,-1.191315706396200991e+00,-4.417322982148113031e-01
1.742212897241706693e-01,9.363873024188770211e-01,5.701164361791134089e-02,-3.169768926796165953e-01,-1.191304618386481273e+00,-4.417078771564315609e-01
1.741904272104012052e-01,9.364997121879164999e-01,5.714942644479174133e-02,-3.169379606291177209e-01,-1.191291292196749341e+00,-4.416812859912518374e-01
1.741601226906189515e-01,9.366117958127320176e-01,5.728716874104387152e-02,-3.168965642198299237e-01,-1.191276395613477312e+00,-4.416526310924797638e-01
1.741303164672623194e-01,9.367236716570048749e-01,5.742500801038389474e-02,-3.168529379972437887e-01,-1.191260332445584824e+00,-4.416221063594105156e-01
1.741009474687521263e-01,9.368354065349268067e-01,5.756299973014323418e-02,-3.168073421980748816e-01,-1.191243362679042628e+00,-4.415899298817107521e-01
1.740719583817751936e-01,9.369470400025718959e-01,5.770115967492928100e-02,-3.167600298611523701e-01,-1.191225665106100617e+00,-4.415563146425085517e-01
1.740432976179995539e-01,9.370585968979358027e-01,5.783948519930738608e-02,-3.167112329785058411e-01,-1.191207370411622390e+00,-4.415214561334074306e-01
1.740149197657464009e-01,9.371700938563329863e-01,5.797796582418644068e-02,-3.166611579286477407e-01,-1.191188579014241133e+00,-4.414855282223306143e-01
1.739867853448214541e-01,9.372815427403283772e-01,5.811658841084506311e-02,-3.166099852953959126e-01,-1.191169370999057397e+00,-4.414486829099718013e-01
1.739588602769629178e-01,9.373929524766460020e-01,5.825533960395690158e-02,-3.165578716101975498e-01,-1.191149811891609289e+00,-4.414110517921236432e-01
1.739311152691544737e-01,9.375043300690133474e-01,5.839420691208348918e-02,-3.165049518150190311e-01,-1.191129956211149032e+00,-4.413727481624362681e-01
1.739035252049561109e-01,9.376156811756745091e-01,5.853317911360873121e-02,-3.164513418609000706e-01,-1.191109849797856945e+00,-4.413338692379750738e-01
1.738760685787066051e-01,9.377270104619507274e-01,5.867224634575464448e-02,-3.163971411915966203e-01,-1.191089531448985772e+00,-4.412944982806461525e-01
1.738487269941617064e-01,9.378383218216890249e-01,5.881140004251828729e-02,-3.163424349903917743e-01,-1.191069034127519632e+00,-4.412547065205912888e-01
1.738214847220254655e-01,9.379496185332520941e-01,5.895063281839967723e-02,-3.162872961753369627e-01,-1.191048385909161844e+00,-4.412145548567562581e-01
1.737943283185365839e-01,9.380609033689127907e-01,5.908993832992703865e-02,-3.162317871351955634e-01,-1.191027610737945386e+00,-4.411740953349975181e-01
1.737672462942992380e-01,9.381721786817428521e-01,5.922931114294762572e-02,-3.161759612372671002e-01,-1.191006729052962010e+00,-4.411333724240099063e-01
1.737402288330624767e-01,9.382834464714682188e-01,5.936874660866001130e-02,-3.161198641201766746e-01,-1.190985758308895415e+00,-4.410924241178574290e-01
1.737132675472840837e-01,9.383947084411197181e-01,5.950824075461068341e-02,-3.160635348109174791e-01,-1.190964713417513199e+00,-4.410512828745737912e-01
1.736863552712914760e-01,9.385059660407589766e-01,5.964779018665691823e-02,-3.160070066780265030e-01,-1.190943607117965763e+00,-4.410099764209912121e-01
1.736594858834000221e-01,9.386172205062192075e-01,5.978739200658077929e-02,-3.159503082505139560e-01,-1.190922450295233581e+00,-4.409685284434038954e-01
1.736326541540023360e-01,9.387284728914604415e-01,5.992704374081950919e-02,-3.158934639183944570e-01,-1.190901252251107545e+00,-4.409269591771374230e-01
1.736058556153951549e-01,9.388397240955295153e-01,6.006674327826660997e-02,-3.158364945326851414e-01,-1.190880020934156569e+00,-4.408852859075773623e-01
1.735790864516505161e-01,9.389509748844647730e-01,6.020648881663350632e-02,-3.157794179167440762e-01,-1.190858763135332676e+00,-4.408435234010730785e-01
1.735523434028413969e-01,9.390622259124331572e-01,6.034627881888129930e-02,-3.157222493070800384e-01,-1.190837484658503920e+00,-4.408016842723008200e-01
1.735256236848503053e-01,9.391734777369942222e-01,6.048611197330139300e-02,-3.156650017268212149e-01,-1.190816190462278934e+00,-4.407597792975468942e-01
1.734989249195962313e-01,9.392847308341715218e-01,6.062598716145406463e-02,-3.156076863079139705e-01,-1.190794884784170060e+00,-4.407178176831123007e-01
1.734722450757491818e-01,9.393959856103233363e-01,6.076590342953769319e-02,-3.155503125656637931e-01,-1.190773571244998719e+00,-4.406758072928174119e-01
1.715523721820165770e-01,9.431639688547561740e-01,6.510030318031122254e-02,-3.228182755127538273e-01,-1.203200704150455325e+00,-4.469314250661992061e-01
1.715199096325524530e-01,9.432796571053846391e-01,6.524112386472538661e-02,-3.227856410413771915e-01,-1.203198236266778576e+00,-4.469109331650475969e-01
1.714879672621771323e-01,9.433935920987526202e-01,6.537964453720761238e-02,-3.227512256656769329e-01,-1.203190242955990863e+00,-4.468889791101407494e-01
1.714566312041596041e-01,9.435065666569620868e-01,6.551717837177263581e-02,-3.227143491603062242e-01,-1.203178854893482752e+00,-4.468649712692041587e-01
1.714258957353456958e-01,9.436189940607965232e-01,6.565436818731469615e-02,-3.226748916891921670e-01,-1.203165240454501461e+00,-4.468388014054686108e-01
1.713957157107157403e-01,9.437310932759358506e-01,6.579151990186196675e-02,-3.226329853067188003e-01,-1.203150066859561607e+00,-4.468105784475064901e-01
1.713660321321024693e-01,9.438429832551101795e-01,6.592877137825421674e-02,-3.225888620271311624e-01,-1.203133736152211641e+00,-4.467804974828733511e-01
1.713367842335620506e-01,9.439547310185347762e-01,6.606617772053585691e-02,-3.225427807220738741e-01,-1.203116506568324695e+00,-4.467487768111984003e-01
1.713079148489188852e-01,9.440663762350478549e-01,6.620375420244158093e-02,-3.224949934615764513e-01,-1.203098555480194287e+00,-4.467156290105274707e-01
1.712793724806040974e-01,9.441779438510984335e-01,6.634149774519811082e-02,-3.224457313815866089e-01,-1.203080012494015527e+00,-4.466812488353862354e-01
1.712511117907363489e-01,9.442894506226138240e-01,6.647939754123850797e-02,-3.223952000344537105e-01,-1.203060977216963368e+00,-4.466458092645323452e-01
1.712230933682745149e-01,9.444009085431471773e-01,6.661744021924927150e-02,-3.223435791985445054e-01,-1.203041529117420350e+00,-4.466094613666832802e-01
1.711952832060193719e-01,9.445123266681968444e-01,6.675561226068427167e-02,-3.222910246238463450e-01,-1.203021733233920809e+00,-4.465723358268249843e-01
1.711676520821516501e-01,9.446237121238012513e-01,6.689390106128666191e-02,-3.222376705093559224e-01,-1.203001643690006395e+00,-4.465345450796868731e-01
1.711401749497910296e-01,9.447350706810496712e-01,6.703229532202584218e-02,-3.221836321115776336e-01,-1.202981305995664885e+00,-4.464961855498887355e-01
1.711128303734805456e-01,9.448464071028445099e-01,6.717078512418932223e-02,-3.221290082262683319e-01,-1.202960758661693053e+00,-4.464573397819481815e-01
1.710856000218613227e-01,9.449577253723124848e-01,6.730936186609629002e-02,-3.220738834470247003e-01,-1.202940034406862146e+00,-4.464180783608394654e-01
1.710584682286616642e-01,9.450690288424002938e-01,6.744801813491851927e-02,-3.220183301511289620e-01,-1.202919161087765865e+00,-4.463784616066578947e-01
1.710314216082529648e-01,9.451803203509665519e-01,6.758674756962575192e-02,-3.219624102394353926e-01,-1.202898162456577547e+00,-4.463385410498413863e-01
1.710044487265584001e-01,9.452916023055153438e-01,6.772554472301131612e-02,-3.219061766366125843e-01,-1.202877058779884711e+00,-4.462983607021124843e-01
1.709775398167940330e-01,9.454028767538060762e-01,6.786440493869606849e-02,-3.218496745866555320e-01,-1.202855867360705933e+00,-4.462579581505146109e-01
1.709506865382427465e-01,9.455141454378898080e-01,6.800332423834429263e-02,-3.217929427602538861e-01,-1.202834602973676059e+00,-4.462173654939617928e-01
1.709238817671340227e-01,9.456254098420869836e-01,6.814229922541464868e-02,-3.217360142092037800e-01,-1.202813278237544470e+00,-4.461766101414145202e-01
1.708971194203024735e-01,9.457366712309343004e-01,6.828132700092051643e-02,-3.216789171794017244e-01,-1.202791903930144013e+00,-4.461357154993665919e-01
1.708703943027824745e-01,9.458479306825368083e-01,6.842040509127225723e-02,-3.216216758094002648e-01,-1.202770489257587228e+00,-4.460947015550001393e-01
1.708437019784432576e-01,9.459591891162394406e-01,6.855953138641110445e-02,-3.215643107263828071e-01,-1.202749042083737008e+00,-4.460535853760542180e-01
1.708170386601486623e-01,9.460704473148656701e-01,6.869870408556820462e-02,-3.215068395544943836e-01,-1.202727569124224960e+00,-4.460123815377324275e-01
1.707904011130231825e-01,9.461817059474871838e-01,6.883792165403325447e-02,-3.214492773554603611e-01,-1.202706076116974332e+00,-4.459711024853577066e-01
1.707637865755111672e-01,9.462929655843929089e-01,6.897718278301431805e-02,-3.213916369976071996e-01,-1.202684567962752693e+00,-4.459297588469879892e-01
1.707371926902215287e-01,9.464042267113884632e-01,6.911648635607402225e-02,-3.213339294751741404e-01,-1.202663048846596139e+00,-4.458883596985576125e-01
1.707106174440364832e-01,9.465154897435883452e-01,6.925583142212378418e-02,-3.212761641825029324e-01,-1.202641522343903979e+00,-4.458469127896659279e-01
1.687995761991075427e-01,9.503089423756890808e-01,7.360340832723145932e-02,-3.285334989638118430e-01,-1.215048454874418038e+00,-4.521806181751811815e-01
1.687672746078126840e-01,9.504246639438262978e-01,7.374366198881433798e-02,-3.285002247705095524e-01,-1.215045692889200613e+00,-4.521605464699381405e-01
1.687354758844136771e-01,9.505386106112044819e-01,7.388158016181152477e-02,-3.284652363209085713e-01,-1.215037395260476272e+00,-4.521390121245475457e-01
1.687042751257471773e-01,9.506515884027314511e-01,7.401850203750937052e-02,-3.284278209572403240e-01,-1.215025711139849918e+00,-4.521154279588249225e-01
1.686736705303586437e-01,9.507640155153509465e-01,7.415507973900173355e-02,-3.283878454528122992e-01,-1.215011812999356122e+00,-4.520896899137029634e-01
1.686436186409176752e-01,9.508761126008262732e-01,7.429162188426258195e-02,-3.283454363414987087e-01,-1.214996367352266571e+00,-4.520619095688160893e-01
1.686140611845603210e-01,9.509879991325009829e-01,7.442826663966921330e-02,-3.283008232049550723e-01,-1.214979774356692355e+00,-4.520322832336783891e-01
1.685849377171514119e-01,9.510997422934702739e-01,7.456506869372730995e-02,-3.282542636115882151e-01,-1.214962290417293422e+00,-4.520010294152542740e-01
1.685561912361114301e-01,9.512113818386714881e-01,7.470204279528618041e-02,-3.282060086895084994e-01,-1.214944091435613771e+00,-4.519683602768491681e-01
1.685277703491179502e-01,9.513229428062623949e-01,7.483918541817788372e-02,-3.281562887286373909e-01,-1.214925305904099639e+00,-4.519344698143665795e-01
1.684996298049171448e-01,9.514344420642973921e-01,7.497648542240008263e-02,-3.281053084568928413e-01,-1.214906032597810714e+00,-4.518995300968033924e-01
1.684717302758253210e-01,9.515458917285838369e-01,7.511392920098243497e-02,-3.280532468395293000e-01,-1.214886350349279498e+00,-4.518636912430837871e-01
1.684440378362129509e-01,9.516573009798805494e-01,7.525150307385476689e-02,-3.280002588403116981e-01,-1.214866323698768902e+00,-4.518270830094287538e-01
1.684165233462949773e-01,9.517686770617995728e-01,7.538919432463782322e-02,-3.279464779074379166e-01,-1.214846006362365394e+00,-4.517898169574078859e-01
1.683891618391896161e-01,9.518800258545243587e-01,7.552699157935513496e-02,-3.278920185944066423e-01,-1.214825443511525771e+00,-4.517519887117016908e-01
1.683619319549088111e-01,9.519913522188298005e-01,7.566488486729834595e-02,-3.278369790485492485e-01,-1.214804673366462140e+00,-4.517136800853628342e-01
1.683348154364159299e-01,9.521026602208411127e-01,7.580286554943030386e-02,-3.277814432639085673e-01,-1.214783728390127271e+00,-4.516749610098084178e-01
1.683077966858360641e-01,9.522139532867304190e-01,7.594092618791266347e-02,-3.277254830744593117e-01,-1.214762636215523051e+00,-4.516358912187893870e-01
1.682808623811913318e-01,9.523252343176994428e-01,7.607906040550044269e-02,-3.276691598893242685e-01,-1.214741420397944749e+00,-4.515965217219408689e-01
1.682540011474405184e-01,9.524365057749164531e-01,7.621726274400511536e-02,-3.276125261894636820e-01,-1.214720101028594845e+00,-4.515568960683303823e-01
1.682272032721990607e-01,9.525477697511636199e-01,7.635552853941410256e-02,-3.275556268198642762e-01,-1.214698695253511262e+00,-4.515170514340495211e-01
1.682004604641260948e-01,9.526590280272836386e-01,7.649385380954348834e-02,-3.274985000946075142e-01,-1.214677217708735935e+00,-4.514770195547170850e-01
1.681737656447999940e-01,9.527702821202085337e-01,7.663223515631564786e-02,-3.274411787463710199e-01,-1.214655680889918710e+00,-4.514368275200179581e-01
1.681471127718228709e-01,9.528815333217661721e-01,7.677066967999864044e-02,-3.273836907370653582e-01,-1.214634095464651065e+00,-4.513964984523634594e-01
1.681204966873327822e-01,9.529927827329673917e-01,7.690915490758316875e-02,-3.273260599521233272e-01,-1.214612470541365896e+00,-4.513560520891313210e-01
1.680939129890942074e-01,9.531040312920774360e-01,7.704768873036665910e-02,-3.272683067932621315e-01,-1.214590813897153510e+00,-4.513155052797354072e-01
1.680673579185644750e-01,9.532152797998134641e-01,7.718626935071130901e-02,-3.272104486882414509e-01,-1.214569132172890198e+00,-4.512748724042567328e-01
1.680408282689010713e-01,9.533265289376527951e-01,7.732489523550339916e-02,-3.271525005203023140e-01,-1.214547431037492409e+00,-4.512341657395630423e-01
1.680143213019415493e-01,9.534377792883038660e-01,7.746356507936159874e-02,-3.270944750033343840e-01,-1.214525715333197864e+00,-4.511933957640997250e-01
1.679878346814567269e-01,9.535490313476531199e-01,7.760227776893480200e-02,-3.270363829944950562e-01,-1.214503989192879052e+00,-4.511525714221798489e-01
1.679613664136997420e-01,9.536602855387033006e-01,7.774103235579912785e-02,-3.269782337662748284e-01,-1.214482256145297923e+00,-4.511117003488641641e-01
1.660598628356891593e-01,9.574786364392298132e-01,8.210180588051171902e-02,-3.342262983844498936e-01,-1.226868204978120769e+00,-4.575248264233778839e-01
1.660277266844732702e-01,9.575943721553480392e-01,8.224147301319484349e-02,-3.341923931439196305e-01,-1.226865151798943732e+00,-4.575051859493813322e-01
1.659960753917516241e-01,9.577083116356596149e-01,8.237876850573226661e-02,-3.341568402193402787e-01,-1.226856553105222458e+00,-4.574840818036366441e-01
1.659650133657639415e-01,9.578212741850880008e-01,8.251505827893124145e-02,-3.341188942112561233e-01,-1.226844576834143830e+00,-4.574609316417554972e-01
1.659345428504297171e-01,9.579336828348590238e-01,8.265100388105908746e-02,-3.340784085929395242e-01,-1.226830399462222720e+00,-4.574356358008500045e-01
1.659046221246275044e-01,9.580457598260936347e-01,8.278691658841294543e-02,-3.340355045156866987e-01,-1.226814686639286611e+00,-4.574083086132575970e-01
1.658751936624663914e-01,9.581576250857024579e-01,8.292293481513764164e-02,-3.339904092357314225e-01,-1.226797836520861384e+00,-4.573791476482865215e-01
1.658461973575262594e-01,9.582693459146882642e-01,8.305911278992889057e-02,-3.339433790791734857e-01,-1.226780103598090532e+00,-4.573483716184869041e-01
1.658175763842757444e-01,9.583809621269562262e-01,8.319546470965454021e-02,-3.338946642631223094e-01,-1.226761662248571305e+00,-4.573161922511149169e-01
1.657892794698360428e-01,9.584924988371326116e-01,8.333198658955720539e-02,-3.338444942413809624e-01,-1.226742639820001202e+00,-4.572828027655739813e-01
1.657612614632240911e-01,9.586039730150270888e-01,8.346866695175547690e-02,-3.337930729169550914e-01,-1.226723134232695855e+00,-4.572483743002179191e-01
1.657334831324720481e-01,9.587153968921355851e-01,8.360549195265358502e-02,-3.337405784371610951e-01,-1.226703223667365172e+00,-4.572130560042375613e-01
1.657059106456529873e-01,9.588267797684532079e-01,8.374244775068782898e-02,-3.336871649717266242e-01,-1.226682972152171702e+00,-4.571769766893388209e-01
1.656785149546401159e-01,9.589381290024331372e-01,8.387952152047152554e-02,-3.336329652124342959e-01,-1.226662432987464690e+00,-4.571402470302382559e-01
1.656512711809035587e-01,9.590494505793604185e-01,8.401670181331889753e-02,-3.335780930043437675e-01,-1.226641650995413002e+00,-4.571029618350790913e-01
1.656241580500867061e-01,9.591607494533613831e-01,8.415397860846673961e-02,-3.335226458370327274e-01,-1.226620664097653801e+00,-4.570652021818146782e-01
1.655971573840421540e-01,9.592720297735437551e-01,8.429134323302796272e-02,-3.334667071046449327e-01,-1.226599504497758453e+00,-4.570270373364569427e-01
1.655702536599490959e-01,9.593832950365946965e-01,8.442878822599170219e-02,-3.334103480927427809e-01,-1.226578199599729802e+00,-4.569885264414061954e-01
1.655434336249423655e-01,9.594945482036868478e-01,8.456630719366030335e-02,-3.333536297147418614e-01,-1.226556772755023950e+00,-4.569497199775314766e-01
1.655166859674975233e-01,9.596057917876279486e-01,8.470389466795399946e-02,-3.332966040051217327e-01,-1.226535243875120251e+00,-4.569106610260413870e-01
1.654900010333384131e-01,9.597170279251205915e-01,8.484154597916297724e-02,-3.332393154081273456e-01,-1.226513629946705430e+00,-4.568713863491576377e-01
1.654633705839476110e-01,9.598282584337294310e-01,8.497925714148850396e-02,-3.331818018792030989e-01,-1.226491945463271227e+00,-4.568319273151282833e-01
1.654367875888366757e-01,9.599394848617452958e-01,8.511702475602053730e-02,-3.331240958308683275e-01,-1.226470202794710307e+00,-4.567923106903202801e-01
1.654102460486034376e-01,9.600507085275805652e-01,8.525484592355131452e-02,-3.330662249403226194e-01,-1.226448412496972784e+00,-4.567525593108855420e-01
1.653837408449972401e-01,9.601619305537487659e-01,8.539271817220421557e-02,-3.330082128383659024e-01,-1.226426583578753560e+00,-4.567126926638140905e-01
1.653572676103817474e-01,9.602731518973899316e-01,8.553063939539880256e-02,-3.329500797023916547e-01,-1.226404723729397572e+00,-4.566727273756245320e-01
1.653308226181716689e-01,9.603843733746992850e-01,8.566860779853062435e-02,-3.328918427598918650e-01,-1.226382839512509593e+00,-4.566326776338188731e-01
1.653044026887484919e-01,9.604955956810691253e-01,8.580662185176830825e-02,-3.328335167192287281e-01,-1.226360936529106604e+00,-4.565925555422439830e-01
1.652780051100127545e-01,9.606068194088362988e-01,8.594468025169607617e-02,-3.327751141363368692e-01,-1.226339019559169907e+00,-4.565523714296910174e-01
1.652516275677881341e-01,9.607180450636526592e-01,8.608278188867739267e-02,-3.327166457314219006e-01,-1.226317092683083976e+00,-4.565121341089934948e-01
1.652252680880041402e-01,9.608292730765874978e-01,8.622092581774302988e-02,-3.326581206560578208e-01,-1.226295159383175459e+00,-4.564718510996765288e-01
1.632390736721583135e-01,9.646932381887183272e-01,9.054841102195682057e-02,-3.403346574244932587e-01,-1.238825546160765789e+00,-4.633248517272139377e-01
1.632210690958829924e-01,9.648058399226416837e-01,9.069437859078324782e-02,-3.402361470433157287e-01,-1.238797862000923011e+00,-4.632528526231584065e-01
1.632014736731625670e-01,9.649170763195490386e-01,9.083689608504873225e-02,-3.401454430256778405e-01,-1.238768163445504999e+00,-4.631871648002461317e-01
1.631807066262415673e-01,9.650277188449324361e-01,9.097752223781084557e-02,-3.400603836104524880e-01,-1.238738134248054790e+00,-4.631260615009724080e-01
1.631590330932389532e-01,9.651381402509584539e-01,9.111706311989922757e-02,-3.399796331307225472e-01,-1.238708517251967178e+00,-4.630684698283235590e-01
1.631366331119659674e-01,9.652485159616825960e-01,9.125594475910385472e-02,-3.399023059877425701e-01,-1.238679599702381839e+00,-4.630136744559988360e-01
1.631136372462270168e-01,9.653589244197916530e-01,9.139439990834904992e-02,-3.398277733430718484e-01,-1.238651453578100359e+00,-4.629611650131674749e-01
1.630901453931727640e-01,9.654693969800851594e-01,9.153256184999487843e-02,-3.397555618956607515e-01,-1.238624053837693806e+00,-4.629105559610765530e-01
1.630662370469197486e-01,9.655799426318801837e-01,9.167051168221752866e-02,-3.396852993364027906e-01,-1.238597335940356148e+00,-4.628615432728244716e-01
1.630419771684226415e-01,9.656905601788908777e-01,9.180830230657013868e-02,-3.396166837002537187e-01,-1.238571223262780352e+00,-4.628138799869194187e-01
1.630174197537336001e-01,9.658012441755182698e-01,9.194597071911111974e-02,-3.395494651475764458e-01,-1.238545639666214671e+00,-4.627673615957182962e-01
1.629926101586317289e-01,9.659119877702344592e-01,9.208354441903716936e-02,-3.394834343814592259e-01,-1.238520514818901574e+00,-4.627218167052791209e-01
1.629675867246153653e-01,9.660227840173252201e-01,9.222104483404232333e-02,-3.394184147372520388e-01,-1.238495786032539181e+00,-4.626771006207747172e-01
1.629423819858377975e-01,9.661336264452747846e-01,9.235848922954607854e-02,-3.393542564212627122e-01,-1.238471398487553277e+00,-4.626330906557492573e-01
1.629170236104715563e-01,9.662445092618735520e-01,9.249589182571202328e-02,-3.392908320839208014e-01,-1.238447304747308575e+00,-4.625896825136205925e-01
1.628915351599162231e-01,9.663554273912154935e-01,9.263326449770226123e-02,-3.392280332862412373e-01,-1.238423464008588937e+00,-4.625467873979517974e-01
1.628659367127159585e-01,9.664663764390454270e-01,9.277061724902477269e-02,-3.391657676095548024e-01,-1.238399841298132520e+00,-4.625043296425424555e-01
1.628402453873339095e-01,9.665773526246951297e-01,9.290795854725088232e-02,-3.391039562461845569e-01,-1.238376406696571230e+00,-4.624622447332055741e-01
1.628144757829868838e-01,9.666883527082360539e-01,9.304529558302605807e-02,-3.390425319735491660e-01,-1.238353134639808451e+00,-4.624204776516611659e-01
1.627886403514207103e-01,9.667993739191610425e-01,9.318263447248149867e-02,-3.389814374427900234e-01,-1.238330003298830029e+00,-4.623789814661053987e-01
1.627627497130308964e-01,9.669104138938844351e-01,9.331998042647254854e-02,-3.389206237254359100e-01,-1.238306994045846432e+00,-4.623377161419277570e-01
1.627368129289110399e-01,9.670214706132093108e-01,9.345733788302740264e-02,-3.388600490703816970e-01,-1.238284090982439523e+00,-4.622966475244437157e-01
1.627108377271569428e-01,9.671325423572696423e-01,9.359471062718535683e-02,-3.387996778560070088e-01,-1.238261280547334753e+00,-4.622557464735835286e-01
1.626848307013805950e-01,9.672436276589596593e-01,9.373210188624843398e-02,-3.387394796856406098e-01,-1.238238551171113366e+00,-4.622149881305796515e-01
1.626587974758774979e-01,9.673547252682640485e-01,9.386951441285458497e-02,-3.386794286238331564e-01,-1.238215892985239597e+00,-4.621743512850464697e-01
1.626327428494306060e-01,9.674658341191461064e-01,9.400695055471502970e-02,-3.386195025394382885e-01,-1.238193297571476004e+00,-4.621338178424836962e-01
1.626066709148321632e-01,9.675769533043574455e-01,9.414441231545551958e-02,-3.385596825510385210e-01,-1.238170757750774120e+00,-4.620933723638479540e-01
1.625805851645721056e-01,9.676880820498989788e-01,9.428190140410802611e-02,-3.384999525464534309e-01,-1.238148267399046487e+00,-4.620530016783950811e-01
1.625544885775881410e-01,9.677992196974396499e-01,9.441941928022941355e-02,-3.384402987793341255e-01,-1.238125821294717932e+00,-4.620126945493495119e-01
1.625283836951039174e-01,9.679103656860232885e-01,9.455696718915367061e-02,-3.383807095214166893e-01,-1.238103414983986905e+00,-4.619724413887693615e-01
1.625022726864672751e-01,9.680215195362484870e-01,9.469454619292622111e-02,-3.383211747635042066e-01,-1.238081044666747621e+00,-4.619322340178118602e-01
1.605284053833713198e-01,9.719093898155065636e-01,9.903551138420631228e-02,-3.459834736981751702e-01,-1.250585670722555776e+00,-4.688602378487102262e-01
1.605105124674684469e-01,9.720218996144567303e-01,9.918087398036300184e-02,-3.458847877118363945e-01,-1.250557883092519695e+00,-4.687891706951590742e-01
1.604910133047223186e-01,9.721330340054049612e-01,9.932274266105073357e-02,-3.457939340719267118e-01,-1.250528053542244278e+00,-4.687243607722517691e-01
1.604703373278272283e-01,9.722435763142548426e-01,9.946270590657066424e-02,-3.457087198327405408e-01,-1.250497886875853393e+00,-4.686640919368592062e-01
1.604487539831757625e-01,9.723539025481503506e-01,9.960158055392102916e-02,-3.456277987769536542e-01,-1.250468131169776287e+00,-4.686073007472313368e-01
1.604264450392111907e-01,9.724641883192787217e-01,9.973979604071003813e-02,-3.455502829196174241e-01,-1.250439073824379355e+00,-4.685532790887732557e-01
1.604035416869070141e-01,9.725745113513243334e-01,9.987758589265703646e-02,-3.454755440158028823e-01,-1.250410785820068371e+00,-4.685015218149209959e-01
1.603801439869275702e-01,9.726849021576453591e-01,1.000150833578688087e-01,-3.454031102799285380e-01,-1.250383241222864372e+00,-4.684516471603525356e-01
1.603563314094483272e-01,9.727953689997339559e-01,1.001523693393747694e-01,-3.453326110684443728e-01,-1.250356374975664542e+00,-4.684033538845641664e-01
1.603321688199106920e-01,9.729059101086363626e-01,1.002894965775342484e-01,-3.452637459777048723e-01,-1.250330110277344087e+00,-4.683563971609032706e-01
1.603077100939805100e-01,9.730165196032989350e-01,1.004265019770483880e-01,-3.451962665662709484e-01,-1.250304371047037399e+00,-4.683105741846914638e-01
1.602830004632578575e-01,9.731271902985215716e-01,1.005634129980496339e-01,-3.451299647712272600e-01,-1.250279087145497181e+00,-4.682657149673014607e-01
1.602580781471236171e-01,9.732379149934575757e-01,1.007002510658165650e-01,-3.450646650209423516e-01,-1.250254196150843322e+00,-4.682216760091497121e-01
1.602329755631754227e-01,9.733486870169981708e-01,1.008370334604724583e-01,-3.450002184929932270e-01,-1.250229643536724389e+00,-4.681783356578730348e-01
1.602077202700865344e-01,9.734595004182106104e-01,1.009737744236551688e-01,-3.449364987036058205e-01,-1.250205382161475587e+00,-4.681355905244565796e-01
1.601823357266402015e-01,9.735703499936805283e-01,1.011104858528363570e-01,-3.448733979882765421e-01,-1.250181371505027839e+00,-4.680933526131356159e-01
1.601568419161757961e-01,9.736812312454018459e-01,1.012471777715814314e-01,-3.448108246213889561e-01,-1.250157576858302422e+00,-4.680515469679583096e-01
1.601312558701529776e-01,9.737921403064596637e-01,1.013838586631525540e-01,-3.447487004136919886e-01,-1.250133968542832763e+00,-4.680101097064459093e-01
1.601055921061297072e-01,9.739030738677328936e-01,1.015205357315568935e-01,-3.446869586990340406e-01,-1.250110521215196169e+00,-4.679689863700041141e-01
1.600798630021746383e-01,9.740140291005082718e-01,1.016572151022755305e-01,-3.446255426235064201e-01,-1.250087213244190920e+00,-4.679281305248822465e-01
1.600540791118662265e-01,9.741250035915435257e-01,1.017939019907214276e-01,-3.445644036996028947e-01,-1.250064026176826326e+00,-4.678875025766575102e-01
1.600282494342872008e-01,9.742359952829489078e-01,1.019306008399416957e-01,-3.445035005717557719e-01,-1.250040944274597887e+00,-4.678470687617994339e-01
1.600023816430155565e-01,9.743470024207222524e-01,1.020673154363950091e-01,-3.444427979670834361e-01,-1.250017954116142471e+00,-4.678068002877925902e-01
1.599764822814221665e-01,9.744580235099414844e-01,1.022040490071728924e-01,-3.443822658004950799e-01,-1.249995044256376531e+00,-4.677666725995210384e-01
1.599505569292120344e-01,9.745690572774144966e-01,1.023408043042615401e-01,-3.443218784120845588e-01,-1.249972204937573217e+00,-4.677266647580213821e-01
1.599246103443694167e-01,9.746801026384872557e-01,1.024775836740700746e-01,-3.442616139161094879e-01,-1.249949427839989413e+00,-4.676867589057821517e-01
1.598986465844038918e-01,9.747911586690417574e-01,1.026143891174196715e-01,-3.442014536458839480e-01,-1.249926705870100685e+00,-4.676469398142324430e-01
1.598726691090902319e-01,9.749022245826204358e-01,1.027512223414977638e-01,-3.441413816813231330e-01,-1.249904032981244306e+00,-4.676071944966321836e-01
1.598466808694358476e-01,9.750132997082929798e-01,1.028880848014453869e-01,-3.440813844431476753e-01,-1.249881404016780717e+00,-4.675675118775051153e-01
1.598206843812066125e-01,9.751243834765949137e-01,1.030249777408370482e-01,-3.440214503516855205e-01,-1.249858814583539646e+00,-4.675278825129827176e-01
1.597946817899228711e-01,9.752354754019917360e-01,1.031619022199153635e-01,-3.439615695308712584e-01,-1.249836260935171195e+00,-4.674882983476922327e-01
1.578329086732011000e-01,9.791468570695853746e-01,1.075159562846119965e-01,-3.516150893188723647e-01,-1.262315738723526870e+00,-4.744957888479340857e-01
1.578151272128993088e-01,9.792592565790714243e-01,1.076606912338927136e-01,-3.515162302773006675e-01,-1.262287851040190922e+00,-4.744256617610807525e-01
1.577957238432307341e-01,9.793702708356410991e-01,1.078018878198344077e-01,-3.514252304095044077e-01,-1.262257894248598245e+00,-4.743617375275233083e-01
1.577751384938614609e-01,9.794806950708715432e-01,1.079411649653372191e-01,-3.513398651965522479e-01,-1.262227594449330415e+00,-4.743023110675539389e-01
1.577536449819586517e-01,9.795909084488104712e-01,1.080793503616122031e-01,-3.512587778875816413e-01,-1.262197704823308175e+00,-4.742463286059458438e-01
1.577314268037356970e-01,9.797010866719108035e-01,1.082168767943709753e-01,-3.511810781675183679e-01,-1.262168512760887040e+00,-4.741930893015292581e-01
1.577086157590390780e-01,9.798113066838092244e-01,1.083539784977943371e-01,-3.511061384054374734e-01,-1.262140088131697313e+00,-4.741420932264265864e-01
1.576853120559101595e-01,9.799215981218580840e-01,1.084907886413893352e-01,-3.510334883102743664e-01,-1.262112404039904101e+00,-4.740929623505001911e-01
1.576615951281479799e-01,9.800319685052242269e-01,1.086273879113179019e-01,-3.509627588610321758e-01,-1.262085394876339084e+00,-4.740453981755892721e-01
1.576375297371364892e-01,9.801424154876253736e-01,1.087638288777665191e-01,-3.508936511626754018e-01,-1.262058983643166155e+00,-4.739991579669385335e-01
1.576131696331273258e-01,9.802529327510991486e-01,1.089001483501050443e-01,-3.508259181160182649e-01,-1.262033094304469305e+00,-4.739540405835673265e-01
1.575885599186256647e-01,9.803635127816414663e-01,1.090363737534218724e-01,-3.507593528428802343e-01,-1.262007656911380948e+00,-4.739098774121781599e-01
1.575637386878487034e-01,9.804741481255840885e-01,1.091725265114237148e-01,-3.506937808189899974e-01,-1.261982609302401137e+00,-4.738665261195192380e-01
1.575387382399895120e-01,9.805848319149913506e-01,1.093086239211580601e-01,-3.506290541523693904e-01,-1.261957897240638449e+00,-4.738238660660251123e-01
1.575135860222288131e-01,9.806955580433220909e-01,1.094446802479361741e-01,-3.505650471906698318e-01,-1.261933473876503120e+00,-4.737817947512416028e-01
1.574883053889495621e-01,9.808063211827628969e-01,1.095807074137528786e-01,-3.505016530148536424e-01,-1.261909298970981697e+00,-4.737402249648059449e-01
1.574629162272722926e-01,9.809171167332859653e-01,1.097167154629740127e-01,-3.504387805664365141e-01,-1.261885338075701579e+00,-4.736990824477121387e-01
1.574374354793141029e-01,9.810279407455902989e-01,1.098527128971690248e-01,-3.503763522555281007e-01,-1.261861561753117922e+00,-4.736583039377840754e-01
1.574118775808096005e-01,9.811387898417679443e-01,1.099887069331952349e-01,-3.503143019522392265e-01,-1.261837944876478934e+00,-4.736178355258472417e-01
1.573862548348695101e-01,9.812496611371993582e-01,1.101247037071942242e-01,-3.502525732831014982e-01,-1.261814466011512703e+00,-4.735776312690321288e-01
1.573605777272373552e-01,9.813605521714943158e-01,1.102607084410558852e-01,-3.501911181886083746e-01,-1.261791106880291835e+00,-4.735376520071629680e-01
1.573348551951395113e-01,9.814714608474958135e-01,1.103967255812075277e-01,-3.501298956955122832e-01,-1.261767851899950443e+00,-4.734978643601011061e-01
1.573090948563190816e-01,9.815823853788070430e-01,1.105327589160141483e-01,-3.500688708713940445e-01,-1.261744687788217911e+00,-4.734582398763002020e-01
1.572833032037941614e-01,9.816933242440314400e-01,1.106688116735910776e-01,-3.500080139339408203e-01,-1.261721603224401189e+00,-4.734187543029527712e-01
1.572574857720621111e-01,9.818042761474791158e-01,1.108048866049255454e-01,-3.499472994917219304e-01,-1.261698588559977185e+00,-4.733793869664612020e-01
1.572316472782001873e-01,9.819152399861802438e-01,1.109409860547738991e-01,-3.498867058976070088e-01,-1.261675635572110155e+00,-4.733401202426969490e-01
1.572057917435774610e-01,9.820262148209389919e-01,1.110771120224561537e-01,-3.498262146955711804e-01,-1.261652737253746714e+00,-4.733009391110577502e-01
1.571799225961419966e-01,9.821371998518082513e-01,1.112132662120917936e-01,-3.497658101507825634e-01,-1.261629887632934821e+00,-4.732618307671643265e-01
1.571540427567926501e-01,9.822481943988706776e-01,1.113494500771780860e-01,-3.497054788508908718e-01,-1.261607081621404669e+00,-4.732227842937539730e-01
1.571281547169617043e-01,9.823591978821457626e-01,1.114856648571440345e-01,-3.496452093587142929e-01,-1.261584314882568947e+00,-4.731837903882016305e-01
1.571022605990756993e-01,9.824702098094033609e-01,1.116219116099015224e-01,-3.495849919266496575e-01,-1.261561583722393465e+00,-4.731448411181167768e-01
1.551531836278436105e-01,9.864044696710814186e-01,1.159889969020201778e-01,-3.572312946330286620e-01,-1.274014966102559265e+00,-4.802331860574970968e-01
1.551355107635245534e-01,9.865167407145261080e-01,1.161330793060257049e-01,-3.571322752621526875e-01,-1.273986985123910953e+00,-4.801640147982600415e-01
1.551162003943739043e-01,9.866276168475471842e-01,1.162735785045414111e-01,-3.570411412487886071e-01,-1.273956907720785958e+00,-4.801009904842443721e-01
1.550957031778733286e-01,9.867379052447242671e-01,1.164121445120463588e-01,-3.569556363633332174e-01,-1.273926481576764580e+00,-4.800424197680779326e-01
1.550742973178813044e-01,9.868479881250076247e-01,1.165496159190497621e-01,-3.568743935392978961e-01,-1.273896464889914482e+00,-4.799872589053191807e-01
1.550521679977666656e-01,9.869580411880535253e-01,1.166864287726198934e-01,-3.567965203510987116e-01,-1.273867144927174122e+00,-4.799348145202168014e-01
1.550294475772513170e-01,9.870681405408512354e-01,1.168228179303737457e-01,-3.567213899360349716e-01,-1.273838590379198221e+00,-4.798845919983099617e-01
1.550062363703811064e-01,9.871783149173889438e-01,1.169589164272152176e-01,-3.566485335882776941e-01,-1.273810773363349025e+00,-4.798362170949852512e-01
1.549826137426290329e-01,9.872885710840846318e-01,1.170948046996248548e-01,-3.565775839577765560e-01,-1.273783627717827160e+00,-4.797893940854077166e-01
1.549586443255683843e-01,9.873989061168885195e-01,1.172305351295955395e-01,-3.565082436838142299e-01,-1.273757076259388832e+00,-4.797438823448057499e-01
1.549343817241226606e-01,9.875093132658033790e-01,1.173661444236785423e-01,-3.564402670218678182e-01,-1.273731043015117192e+00,-4.796994824154569015e-01
1.549098708952421355e-01,9.876197846925003354e-01,1.175016599650368226e-01,-3.563734482848902596e-01,-1.273705458240195210e+00,-4.796560270699121720e-01
1.548851497949203793e-01,9.877303126970794489e-01,1.176371031745321455e-01,-3.563076139989101998e-01,-1.273680260050141788e+00,-4.796133751580291538e-01
1.548602505923541428e-01,9.878408902203750230e-01,1.177724913638794613e-01,-3.562426172049114603e-01,-1.273655394509931371e+00,-4.795714070634032877e-01
1.548352006133764946e-01,9.879515110056579230e-01,1.179078388208013445e-01,-3.561783330841066242e-01,-1.273630815073271805e+00,-4.795300211844183425e-01
1.548100231005127836e-01,9.880621696046681945e-01,1.180431574904330233e-01,-3.561146554628698002e-01,-1.273606481790995337e+00,-4.794891311069978124e-01
1.547847378378176542e-01,9.881728613190851052e-01,1.181784574365525170e-01,-3.560514939505914911e-01,-1.273582360482748532e+00,-4.794486632767467893e-01
1.547593616715050580e-01,9.882835821211990446e-01,1.183137471780934674e-01,-3.559887715588958002e-01,-1.273558421958643994e+00,-4.794085550576800414e-01
1.547339089511206023e-01,9.883943285667227130e-01,1.184490339436507778e-01,-3.559264226936496578e-01,-1.273534641313554872e+00,-4.793687530978132938e-01
1.547083919005664554e-01,9.885050977170629638e-01,1.185843238781119913e-01,-3.558643914619525339e-01,-1.273510997313291204e+00,-4.793292119480213054e-01
1.546828209336956472e-01,9.886158870674325305e-01,1.187196222094011877e-01,-3.558026302336307345e-01,-1.273487471859308551e+00,-4.792898928868082886e-01
1.546572049231967894e-01,9.887266944833087434e-01,1.188549333870368707e-01,-3.557410984175174429e-01,-1.273464049527954778e+00,-4.792507629235102096e-01
1.546315514279117953e-01,9.888375181479468479e-01,1.189902612007021909e-01,-3.556797614224055382e-01,-1.273440717178886850e+00,-4.792117939489611289e-01
1.546058668878967646e-01,9.889483565151567790e-01,1.191256088788737177e-01,-3.556185897694585374e-01,-1.273417463617946499e+00,-4.791729620141806367e-01
1.545801567906525398e-01,9.890592082679052766e-01,1.192609791709745709e-01,-3.555575583355055636e-01,-1.273394279307545007e+00,-4.791342467132961302e-01
1.545544258115984226e-01,9.891700722850830241e-01,1.193963744192004517e-01,-3.554966457105139255e-01,-1.273371156122458547e+00,-4.790956306590312686e-01
1.545286779340366845e-01,9.892809476135688840e-01,1.195317966206306676e-01,-3.554358336499028881e-01,-1.273348087143037377e+00,-4.790570990383156702e-01
1.545029165522134595e-01,9.893918334417084459e-01,1.196672474766765637e-01,-3.553751066052380225e-01,-1.273325066474200629e+00,-4.790186392292099526e-01
1.544771445578483615e-01,9.895027290789722985e-01,1.198027284373166246e-01,-3.553144513272102900e-01,-1.273302089094352496e+00,-4.789802404758843890e-01
1.544513644148622911e-01,9.896136339387160419e-01,1.199382407400686607e-01,-3.552538565256923020e-01,-1.273279150728083842e+00,-4.789418936163412077e-01
1.544255782230379015e-01,9.897245475211711163e-01,1.200737854393895687e-01,-3.551933125790012746e-01,-1.273256247732775570e+00,-4.789035908428780908e-01
1.524897642524316588e-01,9.936810416387675815e-01,1.244538189939377038e-01,-3.628340131848279415e-01,-1.285682553159569030e+00,-4.860741754948890714e-01
1.524721965461010575e-01,9.937931657482693693e-01,1.245972226972963115e-01,-3.627348468235316314e-01,-1.285654485321125140e+00,-4.860059756236867479e-01
1.524529758321590267e-01,9.939038855026193220e-01,1.247369980184558774e-01,-3.626435912742789203e-01,-1.285624293679276331e+00,-4.859438652040418694e-01
1.524325637145933221e-01,9.940140200403013715e-01,1.248748266886980929e-01,-3.625579585064894195e-01,-1.285593747751481830e+00,-4.858861633380621159e-01
1.524112427910995771e-01,9.941239545238835795e-01,1.250115582230419409e-01,-3.624765713835378933e-01,-1.285563610646188737e+00,-4.858318366953430223e-01
1.523891998845260387e-01,9.942338645540005349e-01,1.251476318304327595e-01,-3.623985356052930040e-01,-1.285534169383897529e+00,-4.857801995552927798e-01
1.523665678646039245e-01,9.943438253427639983e-01,1.252832829021094108e-01,-3.623232252327662217e-01,-1.285505491405832590e+00,-4.857307627120260318e-01
1.523434471094131382e-01,9.944538646936379456e-01,1.254186442805385049e-01,-3.622501732366899541e-01,-1.285477547817524657e+00,-4.856831557554587286e-01
1.523199168829106054e-01,9.945639886109826078e-01,1.255537961186064810e-01,-3.621790139871624015e-01,-1.285450271903983532e+00,-4.856370857569499710e-01
1.522960416620026125e-01,9.946741935949517943e-01,1.256887905958255502e-01,-3.621094516823968879e-01,-1.285423586312862687e+00,-4.855923142271147963e-01
1.522718748859545612e-01,9.947844724672639805e-01,1.258236643051972858e-01,-3.620412419449632324e-01,-1.285397415148441524e+00,-4.855486434012228347e-01
1.522474613514493980e-01,9.948948170712385020e-01,1.259584445846813339e-01,-3.619741802827620147e-01,-1.285371688887694930e+00,-4.855059074571190791e-01
1.522228388627280549e-01,9.950052194667700078e-01,1.260931528488717368e-01,-3.619080942753941099e-01,-1.285346345937050438e+00,-4.854639664371789287e-01
1.521980394477787935e-01,9.951156724099757822e-01,1.262278064232382757e-01,-3.618428378992172290e-01,-1.285321332677229700e+00,-4.854227017609245021e-01
1.521730903022623926e-01,9.952261694990619523e-01,1.263624196168555147e-01,-3.617782871692638014e-01,-1.285296602876276228e+00,-4.853820127371016313e-01
1.521480145491653779e-01,9.953367051688738476e-01,1.264970043953275447e-01,-3.617143366575906183e-01,-1.285272116881885474e+00,-4.853418137548298206e-01
1.521228318616872077e-01,9.954472746286849860e-01,1.266315708424681774e-01,-3.616508966447423701e-01,-1.285247840791762464e+00,-4.853020319734165922e-01
1.520975589863176602e-01,9.955578737732108108e-01,1.267661274914323732e-01,-3.615878907403907716e-01,-1.285223745666599138e+00,-4.852626053903129622e-01
1.520722101806583348e-01,9.956684990962019199e-01,1.269006815827925794e-01,-3.615252538886049027e-01,-1.285199806829899982e+00,-4.852234812168457756e-01
1.520467975851980680e-01,9.957791476079009829e-01,1.270352392695162091e-01,-3.614629306776387940e-01,-1.285176003252154198e+00,-4.851846145030753177e-01
1.520213315385813557e-01,9.958898167604997020e-01,1.271698057835569384e-01,-3.614008739063575004e-01,-1.285152317016202250e+00,-4.851459669688080734e-01
1.519958208451708259e-01,9.960005043853680240e-01,1.273043855779114331e-01,-3.613390433673195345e-01,-1.285128732862242051e+00,-4.851075060161129660e-01
1.519702730028608118e-01,9.961112086365885299e-01,1.274389824426487017e-01,-3.612774048096653590e-01,-1.285105237793822353e+00,-4.850692038820227925e-01
1.519446943977554032e-01,9.962219279426189900e-01,1.275735996041349463e-01,-3.612159290556266056e-01,-1.285081820742664194e+00,-4.850310369234209218e-01
1.519190904675111475e-01,9.963326609677916057e-01,1.277082398107935446e-01,-3.611545912522043378e-01,-1.285058472285442344e+00,-4.849929850037675294e-01
1.518934658435529272e-01,9.964434065753813297e-01,1.278429054031443024e-01,-3.610933702278990021e-01,-1.285035184397928409e+00,-4.849550309743741461e-01
1.518678244707985514e-01,9.965541637975481315e-01,1.279775983739739054e-01,-3.610322479472575785e-01,-1.285011950246642831e+00,-4.849171602304360729e-01
1.518421697084616495e-01,9.966649318124792822e-01,1.281123204225128598e-01,-3.609712090486486558e-01,-1.284988764015518425e+00,-4.848793603349386139e-01
1.518165044176300327e-01,9.967757099203850002e-01,1.282470729953353594e-01,-3.609102404465192593e-01,-1.284965620751109316e+00,-4.848416206935676209e-01
1.517908310351075429e-01,9.968864975267530681e-01,1.283818573261875096e-01,-3.608493309949051819e-01,-1.284942516237418175e+00,-4.848039322853809341e-01
1.517651516366366193e-01,9.969972941252951415e-01,1.285166744657973981e-01,-3.607884711992930815e-01,-1.284919446883934002e+00,-4.847662874265595279e-01
1.498431327837214111e-01,1.000975367880347022e+00,1.329095465332482129e-01,-3.684252362611332154e-01,-1.297317658392068918e+00,-4.920205145194843643e-01
1.498256662143419848e-01,1.001087326279183287e+00,1.330522440538201012e-01,-3.683259368909733711e-01,-1.297289509779270933e+00,-4.919533013737165117e-01
1.498065312550469486e-01,1.001197871119677396e+00,1.331912677489716090e-01,-3.682345729674581514e-01,-1.297259209995189400e+00,-4.918921185523167372e-01
1.497862006600599871e-01,1.001307833508191747e+00,1.333283316641822314e-01,-3.681488246216167992e-01,-1.297228550602962160e+00,-4.918352983659465272e-01
1.497649614198448276e-01,1.001417601425658610e+00,1.334642962373410735e-01,-3.680673049187938584e-01,-1.297198299486787665e+00,-4.917818182964250329e-01
1.497430019433973469e-01,1.001527350275187800e+00,1.335996037297962902e-01,-3.679891179343053320e-01,-1.297168743291783333e+00,-4.917310004727702410e-01
1.497204555572345108e-01,1.001637154315584866e+00,1.337344899711134516e-01,-3.679136388143947056e-01,-1.297139948136781351e+00,-4.916823611879847511e-01
1.496974226607637459e-01,1.001747040392931609e+00,1.338690875515549938e-01,-3.678404022980056864e-01,-1.297111884090308642e+00,-4.916355339117930434e-01
1.496739823839051409e-01,1.001857013742837310e+00,1.340034763100573234e-01,-3.677690445235641259e-01,-1.297084483889019424e+00,-4.915902285416357542e-01
1.496501990244537006e-01,1.001967070288560135e+00,1.341377082037432389e-01,-3.676992712702425448e-01,-1.297057670020931974e+00,-4.915462087353116849e-01
1.496261258369351310e-01,1.002077202430194269e+00,1.342718197064459162e-01,-3.676308395386437833e-01,-1.297031366687921405e+00,-4.915032784413090328e-01
1.496018074413949794e-01,1.002187401699411451e+00,1.344058381060802554e-01,-3.675635460378902653e-01,-1.297005504604933579e+00,-4.914612732518054417e-01
1.495772814782959093e-01,1.002297659921996376e+00,1.345397848088082660e-01,-3.674972194025221128e-01,-1.296980022484225614e+00,-4.914200544167894869e-01
1.495525798239490667e-01,1.002407969675531696e+00,1.346736771526644838e-01,-3.674317145449477739e-01,-1.296954867035421621e+00,-4.913795044029053982e-01
1.495277295351983005e-01,1.002518324417361884e+00,1.348075294653360012e-01,-3.673669083141430369e-01,-1.296929992349513672e+00,-4.913395234380840693e-01
1.495027536069531704e-01,1.002628718472122316e+00,1.349413537338267077e-01,-3.673026960307132494e-01,-1.296905359082815457e+00,-4.913000267256132370e-01
1.494776715964179770e-01,1.002739146958758099e+00,1.350751600592094148e-01,-3.672389886437797957e-01,-1.296880933615796705e+00,-4.912609421454181557e-01
1.494525001439181155e-01,1.002849605699139612e+00,1.352089569886868181e-01,-3.671757103636478781e-01,-1.296856687267123220e+00,-4.912222083353678381e-01
1.494272534103764927e-01,1.002960091128117570e+00,1.353427517737413321e-01,-3.671127966726910885e-01,-1.296832595593750748e+00,-4.911837730749422648e-01
1.494019434490170550e-01,1.003070600206976248e+00,1.354765505739763676e-01,-3.670501926402174320e-01,-1.296808637774227835e+00,-4.911455919177840079e-01
1.493765805201109909e-01,1.003181130347659877e+00,1.356103586255988369e-01,-3.669878514940111414e-01,-1.296784796077480095e+00,-4.911076270313527448e-01
1.493511733567491340e-01,1.003291679348799814e+00,1.357441803832498683e-01,-3.669257334102029589e-01,-1.296761055408965913e+00,-4.910698462116152019e-01
1.493257293942646391e-01,1.003402245336278309e+00,1.358780196365259041e-01,-3.668638044767874029e-01,-1.296737402917992110e+00,-4.910322220466338261e-01
1.493002549605800533e-01,1.003512826717690265e+00,1.360118796113199413e-01,-3.668020358210770104e-01,-1.296713827667517860e+00,-4.909947311998683617e-01
1.492747554438508262e-01,1.003623422137160048e+00,1.361457630524395834e-01,-3.667404028559134721e-01,-1.296690320346854941e+00,-4.909573538071441146e-01
1.492492354296813539e-01,1.003734030443538261e+00,1.362796722979656427e-01,-3.666788846487011866e-01,-1.296666873033739620e+00,-4.909200729589592860e-01
1.492236988226552097e-01,1.003844650656667836e+00,1.364136093374455350e-01,-3.666174633741919875e-01,-1.296643478983999120e+00,-4.908828742604144924e-01
1.491981489463971022e-01,1.003955281944247213e+00,1.365475758663015904e-01,-3.665561238561520496e-01,-1.296620132459691099e+00,-4.908457454593210811e-01
1.491725886302736614e-01,1.004065923598354448e+00,1.366815733278033129e-01,-3.664948531729279591e-01,-1.296596828576803029e+00,-4.908086761241527984e-01
1.491470202829347502e-01,1.004176575017825979e+00,1.368156029522745454e-01,-3.664336403230876171e-01,-1.296573563180231980e+00,-4.907716573760871892e-01
1.491214459555380567e-01,1.004287235690590530e+00,1.369496657868721490e-01,-3.663724759386341456e-01,-1.296550332732495203e+00,-4.907346816558922908e-01
1.472137194050340547e-01,1.008286224420321453e+00,1.413552386143997475e-01,-3.740070236530630421e-01,-1.308919397647110960e+00,-4.980739710707251522e-01
1.471963493670319645e-01,1.008397998003431884e+00,1.414972010727582052e-01,-3.739076059239654914e-01,-1.308891173967866584e+00,-4.980077597525358057e-01
1.471772957029792994e-01,1.008508349100218693e+00,1.416354440694964911e-01,-3.738161473652748534e-01,-1.308860771839691628e+00,-4.979475179357936154e-01
1.471570425108888192e-01,1.008618120763823844e+00,1.417717145269605794e-01,-3.737302962806739459e-01,-1.308830005035389377e+00,-4.978915919601838991e-01
1.471358811598484917e-01,1.008727703662430697e+00,1.419068837842447639e-01,-3.736486562454918725e-01,-1.308799646063399269e+00,-4.978389705318164160e-01
1.471140015884722374e-01,1.008837272894877124e+00,1.420413970287890681e-01,-3.735703299687774259e-01,-1.308769981049347830e+00,-4.977889838231836506e-01
1.470915375240229861e-01,1.008946901708578148e+00,1.421754904290822297e-01,-3.734946938493413637e-01,-1.308741074716021746e+00,-4.977411537167995559e-01
1.470685893427538804e-01,1.009056615967329984e+00,1.423092962627660607e-01,-3.734212844880093751e-01,-1.308712896071496212e+00,-4.976951176023379775e-01
1.470452360091548671e-01,1.009166420128656094e+00,1.424428940201947213e-01,-3.733497398362848330e-01,-1.308685377304107833e+00,-4.976505882260922609e-01
1.470215416169645961e-01,1.009276309542893380e+00,1.425763354224733048e-01,-3.732797672776955178e-01,-1.308658440760132935e+00,-4.976073314120456059e-01
1.469975592172324819e-01,1.009386276193405818e+00,1.427096568153250755e-01,-3.732111252005791413e-01,-1.308632010755230057e+00,-4.975651528340273577e-01
1.469733332385170510e-01,1.009496311307910510e+00,1.428428854343402055e-01,-3.731436115193318415e-01,-1.308606018261188941e+00,-4.975238895142392037e-01
1.469489011448665283e-01,1.009606406485333174e+00,1.429760426755374014e-01,-3.730770559256328389e-01,-1.308580402311631419e+00,-4.974834039209671266e-01
1.469242946511321590e-01,1.009716554129598265e+00,1.431091458866017851e-01,-3.730113142679187255e-01,-1.308555109955622520e+00,-4.974435795783898051e-01
1.468995406660232872e-01,1.009826747564410043e+00,1.432422094146194869e-01,-3.729462642310489850e-01,-1.308530095620252354e+00,-4.974043176452272452e-01
1.468746620498859734e-01,1.009936981007526713e+00,1.433752452655509269e-01,-3.728818018823861213e-01,-1.308505320277044470e+00,-4.973655341464160440e-01
1.468496782372211151e-01,1.010047249492478372e+00,1.435082635573699250e-01,-3.728178388411819699e-01,-1.308480750597327713e+00,-4.973271576914108927e-01
1.468246057567061114e-01,1.010157548772169012e+00,1.436412728505544190e-01,-3.727542999186890804e-01,-1.308456358163932132e+00,-4.972891275640238251e-01
1.467994586689704284e-01,1.010267875224343470e+00,1.437742804055437695e-01,-3.726911211340241947e-01,-1.308432118770493258e+00,-4.972513921183711050e-01
1.467742489366166692e-01,1.010378225763477689e+00,1.439072923874163690e-01,-3.726282480365727956e-01,-1.308408011807073112e+00,-4.972139074167010730e-01
1.467489867372505641e-01,1.010488597764701790e+00,1.440403140363521184e-01,-3.725656342849590352e-01,-1.308384019732856673e+00,-4.971766360769309667e-01
1.467236807312313207e-01,1.010598988994391156e+00,1.441733498070408015e-01,-3.725032404363017302e-01,-1.308360127619802693e+00,-4.971395462936625820e-01
1.466983382867765862e-01,1.010709397554621525e+00,1.443064034895314984e-01,-3.724410329213623805e-01,-1.308336322767801096e+00,-4.971026110057031877e-01
1.466729656736455445e-01,1.010819821831250076e+00,1.444394783072471267e-01,-3.723789831685580531e-01,-1.308312594370532045e+00,-4.970658071878633621e-01
1.466475682273480075e-01,1.010930260451674334e+00,1.445725770025857171e-01,-3.723170668591341825e-01,-1.308288933233994422e+00,-4.970291152496104092e-01
1.466221504873720105e-01,1.011040712249656082e+00,1.447057019091853580e-01,-3.722552632965330233e-01,-1.308265331536814013e+00,-4.969925185211838681e-01
1.465967163164588194e-01,1.011151176234396765e+00,1.448388550137238162e-01,-3.721935548663912185e-01,-1.308241782626200722e+00,-4.969560028203291457e-01
1.465712690013128150e-01,1.011261651564332675e+00,1.449720380076500448e-01,-3.721319265778486596e-01,-1.308218280843447712e+00,-4.969195560794734678e-01
1.465458113393919015e-01,1.011372137523050663e+00,1.451052523297024499e-01,-3.720703656715460550e-01,-1.308194821373270367e+00,-4.968831680307159160e-01
1.465203457102865481e-01,1.011482633503737461e+00,1.452384992068452563e-01,-3.720088612904605130e-01,-1.308171400122417838e+00,-4.968468299377797881e-01
1.464948741394190845e-01,1.011593138990149798e+00,1.453717796834717024e-01,-3.719474041939582198e-01,-1.308148013608365412e+00,-4.968105343670073393e-01
1.446019025562919336e-01,1.015612367731488552e+00,1.497898855512588834e-01,-3.795815033501965807e-01,-1.320486842129556582e+00,-5.042363231525870404e-01
1.445846238508027293e-01,1.015723937052463777e+00,1.499310826003619757e-01,-3.794819826190490852e-01,-1.320458548691365142e+00,-5.041711285006929000e-01
1.445656464608523206e-01,1.015834075266175862e+00,1.500685144367188695e-01,-3.793904437679445629e-01,-1.320428049697996098e+00,-5.041118407776405963e-01
1.445454660050808082e-01,1.015943637330826377e+00,1.502039613868258738e-01,-3.793045033454520154e-01,-1.320397181250469787e+00,-5.040568212243258239e-01
1.445243782075704975e-01,1.016053016456146318e+00,1.503383056393753081e-01,-3.792227557742342547e-01,-1.320366720300145680e+00,-5.040050701962469626e-01
1.445025744720348782e-01,1.016162387329829775e+00,1.504719951717972404e-01,-3.791443026741809774e-01,-1.320336952304684619e+00,-5.039559261065078566e-01
1.444801888680758151e-01,1.016271822128766988e+00,1.506052663860169005e-01,-3.790685218673419121e-01,-1.320307940513869571e+00,-5.039089165113421753e-01
1.444573217060519110e-01,1.016381345707762396e+00,1.507382511842484119e-01,-3.789949519064333971e-01,-1.320279652850331109e+00,-5.038636827634306314e-01
1.444340517511150945e-01,1.016490961742567256e+00,1.508710286780863830e-01,-3.789232326046268473e-01,-1.320252020961437900e+00,-5.038199404779996060e-01
1.444104428691540265e-01,1.016600665012908022e+00,1.510036503366044003e-01,-3.788530729707917932e-01,-1.320224967066642607e+00,-5.037774576606264265e-01
1.443865478895661747e-01,1.016710447091563996e+00,1.511361523701312826e-01,-3.787842327892049221e-01,-1.320198415613437204e+00,-5.037360417225904552e-01
1.443624110352668688e-01,1.016820298908977849e+00,1.512685619581636831e-01,-3.787165111823861952e-01,-1.320172297847091114e+00,-5.036955311290506332e-01
1.443380695813421821e-01,1.016930211845245235e+00,1.514009004855621232e-01,-3.786497389016218462e-01,-1.320146553138755730e+00,-5.036557895777763472e-01
1.443135550713299520e-01,1.017040178137622597e+00,1.515331853094793735e-01,-3.785837727317823975e-01,-1.320121128890777928e+00,-5.036167016628586568e-01
1.442888942580071443e-01,1.017150190980805169e+00,1.516654307944349245e-01,-3.785184911925094653e-01,-1.320095979875306913e+00,-5.035781694829127852e-01
1.442641098602442939e-01,1.017260244490110654e+00,1.517976489638668269e-01,-3.784537910978370556e-01,-1.320071067386902497e+00,-5.035401098930637476e-01
1.442392211838776084e-01,1.017370333617868772e+00,1.519298499516902878e-01,-3.783895847369089238e-01,-1.320046358394612929e+00,-5.035024522394762059e-01
1.442142446414604040e-01,1.017480454050998517e+00,1.520620423303992996e-01,-3.783257975207744428e-01,-1.320021824750472472e+00,-5.034651364598043966e-01
1.441891941880830696e-01,1.017590602114308185e+00,1.521942333690303184e-01,-3.782623660069556193e-01,-1.319997442490413508e+00,-5.034281114866865359e-01
1.441640816915269463e-01,1.017700774679172859e+00,1.523264292382288665e-01,-3.781992362258217999e-01,-1.319973191221133879e+00,-5.033913338960075423e-01
1.441389172445847466e-01,1.017810969084917083e+00,1.524586351803984552e-01,-3.781363622646738420e-01,-1.319949053593684196e+00,-5.033547667602378262e-01
1.441137094311984723e-01,1.017921183069123936e+00,1.525908556505801150e-01,-3.780737050631844953e-01,-1.319925014850618084e+00,-5.033183786745729638e-01
1.440884655523581304e-01,1.018031414709030802e+00,1.527230944367790055e-01,-3.780112313907200705e-01,-1.319901062441538597e+00,-5.032821429338786290e-01
1.440631918168935599e-01,1.018141662371502720e+00,1.528553547602475582e-01,-3.779489129778376144e-01,-1.319877185693847599e+00,-5.032460368249676019e-01
1.440378935057332610e-01,1.018251924668325259e+00,1.529876393597484618e-01,-3.778867257743655506e-01,-1.319853375530823714e+00,-5.032100410306568072e-01
1.440125751107985685e-01,1.018362200420433794e+00,1.531199505657227511e-01,-3.778246493200175249e-01,-1.319829624235295373e+00,-5.031741391256214779e-01
1.439872404522694882e-01,1.018472488626196437e+00,1.532522903601703235e-01,-3.777626662095139864e-01,-1.319805925244803557e+00,-5.031383171386709652e-01
1.439618927792031267e-01,1.018582788435447695e+00,1.533846604302215033e-01,-3.777007616367520360e-01,-1.319782272980540183e+00,-5.031025631889165517e-01
1.439365348553185431e-01,1.018693099125596246e+00,1.535170622110185734e-01,-3.776389230059631341e-01,-1.319758662698379048e+00,-5.030668671714794149e-01
1.439111690314242575e-01,1.018803420083583822e+00,1.536494969251147036e-01,-3.775771396023931969e-01,-1.319735090366125796e+00,-5.030312204943588883e-01
1.438857973069379848e-01,1.018913750788648320e+00,1.537819656128480150e-01,-3.775154023117447410e-01,-1.319711552555104195e+00,-5.029956158490714868e-01
1.421045952077530372e-01,1.022926422553977366e+00,1.582630087235082361e-01,-3.847122772308634309e-01,-1.331853644327520625e+00,-5.101560750619843487e-01
1.420729034742278241e-01,1.023041675491211056e+00,1.583957293199875493e-01,-3.846783058218714579e-01,-1.331849986866738833e+00,-5.101449439810046282e-01
1.420416786577338442e-01,1.023154914389581949e+00,1.585258241965083470e-01,-3.846425043319257608e-01,-1.331840436277883732e+00,-5.101316808294747984e-01
1.420110972220774148e-01,1.023267085031471124e+00,1.586549134574472830e-01,-3.846039402054185485e-01,-1.331827378877081136e+00,-5.101158665106446666e-01
1.419811802142409152e-01,1.023378654130424170e+00,1.587837335154028973e-01,-3.845624526963793977e-01,-1.331812055226408109e+00,-5.100975334710601272e-01
1.419518842582921103e-01,1.023489858155121057e+00,1.589126059182812412e-01,-3.845182055877809923e-01,-1.331795145587349127e+00,-5.100768937558152194e-01
1.419231433733763037e-01,1.023600821967090457e+00,1.590416593930591704e-01,-3.844714809750482964e-01,-1.331777050473968549e+00,-5.100542150924635143e-01
1.418948876425707717e-01,1.023711615517934881e+00,1.591709346961871774e-01,-3.844225866545684656e-01,-1.331758025961298886e+00,-5.100297665048062479e-01
1.418670510629549686e-01,1.023822281068290430e+00,1.593004338765130756e-01,-3.843718166843127504e-01,-1.331738249684268682e+00,-5.100037962846059036e-01
1.418395744068789432e-01,1.023932846360179116e+00,1.594301432097683102e-01,-3.843194365235639842e-01,-1.331717853652012451e+00,-5.099765247463015072e-01
1.418124058431105838e-01,1.024043331081660124e+00,1.595600436983009296e-01,-3.842656792699508106e-01,-1.331696941083466035e+00,-5.099481435185386768e-01
1.417855006063712953e-01,1.024153750111180816e+00,1.596901157218593714e-01,-3.842107466726016884e-01,-1.331675595464393735e+00,-5.099188175286913927e-01
1.417588203076515507e-01,1.024264115207756509e+00,1.598203409625337246e-01,-3.841548119972454933e-01,-1.331653885753862454e+00,-5.098886879140208661e-01
1.417323321540807091e-01,1.024374435939246819e+00,1.599507030766829374e-01,-3.840980234149677375e-01,-1.331631869625450104e+00,-5.098578750738544940e-01
1.417060081929706061e-01,1.024484720231899848e+00,1.600811878109064945e-01,-3.840405073390286139e-01,-1.331609595663800993e+00,-5.098264815410716855e-01
1.416798246259814431e-01,1.024594974722411012e+00,1.602117828838879321e-01,-3.839823714770251861e-01,-1.331587104965828994e+00,-5.097945945507910137e-01
1.416537612059944329e-01,1.024705204999896369e+00,1.603424777799034584e-01,-3.839237075289007595e-01,-1.331564432371574291e+00,-5.097622882828496405e-01
1.416278007133052463e-01,1.024815415789249506e+00,1.604732635290037068e-01,-3.838645935336194581e-01,-1.331541607456933951e+00,-5.097296258001110525e-01
1.416019285061058952e-01,1.024925611092812217e+00,1.606041324950038818e-01,-3.838050958873484575e-01,-1.331518655346618729e+00,-5.096966607052203502e-01
1.415761321362441205e-01,1.025035794304257397e+00,1.607350781838106368e-01,-3.837452710718441962e-01,-1.331495597391331831e+00,-5.096634385558665992e-01
1.415504010215984931e-01,1.025145968303341926e+00,1.608660950768437403e-01,-3.836851671298182609e-01,-1.331472451739074359e+00,-5.096299980715632838e-01
1.415247261671157553e-01,1.025256135534259316e+00,1.609971784859774158e-01,-3.836248249225243101e-01,-1.331449233816595301e+00,-5.095963721595732077e-01
1.414990999265014204e-01,1.025366298072719173e+00,1.611283244299719641e-01,-3.835642792027879056e-01,-1.331425956738743199e+00,-5.095625887865138370e-01
1.414735158001501625e-01,1.025476457682190201e+00,1.612595295290993602e-01,-3.835035595272693332e-01,-1.331402631655903779e+00,-5.095286717211330307e-01
1.414479682638231928e-01,1.025586615859886530e+00,1.613907909134169039e-01,-3.834426910311704018e-01,-1.331379268046474218e+00,-5.094946411623766380e-01
1.414224526225434375e-01,1.025696773877814660e+00,1.615221061475609621e-01,-3.833816950893763065e-01,-1.331355873969242376e+00,-5.094605142789959684e-01
1.413969648858753314e-01,1.025806932816446304e+00,1.616534731643214373e-01,-3.833205898787629962e-01,-1.331332456274837872e+00,-5.094263056607852835e-01
1.413715016622626997e-01,1.025917093594199025e+00,1.617848902101049202e-01,-3.832593908565808949e-01,-1.331309020787855957e+00,-5.093920277076232628e-01
1.413460600697389880e-01,1.026027256990950098e+00,1.619163557969021672e-01,-3.831981111662188799e-01,-1.331285572459460997e+00,-5.093576909581098988e-01
1.413206376590830649e-01,1.026137423669910564e+00,1.620478686632852994e-01,-3.831367619839004535e-01,-1.331262115499598275e+00,-5.093233043690178485e-01
1.412952323488838591e-01,1.026247594194674706e+00,1.621794277393928951e-01,-3.830753528128799656e-01,-1.331238653486960244e+00,-5.092888755511834065e-01
1.410801431768766434e-01,1.025632792612901856e+00,1.612706165562574900e-01,-3.868764816474040136e-01,-1.335998707538717634e+00,-5.121704996430938017e-01
1.410486232117427741e-01,1.025747967605541877e+00,1.614030835932042662e-01,-3.868418352396931770e-01,-1.335994740527032043e+00,-5.121593861110803614e-01
1.410175483878020608e-01,1.025861124269251468e+00,1.615329054922672314e-01,-3.868054602109741724e-01,-1.335984910257242975e+00,-5.121461593208699314e-01
1.409871016309304503e-01,1.025973212628736642e+00,1.616617144700717712e-01,-3.867663988444607903e-01,-1.335971604525347578e+00,-5.121304025981474606e-01
1.409573074695336103e-01,1.026084700428404828e+00,1.617902509727534854e-01,-3.867244755138150025e-01,-1.335956060261105138e+00,-5.121121491317257579e-01
1.409281246881645688e-01,1.026195824168763426e+00,1.619188377469333862e-01,-3.866798437479821993e-01,-1.335938953235118465e+00,-5.120916104304893413e-01
1.408994888390407429e-01,1.026306708512791932e+00,1.620476038316820133e-01,-3.866327777413489653e-01,-1.335920679914039289e+00,-5.120690529092013499e-01
1.408713312010726471e-01,1.026417423221239522e+00,1.621765900869188981e-01,-3.865835788184890376e-01,-1.335901493039801213e+00,-5.120447439035654691e-01
1.408435867581074863e-01,1.026528010415226566e+00,1.623057986506814820e-01,-3.865325355833560406e-01,-1.335881567561607364e+00,-5.120189298893352836e-01
1.408161971165663440e-01,1.026638497748451506e+00,1.624352159189667577e-01,-3.864799088562622109e-01,-1.335861033330551839e+00,-5.119918293886760452e-01
1.407891111602087297e-01,1.026748904851420896e+00,1.625648230347525036e-01,-3.864259277750911603e-01,-1.335839991810909178e+00,-5.119636323391565380e-01
1.407622847380521625e-01,1.026859246565407391e+00,1.626946005275696772e-01,-3.863707907115025431e-01,-1.335818525049094374e+00,-5.119345021152588160e-01
1.407356799888752896e-01,1.026969534623192848e+00,1.628245302258031213e-01,-3.863146680534890187e-01,-1.335796700810337967e+00,-5.119045784474222094e-01
1.407092645742838155e-01,1.027079778572008939e+00,1.629545959232634178e-01,-3.862577055205994592e-01,-1.335774575771252026e+00,-5.118739804797451942e-01
1.406830109316138389e-01,1.027189986321463300e+00,1.630847834921139161e-01,-3.862000274401991562e-01,-1.335752197679685338e+00,-5.118428096292794161e-01
1.406568955979869695e-01,1.027300164492197743e+00,1.632150807619290045e-01,-3.861417397439066979e-01,-1.335729606924954016e+00,-5.118111521444337342e-01
1.406308986148027684e-01,1.027410318658773525e+00,1.633454773158147799e-01,-3.860829326193784827e-01,-1.335706837749422782e+00,-5.117790813390354909e-01
1.406050030089777969e-01,1.027520453533528721e+00,1.634759642707271643e-01,-3.860236828201176196e-01,-1.335683919222935057e+00,-5.117466595136869190e-01
1.405791943513667042e-01,1.027630573105565936e+00,1.636065340652140820e-01,-3.859640556458031613e-01,-1.335660876038884615e+00,-5.117139396042023058e-01
1.405534603764100887e-01,1.027740680756571212e+00,1.637371802707123236e-01,-3.859041066440307421e-01,-1.335637729181974542e+00,-5.116809665865069690e-01
1.405277906582994285e-01,1.027850779355502064e+00,1.638678974254405007e-01,-3.858438830620385951e-01,-1.335614496488807701e+00,-5.116477786716395748e-01
1.405021763356503472e-01,1.027960871337412208e+00,1.639986808911680916e-01,-3.857834250839133894e-01,-1.335591193122019238e+00,-5.116144083238196583e-01
1.404766098777008865e-01,1.028070958768472432e+00,1.641295267290268090e-01,-3.857227668832395318e-01,-1.335567831970158048e+00,-5.115808831247893318e-01
1.404510848841329373e-01,1.028181043403089800e+00,1.642604315954510341e-01,-3.856619375221014279e-01,-1.335544423990064899e+00,-5.115472265082048331e-01
1.404255959156637257e-01,1.028291126731160077e+00,1.643913926527810765e-01,-3.856009617142288626e-01,-1.335520978496466116e+00,-5.115134583834684001e-01
1.404001383496879252e-01,1.028401210018569545e+00,1.645224074936177117e-01,-3.855398604755136960e-01,-1.335497503408750841e+00,-5.114795956669235810e-01
1.403747082585727335e-01,1.028511294339275572e+00,1.646534740741589231e-01,-3.854786516748290870e-01,-1.335474005457442770e+00,-5.114456527300981215e-01
1.403493023045120636e-01,1.028621380606023372e+00,1.647845906610596045e-01,-3.854173505066019190e-01,-1.335450490364721077e+00,-5.114116417836123141e-01
1.403239176513595976e-01,1.028731469594628134e+00,1.649157557849368627e-01,-3.853559698902854214e-01,-1.335426962995816647e+00,-5.113775732037042498e-01
1.402985518894385442e-01,1.028841561963489637e+00,1.650469681988473991e-01,-3.852945208100573282e-01,-1.335403427485205574e+00,-5.113434558047129652e-01
1.402732029708430583e-01,1.028951658273638436e+00,1.651782268475427418e-01,-3.852330126059964610e-01,-1.335379887349934291e+00,-5.113092970766338619e-01
1.407970450244449556e-01,1.026170937953901019e+00,1.617690209890338404e-01,-3.874267772893380535e-01,-1.336718797221122079e+00,-5.122149500488820673e-01
1.407656072458546848e-01,1.026286095517013441e+00,1.619014660873344391e-01,-3.873918599044173794e-01,-1.336714693720653324e+00,-5.122038013621318386e-01
1.407346062962823163e-01,1.026399235224159545e+00,1.620312615854496985e-01,-3.873552569460286255e-01,-1.336704742470688601e+00,-5.121905493948215593e-01
1.407042269628135667e-01,1.026511307288108465e+00,1.621600415463570755e-01,-3.873160020855261343e-01,-1.336691329079803925e+00,-5.121747778395440154e-01
1.406744949938114886e-01,1.026622779402154739e+00,1.622885471867960283e-01,-3.872739135582533021e-01,-1.336675688282663144e+00,-5.121565195334207843e-01
1.406453700563930487e-01,1.026733887969465853e+00,1.624171016224300879e-01,-3.872291401743847006e-01,-1.336658493948319260e+00,-5.121359852717383143e-01
1.406167883895290127e-01,1.026844757564611132e+00,1.625458341152539732e-01,-3.871819523314931066e-01,-1.336640140972373603e+00,-5.121134406136892414e-01
1.405886818306279762e-01,1.026955457877032130e+00,1.626747856900768729e-01,-3.871326482230878496e-01,-1.336620880810963419e+00,-5.120891520065040670e-01
1.405609858275502777e-01,1.027066030975782196e+00,1.628039586278630380e-01,-3.870815138429795632e-01,-1.336600887366551804e+00,-5.120633650726160724e-01
1.405336423788238753e-01,1.027176504471698282e+00,1.629333394486909836e-01,-3.870288078190893821e-01,-1.336580289626781992e+00,-5.120362975395835736e-01
1.405066006992853056e-01,1.027286897963223700e+00,1.630629094084541653e-01,-3.869747574474730611e-01,-1.336559188345479710e+00,-5.120081386230584952e-01
1.404798169202327307e-01,1.027397226263071728e+00,1.631926491346920582e-01,-3.869195595466176085e-01,-1.336537664975982365e+00,-5.119790510492557845e-01
1.404532534203057070e-01,1.027507501080384689e+00,1.633225405426305121e-01,-3.868633831961185154e-01,-1.336515786789579385e+00,-5.119491739730074320e-01
1.404268780653414317e-01,1.027617731941720347e+00,1.634525675015635615e-01,-3.868063730116864662e-01,-1.336493610048939740e+00,-5.119186260287870160e-01
1.404006634664324293e-01,1.027727926739205211e+00,1.635827159499783634e-01,-3.867486523898067130e-01,-1.336471182155638537e+00,-5.118875081864538990e-01
1.403745863092356327e-01,1.027838092076959420e+00,1.637129737736853774e-01,-3.866903264750308211e-01,-1.336448543206278483e+00,-5.118559063018862654e-01
1.403486267613866523e-01,1.027948233514843102e+00,1.638433306037292425e-01,-3.866314847907568741e-01,-1.336425727196143498e+00,-5.118238933444515526e-01
1.403227679574724218e-01,1.028058355752650588e+00,1.639737775991065571e-01,-3.865722035288395864e-01,-1.336402762987732862e+00,-5.117915313154248746e-01
1.402969955603707575e-01,1.028168462767974800e+00,1.641043072341541731e-01,-3.865125475136402255e-01,-1.336379675098978703e+00,-5.117588728906302675e-01
1.402712973817898945e-01,1.028278557933643089e+00,1.642349131115963534e-01,-3.864525718926528630e-01,-1.336356484367445363e+00,-5.117259628178451036e-01
1.402456630632729906e-01,1.028388644109125893e+00,1.643655897956959600e-01,-3.863923235716743010e-01,-1.336333208503962977e+00,-5.116928391123499731e-01
1.402200838003034300e-01,1.028498723721701813e+00,1.644963326707323814e-01,-3.863318424467477308e-01,-1.336309862565193241e+00,-5.116595340681345805e-01
1.401945521103529491e-01,1.028608798830759508e+00,1.646271378168457644e-01,-3.862711624476218852e-01,-1.336286459349710798e+00,-5.116260751179000366e-01
1.401690616343276019e-01,1.028718871185221095e+00,1.647580019075967628e-01,-3.862103124298086332e-01,-1.336263009739237173e+00,-5.115924855686707629e-01
1.401436069681155361e-01,1.028828942269798263e+00,1.648889221193868826e-01,-3.861493169316070895e-01,-1.336239522984079553e+00,-5.115587852191623153e-01
1.401181835193981984e-01,1.028939013345278708e+00,1.650198960563233064e-01,-3.860881968196101521e-01,-1.336216006948305779e+00,-5.115249908902315124e-01
1.400927873861345929e-01,1.029049085481876791e+00,1.651509216852280471e-01,-3.860269698364038327e-01,-1.336192468316561799e+00,-5.114911168715237100e-01
1.400674152518424365e-01,1.029159159589969841e+00,1.652819972826507500e-01,-3.859656510704545518e-01,-1.336168912773320949e+00,-5.114571753039907076e-01
1.400420642995903742e-01,1.029269236440847113e+00,1.654131213850346116e-01,-3.859042533486104487e-01,-1.336145345148124663e+00,-5.114231765006670427e-01
1.400167321350504757e-01,1.029379316691717561e+00,1.655442927534322151e-01,-3.858427875788861816e-01,-1.336121769549313942e+00,-5.113891292246890430e-01
1.399914167244561691e-01,1.029489400900239104e+00,1.656755103370823323e-01,-3.857812630345880400e-01,-1.336098189468450714e+00,-5.113550409211423675e-01
1.406460514400829642e-01,1.026328840574380452e+00,1.618306241470129636e-01,-3.876900112658214215e-01,-1.336841516309705824e+00,-5.119220682686611568e-01
1.406146520165636737e-01,1.026443995936339393e+00,1.619630744544195144e-01,-3.876550441525518642e-01,-1.336837364769343006e+00,-5.119109381737868558e-01
1.405836876866954355e-01,1.026557134211206757e+00,1.620928753349079321e-01,-3.876184000331143742e-01,-1.336827369218130057e+00,-5.118977053048991976e-01
1.405533436374866718e-01,1.026669205145212649e+00,1.622216605843117831e-01,-3.875791108472658175e-01,-1.336813913943763588e+00,-5.118819542120915944e-01
1.405236458922630438e-01,1.026780676242498913e+00,1.623501713580742245e-01,-3.875369935291234635e-01,-1.336798232997558511e+00,-5.118637179853688934e-01
1.404945543157075649e-01,1.026891783833052907e+00,1.624787307776308920e-01,-3.874921958920325982e-01,-1.336780999852776652e+00,-5.118432074152458044e-01
1.404660052941997805e-01,1.027002652465988541e+00,1.626074681271556799e-01,-3.874449875532263166e-01,-1.336762609145589531e+00,-5.118206879468755188e-01
1.404379307828832746e-01,1.027113351820969189e+00,1.627364244535290105e-01,-3.873956660774557359e-01,-1.336743312142259610e+00,-5.117964258856143589e-01
1.404102663228855297e-01,1.027223923965193908e+00,1.628656020560228790e-01,-3.873445169495245977e-01,-1.336723282597595208e+00,-5.117706667021379996e-01
1.403829539891238154e-01,1.027334396510527714e+00,1.629949874703274793e-01,-3.872917983792031893e-01,-1.336702649381221741e+00,-5.117436279819638223e-01
1.403559430618357140e-01,1.027444789053783891e+00,1.631245619623516718e-01,-3.872377373118125465e-01,-1.336681513145914657e+00,-5.117154988111038971e-01
1.403291897256201959e-01,1.027555116408444214e+00,1.632543061690924502e-01,-3.871825302762113008e-01,-1.336659955263133970e+00,-5.116864417981422664e-01
1.403026564047182012e-01,1.027665390283664326e+00,1.633842020135553852e-01,-3.871263461080740598e-01,-1.336638042935468507e+00,-5.116565959945681419e-01
1.402763110029811022e-01,1.027775620206465179e+00,1.635142333718234420e-01,-3.870693292193970736e-01,-1.336615832368506451e+00,-5.116260799430810691e-01
1.402501261653662790e-01,1.027885814066306303e+00,1.636443861855472470e-01,-3.870116028317955315e-01,-1.336593370912117607e+00,-5.115949945319936409e-01
1.402240786053825516e-01,1.027995978466957894e+00,1.637746483453724755e-01,-3.869532719444992996e-01,-1.336570698622382425e+00,-5.115634255478610504e-01
1.401981485136613303e-01,1.028106118968711513e+00,1.639050094869865248e-01,-3.868944259595355484e-01,-1.336547849461364734e+00,-5.115314458981335966e-01
1.401723190457029311e-01,1.028216240269640647e+00,1.640354607718783886e-01,-3.868351409635027438e-01,-1.336524852261260943e+00,-5.114991175307735949e-01
1.401465758809199158e-01,1.028326346347286924e+00,1.641659946773481871e-01,-3.867754816942242102e-01,-1.336501731515880920e+00,-5.114664930734807990e-01
1.401209068461856111e-01,1.028436440573195387e+00,1.642966048081613839e-01,-3.867155032240059409e-01,-1.336478508041482716e+00,-5.114336172341715780e-01
1.400953015952625669e-01,1.028546525806824485e+00,1.644272857312748803e-01,-3.866552523963443511e-01,-1.336455199532291083e+00,-5.114005279932248849e-01
1.400697513343443779e-01,1.028656604474223135e+00,1.645580328317992613e-01,-3.865947690537840375e-01,-1.336431821028956746e+00,-5.113672576127625824e-01
1.400442485905614431e-01,1.028766678633876497e+00,1.646888421915615186e-01,-3.865340870800153539e-01,-1.336408385317620073e+00,-5.113338335008266178e-01
1.400187870117958477e-01,1.028876750035128795e+00,1.648197104859289164e-01,-3.864732352936467996e-01,-1.336384903270268598e+00,-5.113002789404077486e-01
1.399933612007434047e-01,1.028986820162247628e+00,1.649506348927111676e-01,-3.864122382002794232e-01,-1.336361384128576857e+00,-5.112666137115930987e-01
1.399679665709399889e-01,1.029096890274790121e+00,1.650816130159468709e-01,-3.863511166382029294e-01,-1.336337835747625880e+00,-5.112328546163930065e-01
1.399425992244396066e-01,1.029206961443852819e+00,1.652126428244120870e-01,-3.862898883282535611e-01,-1.336314264807285435e+00,-5.111990159305765946e-01
1.399172558494859719e-01,1.029317034578296930e+00,1.653437225942657463e-01,-3.862285683376118217e-01,-1.336290676984973391e+00,-5.111651097816584111e-01
1.398919336325583906e-01,1.029427110449752547e+00,1.654748508634872883e-01,-3.861671694767487839e-01,-1.336267077106834122e+00,-5.111311464736907340e-01
1.398666301821681890e-01,1.029537189714955225e+00,1.656060263931418142e-01,-3.861057026394170699e-01,-1.336243469276666485e+00,-5.110971347588537661e-01
1.398413434672970135e-01,1.029647272931135893e+00,1.657372481328656944e-01,-3.860441770863657363e-01,-1.336219856982572285e+00,-5.110630820745898362e-01
1.405199197809560985e-01,1.026419331013905811e+00,1.618165516917070834e-01,-3.879001973710739515e-01,-1.336860158906175711e+00,-5.115756559639277334e-01
1.404885505242056687e-01,1.026534486846198080e+00,1.619490117197054657e-01,-3.878652196445444567e-01,-1.336855975368318905e+00,-5.115645538239558254e-01
1.404576157950040427e-01,1.026647626393538237e+00,1.620788232958501884e-01,-3.878285673777560616e-01,-1.336845949459265936e+00,-5.115513477168671663e-01
1.404273009227532121e-01,1.026759698829750711e+00,1.622076195881722027e-01,-3.877892719910197572e-01,-1.336832464316421998e+00,-5.115356231358626493e-01
1.403976320368220954e-01,1.026871171451362752e+00,1.623361415493891069e-01,-3.877471499751672379e-01,-1.336816753582452444e+00,-5.115174135337697825e-01
1.403685690762416782e-01,1.026982280521089974e+00,1.624647122418229062e-01,-3.877023488070394652e-01,-1.336799490599944296e+00,-5.114969298179087298e-01
1.403400484801674841e-01,1.027093150573844760e+00,1.625934609373496098e-01,-3.876551378561859384e-01,-1.336781069977755587e+00,-5.114744374623559908e-01
1.403120022412980283e-01,1.027203851291623726e+00,1.627224286788449270e-01,-3.876058145045299663e-01,-1.336761742984819312e+00,-5.114502027611507184e-01
1.402843659278400767e-01,1.027314424749815158e+00,1.628516177630006945e-01,-3.875546641004891102e-01,-1.336741683388185775e+00,-5.114244711623697759e-01
1.402570816370096451e-01,1.027424898565974631e+00,1.629810147192528313e-01,-3.875019447453584287e-01,-1.336721020066620857e+00,-5.113974602275503933e-01
1.402300986647643799e-01,1.027535292344121443e+00,1.631106008075521863e-01,-3.874478833022488855e-01,-1.336699853682726147e+00,-5.113693590176036086e-01
1.402033732095237795e-01,1.027645620902026602e+00,1.632403566574130716e-01,-3.873926762315804129e-01,-1.336678265614078764e+00,-5.113403301196056683e-01
1.401768677067274094e-01,1.027755895952968901e+00,1.633702641855666604e-01,-3.873364923133565951e-01,-1.336656323069286278e+00,-5.113105125670143192e-01
1.401505500694060768e-01,1.027866127026847431e+00,1.635003072614182318e-01,-3.872794759136102272e-01,-1.336634082257794232e+00,-5.112800248848274887e-01
1.401243929500911034e-01,1.027976322016237010e+00,1.636304718217859999e-01,-3.872217502161537372e-01,-1.336611590534089622e+00,-5.112489679479822469e-01
1.400983730688803719e-01,1.028086487526409742e+00,1.637607457516357667e-01,-3.871634201878035864e-01,-1.336588887956297045e+00,-5.112174275285573666e-01
1.400724706217867654e-01,1.028196629119553451e+00,1.638911186825549593e-01,-3.871045752036443299e-01,-1.336566008489227686e+00,-5.111854765222919594e-01
1.400466687690598289e-01,1.028306751495183136e+00,1.640215817725877157e-01,-3.870452913276640761e-01,-1.336542980967568628e+00,-5.111531768684332011e-01
1.400209531941258578e-01,1.028416858631960418e+00,1.641521274959057974e-01,-3.869856332782982689e-01,-1.336519829887023114e+00,-5.111205811859443893e-01
1.399953117277554782e-01,1.028526953901759855e+00,1.642827494542518363e-01,-3.869256561104955083e-01,-1.336496576064860831e+00,-5.110877341756153713e-01
1.399697340255384725e-01,1.028637040166106909e+00,1.644134422130401896e-01,-3.868654066560368587e-01,-1.336473237197963737e+00,-5.110546738102127451e-01
1.399442112970196161e-01,1.028747119850411673e+00,1.645442011545174277e-01,-3.868049247440015215e-01,-1.336449828326776945e+00,-5.110214323465012143e-01
1.399187360702916216e-01,1.028857195015541626e+00,1.646750223603695995e-01,-3.867442442504137601e-01,-1.336426362240720866e+00,-5.109880371875387128e-01
1.398933019961062785e-01,1.028967267409702790e+00,1.648059025034002423e-01,-3.866833939833499989e-01,-1.336402849810886861e+00,-5.109545116126538167e-01
1.398679036782368434e-01,1.029077338517826457e+00,1.649368387601531927e-01,-3.866223984421223725e-01,-1.336379300279762594e+00,-5.109208753971929973e-01
1.398425365313579194e-01,1.029187409600649250e+00,1.650678287348349704e-01,-3.865612784594654183e-01,-1.336355721504650207e+00,-5.108871453417209718e-01
1.398171966593938220e-01,1.029297481727861063e+00,1.651988703936687064e-01,-3.865000517493173970e-01,-1.336332120163597370e+00,-5.108533357178260959e-01
1.397918807506872696e-01,1.029407555810069042e+00,1.653299620134811299e-01,-3.864387333764012777e-01,-1.336308501936559479e+00,-5.108194586514747115e-01
1.397665859925681930e-01,1.029517632618900613e+00,1.654611021313843189e-01,-3.863773361471654066e-01,-1.336284871649753736e+00,-5.107855244438123110e-01
1.397413099946303028e-01,1.029627712810871509e+00,1.655922895078405788e-01,-3.863158709516398837e-01,-1.336261233407126658e+00,-5.107515418465844448e-01
1.397160507262273921e-01,1.029737796943305250e+00,1.657235230917160629e-01,-3.862543470481007435e-01,-1.336237590696720767e+00,-5.107175182943612946e-01
1.403998946927489944e-01,1.026497003488196391e+00,1.617897450621442745e-01,-3.880982297325766273e-01,-1.336860719912128070e+00,-5.112250324935441181e-01
1.403685537588421350e-01,1.026612160226977766e+00,1.619222154384094559e-01,-3.880632482796356197e-01,-1.336856507588085163e+00,-5.112139595150479998e-01
1.403376469960795347e-01,1.026725301476649532e+00,1.620520384616947751e-01,-3.880265936680009631e-01,-1.336846454148350682e+00,-5.112007811026504367e-01
1.403073598295178359e-01,1.026837375829603438e+00,1.621808466202173948e-01,-3.879872970147774658e-01,-1.336832941627159155e+00,-5.111850836925295738e-01
1.402777184633161589e-01,1.026948850373793576e+00,1.623093806405334905e-01,-3.879451745223355674e-01,-1.336817203309164093e+00,-5.111669011098906035e-01
1.402486828893732274e-01,1.027059961307360103e+00,1.624379635177241044e-01,-3.879003734490816258e-01,-1.336799912456310135e+00,-5.111464444061601942e-01
1.402201895821757194e-01,1.027170833152418306e+00,1.625667245038709963e-01,-3.878531630117001971e-01,-1.336781463688267335e+00,-5.111239791023589607e-01
1.401921705576163746e-01,1.027281535596119788e+00,1.626957046345637314e-01,-3.878038404886362533e-01,-1.336762108311054131e+00,-5.110997715058651636e-01
1.401645614009139340e-01,1.027392110721006446e+00,1.628249061982815771e-01,-3.877526911546237964e-01,-1.336742020128115271e+00,-5.110740670656143125e-01
1.401373042195253049e-01,1.027502586154213748e+00,1.629543157165253553e-01,-3.876999730618680418e-01,-1.336721328052325131e+00,-5.110470833372291466e-01
1.401103483180916598e-01,1.027612981506344836e+00,1.630839144395593576e-01,-3.876459130355782157e-01,-1.336700132773152694e+00,-5.110190093780215825e-01
1.400836499009912306e-01,1.027723311601692391e+00,1.632136829881502826e-01,-3.875907075082279940e-01,-1.336678515691526181e+00,-5.109900077701496901e-01
1.400571714085712682e-01,1.027833588157718081e+00,1.633436032692377193e-01,-3.875345252375372862e-01,-1.336656544033387739e+00,-5.109602175416138037e-01
1.400308807582388015e-01,1.027943820707858391e+00,1.634736591441341147e-01,-3.874775105710498435e-01,-1.336634274023378977e+00,-5.109297572150658384e-01
1.400047506051060597e-01,1.028054017148396726e+00,1.636038365424703489e-01,-3.874197866790193290e-01,-1.336611753028981830e+00,-5.108987276601669736e-01
1.399787576727268834e-01,1.028164184086283184e+00,1.637341233423821873e-01,-3.873614585148325573e-01,-1.336589021118157694e+00,-5.108672146473548503e-01
1.399528821593957750e-01,1.028274327086160733e+00,1.638645091704870604e-01,-3.873026154437076984e-01,-1.336566112265420658e+00,-5.108352910713492845e-01
1.399271072268239713e-01,1.028384450849606058e+00,1.639949851799505365e-01,-3.872433335216358685e-01,-1.336543055313018646e+00,-5.108030188669013816e-01
1.399014185604542937e-01,1.028494559356269100e+00,1.641255438405927747e-01,-3.871836774592433139e-01,-1.336519874762637450e+00,-5.107704506518114806e-01
1.398758039920035279e-01,1.028604655979695526e+00,1.642561787508308169e-01,-3.871237023062690796e-01,-1.336496591437368986e+00,-5.107376311244726796e-01
1.398502531791210035e-01,1.028714743581272462e+00,1.643868844723398170e-01,-3.870634548876173975e-01,-1.336473223037517588e+00,-5.107045982568382270e-01
1.398247573314950754e-01,1.028824824588991937e+00,1.645176563864762520e-01,-3.870029750298388804e-01,-1.336449784609839764e+00,-5.106713843052256285e-01
1.397993089784662635e-01,1.028934901063426999e+00,1.646484905716410208e-01,-3.869422966043939982e-01,-1.336426288945582463e+00,-5.106380166705348778e-01
1.397739017712898157e-01,1.029044974753645869e+00,1.647793836989058791e-01,-3.868814484165628564e-01,-1.336402746918912587e+00,-5.106045186304943861e-01
1.397485303149334501e-01,1.029155047144624247e+00,1.649103329432179132e-01,-3.868204549620383736e-01,-1.336379167774556675e+00,-5.105709099611858148e-01
1.397231900241414637e-01,1.029265119498014247e+00,1.650413359076306485e-01,-3.867593370720542323e-01,-1.336355559372238710e+00,-5.105372074614370481e-01
1.396978770028586281e-01,1.029375192884762535e+00,1.651723905581266860e-01,-3.866981124596870489e-01,-1.336331928393063251e+00,-5.105034254030487162e-01
1.396725879406857662e-01,1.029485268214277660e+00,1.653034951692435306e-01,-3.866367961860158187e-01,-1.336308280516527613e+00,-5.104695759105353225e-01
1.396473200246585999e-01,1.029595346259331690e+00,1.654346482779220640e-01,-3.865754010575179755e-01,-1.336284620571159154e+00,-5.104356692848129873e-01
1.396220708648175379e-01,1.029705427676419038e+00,1.655658486437431576e-01,-3.865139379625959215e-01,-1.336260952661705748e+00,-5.104017142769136095e-01
1.395968384308245158e-01,1.029815513023303541e+00,1.656970952154818155e-01,-3.864524161586018192e-01,-1.336237280277775996e+00,-5.103677183224243352e-01
1.402826744403217751e-01,1.026571390738581169e+00,1.617611614298665734e-01,-3.882912868762158354e-01,-1.336858181183936400e+00,-5.108786934328860552e-01
1.402513611051969533e-01,1.026686548427306445e+00,1.618936421096412726e-01,-3.882563029452930636e-01,-1.336853941030624382e+00,-5.108676493992013734e-01
1.402204816253940500e-01,1.026799691411403925e+00,1.620234765415752565e-01,-3.882196470318944881e-01,-1.336843860934483263e+00,-5.108544984380608556e-01
1.401902215120756634e-01,1.026911767708293066e+00,1.621522965343064615e-01,-3.881803499919140310e-01,-1.336830321849856729e+00,-5.108388279143603050e-01
1.401606070383577818e-01,1.027023244199906316e+00,1.622808425879035954e-01,-3.881382277695396565e-01,-1.336814556717640601e+00,-5.108206720253983812e-01
1.401315982441154184e-01,1.027134357021437072e+00,1.624094376295882325e-01,-3.880934274282710761e-01,-1.336797238728671289e+00,-5.108002419659281035e-01
1.401031316365699830e-01,1.027245230681689936e+00,1.625382108903639378e-01,-3.880462180493294277e-01,-1.336778762519180930e+00,-5.107778033103771431e-01
1.400751392517022020e-01,1.027355934873170229e+00,1.626672033973576015e-01,-3.879968968229058901e-01,-1.336759379436833761e+00,-5.107536223801234510e-01
1.400475566887318668e-01,1.027466511686931261e+00,1.627964174313115409e-01,-3.879457489639854262e-01,-1.336739263327044291e+00,-5.107279446290595715e-01
1.400203260646714909e-01,1.027576988758251986e+00,1.629258395044160812e-01,-3.878930324838364418e-01,-1.336718543138614379e+00,-5.107009876125154779e-01
1.399933966901881488e-01,1.027687385705870593e+00,1.630554508578299644e-01,-3.878389741798738410e-01,-1.336697319592117905e+00,-5.106729403848028204e-01
1.399667247750458199e-01,1.027797717359320684e+00,1.631852321021242669e-01,-3.877837704627083437e-01,-1.336675674112508982e+00,-5.106439655272441147e-01
1.399402727637939214e-01,1.027907995440109135e+00,1.633151651343804633e-01,-3.877275900729530433e-01,-1.336653673945111365e+00,-5.106142020659232283e-01
1.399140085761899910e-01,1.028018229486468371e+00,1.634452338081609502e-01,-3.876705773466083138e-01,-1.336631375332419491e+00,-5.105837685214870136e-01
1.398879048704845807e-01,1.028128427397103417e+00,1.635754240453291541e-01,-3.876128554424063677e-01,-1.336608825655366983e+00,-5.105527657638100347e-01
1.398619383720559883e-01,1.028238595781482578e+00,1.637057237170951862e-01,-3.875545293054204476e-01,-1.336586064993269929e+00,-5.105212795608409238e-01
1.398360892802691657e-01,1.028348740207436052e+00,1.638361224452602183e-01,-3.874956882949152637e-01,-1.336563127331834355e+00,-5.104893828058287841e-01
1.398103407595253644e-01,1.028458865376324249e+00,1.639666113765172184e-01,-3.874364084586166546e-01,-1.336540041519337807e+00,-5.104571374335475920e-01
1.397846784950408094e-01,1.028568975271630492e+00,1.640971829784053093e-01,-3.873767545049491279e-01,-1.336516832067432103e+00,-5.104245960606388355e-01
1.397590903209599555e-01,1.028679073266352884e+00,1.642278308446401269e-01,-3.873167814766448336e-01,-1.336493519803410690e+00,-5.103918033859621284e-01
1.397335658948389847e-01,1.028789162224204246e+00,1.643585495346635283e-01,-3.872565361969819153e-01,-1.336470122434062269e+00,-5.103587973802437006e-01
1.397080964275629333e-01,1.028899244573279415e+00,1.644893344265416779e-01,-3.871960584884426293e-01,-1.336446655009500439e+00,-5.103256102988198428e-01
1.396826744491759809e-01,1.029009322374887070e+00,1.646201815965241400e-01,-3.871353822198239092e-01,-1.336423130324751352e+00,-5.102922695426079791e-01
1.396572936113570085e-01,1.029119397378928991e+00,1.647510877139692631e-01,-3.870745361944237795e-01,-1.336399559257402503e+00,-5.102587983888621226e-01
1.396319485190962717e-01,1.029229471071585023e+00,1.648820499527405281e-01,-3.870135449069526112e-01,-1.336375951055665423e+00,-5.102252166131906463e-01
1.396066345880642157e-01,1.029339544713984811e+00,1.650130659136594957e-01,-3.869524291860136356e-01,-1.336352313580322582e+00,-5.101915410139356011e-01
1.395813479222365039e-01,1.029449619377832414e+00,1.651441335617481743e-01,-3.868912067437512148e-01,-1.336328653514745612e+00,-5.101577858618544514e-01
1.395560852114604289e-01,1.029559695973273570e+00,1.652752511711921557e-01,-3.868298926405099869e-01,-1.336304976540950484e+00,-5.101239632829090986e-01
1.395308436435785948e-01,1.029669775272560095e+00,1.654064172775177310e-01,-3.867684996804731101e-01,-1.336281287487952829e+00,-5.100900835775686870e-01
1.395056208282934307e-01,1.029779857933118992e+00,1.655376306400375142e-01,-3.867070387523608987e-01,-1.336257590462444966e+00,-5.100561554964075928e-01
1.394804147357112667e-01,1.029889944512131450e+00,1.656688902060234336e-01,-3.866455191121212498e-01,-1.336233888953836324e+00,-5.100221864736684818e-01
1.401676513031957227e-01,1.026644171254093463e+00,1.617327002181722928e-01,-3.884806720111320666e-01,-1.336855150609987275e+00,-5.105380274848326794e-01
1.401363650426981078e-01,1.026759329872021675e+00,1.618651910441836206e-01,-3.884456858711777261e-01,-1.336850883186693428e+00,-5.105270119340310497e-01
1.401055123341910513e-01,1.026872474556286718e+00,1.619950367130219560e-01,-3.884090288703994087e-01,-1.336840776962506583e+00,-5.105138879808625019e-01
1.400752787712176151e-01,1.026984552759447666e+00,1.621238683639014966e-01,-3.883697316170614533e-01,-1.336827211832307238e+00,-5.104982439037256681e-01
1.400456906939960278e-01,1.027096031160490863e+00,1.622524262732743805e-01,-3.883276098052119707e-01,-1.336811420400099815e+00,-5.104801142645268852e-01
1.400167081895954957e-01,1.027207145830922652e+00,1.623810332993491368e-01,-3.882828103090690264e-01,-1.336794075785465274e+00,-5.104597103990968776e-01
1.399882677951635734e-01,1.027318021268717851e+00,1.625098186535443023e-01,-3.882356020825382115e-01,-1.336775572644247845e+00,-5.104372979322296944e-01
1.399603015670623229e-01,1.027428727171327161e+00,1.626388233553403839e-01,-3.881862822303323024e-01,-1.336756162366799838e+00,-5.104131432058114370e-01
1.399327451171617220e-01,1.027539305638371037e+00,1.627680496770143037e-01,-3.881351359113227040e-01,-1.336736018839822515e+00,-5.103874916744526313e-01
1.399055405720152911e-01,1.027649784313326764e+00,1.628974841223048975e-01,-3.880824210974072042e-01,-1.336715271048956932e+00,-5.103605608956723882e-01
1.398786372485050777e-01,1.027760182821873203e+00,1.630271079223405417e-01,-3.880283645594242437e-01,-1.336694019744534501e+00,-5.103325399225606684e-01
1.398519913609455323e-01,1.027870515999299350e+00,1.631569016778101067e-01,-3.879731626882481077e-01,-1.336672346375968434e+00,-5.103035913341431584e-01
1.398255653574404511e-01,1.027980795571947104e+00,1.632868472768826129e-01,-3.879169842095845921e-01,-1.336650318209225086e+00,-5.102738541557170215e-01
1.397993271608568289e-01,1.028091031081264983e+00,1.634169285642306235e-01,-3.878599734470683513e-01,-1.336627991502817414e+00,-5.102434469068460876e-01
1.397732494315758744e-01,1.028201230428990920e+00,1.635471314539976850e-01,-3.878022535500439405e-01,-1.336605413651392071e+00,-5.102124704551680434e-01
1.397473088963072096e-01,1.028311400228299366e+00,1.636774438120592312e-01,-3.877439294571382589e-01,-1.336582624747683523e+00,-5.101810105689510433e-01
1.397214857569321622e-01,1.028421546047823876e+00,1.638078552536759158e-01,-3.876850905192333330e-01,-1.336559658785894555e+00,-5.101491401412528992e-01
1.396957631784558340e-01,1.028531672591843193e+00,1.639383569216225633e-01,-3.876258127799687703e-01,-1.336536544624093770e+00,-5.101169211056721942e-01
1.396701268484265013e-01,1.028641783843384117e+00,1.640689412777450729e-01,-3.875661609408677100e-01,-1.336513306778746024e+00,-5.100844060787917966e-01
1.396445646003376950e-01,1.028751883178991688e+00,1.641996019138746155e-01,-3.875061900439422113e-01,-1.336489966085782299e+00,-5.100516397580323602e-01
1.396190660936961481e-01,1.028861973461724366e+00,1.643303333851651726e-01,-3.874459469069532203e-01,-1.336466540255208502e+00,-5.100186601141637466e-01
1.395936225397282349e-01,1.028972057121265937e+00,1.644611310677734917e-01,-3.873854713501930225e-01,-1.336443044342432884e+00,-5.099854994022234855e-01
1.395682264689860896e-01,1.029082136219644728e+00,1.645919910356485882e-01,-3.873247972403677242e-01,-1.336419491146136895e+00,-5.099521850225999797e-01
1.395428715335808312e-01,1.029192212507713089e+00,1.647229099566999144e-01,-3.872639533788614918e-01,-1.336395891547619508e+00,-5.099187402525093837e-01
1.395175523394651673e-01,1.029302287471170363e+00,1.648538850022650548e-01,-3.872029642575262609e-01,-1.336372254796438508e+00,-5.098851848669065934e-01
1.394922643019541886e-01,1.029412362372732703e+00,1.649849137727426585e-01,-3.871418507050797819e-01,-1.336348588757068523e+00,-5.098515356641107887e-01
1.394670035257416230e-01,1.029522438284213193e+00,1.651159942320906682e-01,-3.870806304317447322e-01,-1.336324900114847836e+00,-5.098178069158375569e-01
1.394417667012257944e-01,1.029632516115284169e+00,1.652471246526010795e-01,-3.870193184959735966e-01,-1.336301194552163230e+00,-5.097840107465636539e-01
1.394165510153672904e-01,1.029742596639942498e+00,1.653783035699407378e-01,-3.869579277032919040e-01,-1.336277476901026828e+00,-5.097501574558213067e-01
1.393913540788529470e-01,1.029852680514930841e+00,1.655095297422545242e-01,-3.868964689401237500e-01,-1.336253751268519752e+00,-5.097162557949649342e-01
1.393661738617366086e-01,1.029962768297957076e+00,1.656408021164693378e-01,-3.868349514622203555e-01,-1.336230021145445424e+00,-5.096823131983641009e-01
1.400546877014050284e-01,1.026715654871311223e+00,1.617046835876494171e-01,-3.886666638798110807e-01,-1.336852080980990509e+00,-5.102031887993161430e-01
1.400234280339278381e-01,1.026830814387254875e+00,1.618371843859236769e-01,-3.886316756266787187e-01,-1.336847786770720026e+00,-5.101922012356758795e-01
1.399926016222860226e-01,1.026943960726997673e+00,1.619670410998600152e-01,-3.885950176074890461e-01,-1.336837654880056458e+00,-5.101791038210311546e-01
1.399623941403344007e-01,1.027056040787798441e+00,1.620958842098920993e-01,-3.885557201887071543e-01,-1.336824064162270620e+00,-5.101634857282590918e-01
1.399328319940633114e-01,1.027167521048777177e+00,1.622244537721222457e-01,-3.885135988203454183e-01,-1.336808246890065499e+00,-5.101453818797452300e-01
1.399038753150010639e-01,1.027278637521710225e+00,1.623530725791736129e-01,-3.884688001944535118e-01,-1.336790876116653592e+00,-5.101250037484689193e-01
1.398754606716513804e-01,1.027389514691635419e+00,1.624818698221340285e-01,-3.884215931367690500e-01,-1.336772346515447518e+00,-5.101026170124428605e-01
1.398475201395345258e-01,1.027500222260556706e+00,1.626108865114137270e-01,-3.883722746689310945e-01,-1.336752909517058718e+00,-5.100784880276064692e-01
1.398199893437127583e-01,1.027610802336720530e+00,1.627401249123458515e-01,-3.883211298942162992e-01,-1.336732739050469521e+00,-5.100528622550176694e-01
1.397928104187054765e-01,1.027721282572107375e+00,1.628695715193950733e-01,-3.882684167485929150e-01,-1.336711964136859887e+00,-5.100259572502927607e-01
1.397659326881648401e-01,1.027831682599194218e+00,1.629992075545959596e-01,-3.882143619753595787e-01,-1.336690685556596980e+00,-5.099979620669029545e-01
1.397393123708601803e-01,1.027942017258617557e+00,1.631290136084901643e-01,-3.881591619464577203e-01,-1.336668984782706682e+00,-5.099690392820172002e-01
1.397129119182389800e-01,1.028052298281666443e+00,1.632589715606223846e-01,-3.881029853732171908e-01,-1.336646929101688919e+00,-5.099393279199937457e-01
1.396866992560026888e-01,1.028162535213394069e+00,1.633890652473810878e-01,-3.880459765676626538e-01,-1.336624574788547015e+00,-5.099089464993408205e-01
1.396606470469025640e-01,1.028272735958214223e+00,1.635192805752169187e-01,-3.879882586696573599e-01,-1.336601969251185906e+00,-5.098779958868581152e-01
1.396347320195121255e-01,1.028382907132177282e+00,1.636496054042228809e-01,-3.879299366101839897e-01,-1.336579152594722597e+00,-5.098465618507269648e-01
1.396089343771168556e-01,1.028493054305762877e+00,1.637800293436166010e-01,-3.878710997341233702e-01,-1.336556158822561180e+00,-5.098147172825149287e-01
1.395832372861899873e-01,1.028603182184871567e+00,1.639105435314451298e-01,-3.878118240794325988e-01,-1.336533016801045415e+00,-5.097825241153581821e-01
1.395576264353609597e-01,1.028713294754038055e+00,1.640411404255489314e-01,-3.877521743432333912e-01,-1.336509751053751138e+00,-5.097500349655422758e-01
1.395320896590032389e-01,1.028823395390906059e+00,1.641718136140304651e-01,-3.876922055638493680e-01,-1.336486382422308550e+00,-5.097172945294362600e-01
1.395066166174133149e-01,1.028933486959900057e+00,1.643025576496022766e-01,-3.876319645558933824e-01,-1.336462928622465851e+00,-5.096843407781675994e-01
1.394811985221843242e-01,1.029043571891904207e+00,1.644333679060529241e-01,-3.875714911376015315e-01,-1.336439404714264034e+00,-5.096512059661049143e-01
1.394558279049671612e-01,1.029153652249001683e+00,1.645642404547524584e-01,-3.875108191723175555e-01,-1.336415823499354616e+00,-5.096179174937437439e-01
1.394304984181477247e-01,1.029263729782903258e+00,1.646951719619058896e-01,-3.874499774599590718e-01,-1.336392195862402765e+00,-5.095844986379335362e-01
1.394052046677431711e-01,1.029373805980294820e+00,1.648261595975826777e-01,-3.873889904912917181e-01,-1.336368531056095543e+00,-5.095509691726985979e-01
1.393799420698380309e-01,1.029483882103780168e+00,1.649572009604911571e-01,-3.873278790928067483e-01,-1.336344836946582681e+00,-5.095173458965351898e-01
1.393547067294280961e-01,1.029593959225516109e+00,1.650882940134232035e-01,-3.872666609735423981e-01,-1.336321120221095171e+00,-5.094836430808903360e-01
1.393294953369663969e-01,1.029704038255558673e+00,1.652194370275729962e-01,-3.872053511912963986e-01,-1.336297386563549905e+00,-5.094498728493890294e-01
1.393043050800986393e-01,1.029814119967909392e+00,1.653506285379695018e-01,-3.871439625500324166e-01,-1.336273640807453589e+00,-5.094160455031795376e-01
1.392791335691220544e-01,1.029924205020087857e+00,1.654818673022088182e-01,-3.870825059364014775e-01,-1.336249887061418118e+00,-5.093821697921795399e-01
1.392539787743272139e-01,1.030034293970078174e+00,1.656131522668623235e-01,-3.870209906053917459e-01,-1.336226128817548098e+00,-5.093482531509432309e-01
1.399437283186477921e-01,1.026785913109997894e+00,1.616771594813432855e-01,-3.888493622965796259e-01,-1.336849050229292013e+00,-5.098741180525075967e-01
1.399124947784698703e-01,1.026901073490412042e+00,1.618096700769837137e-01,-3.888143719923956576e-01,-1.336844729693755784e+00,-5.098631579847907602e-01
1.398816942039396161e-01,1.027014221439567887e+00,1.619395376438989564e-01,-3.887777129950978905e-01,-1.336834572579943980e+00,-5.098500866446411539e-01
1.398515123469828425e-01,1.027126303308394606e+00,1.620683920133498546e-01,-3.887384154360733479e-01,-1.336820956715878195e+00,-5.098344940812553627e-01
1.398219756774288225e-01,1.027237785381426516e+00,1.621969730268101317e-01,-3.886962945265050595e-01,-1.336805114051297982e+00,-5.098164155698410305e-01
1.397930443725971805e-01,1.027348903608126252e+00,1.623256034095117428e-01,-3.886514967762803585e-01,-1.336787717569914991e+00,-5.097960627213822260e-01
1.397646550299300461e-01,1.027459782463116200e+00,1.624544123338510226e-01,-3.886042908881360836e-01,-1.336769161964519004e+00,-5.097737012622058916e-01
1.397367397443768366e-01,1.027570491652920692e+00,1.625834408022451272e-01,-3.885549738017978760e-01,-1.336749698706426681e+00,-5.097495975665913281e-01
1.397092341535950133e-01,1.027681073294012926e+00,1.627126910723498687e-01,-3.885038305662191771e-01,-1.336729501765135941e+00,-5.097239970991414015e-01
1.396820804010995287e-01,1.027791555045876493e+00,1.628421496296073023e-01,-3.884511190797939051e-01,-1.336708700196495903e+00,-5.096971174158149154e-01
1.396552278159537142e-01,1.027901956548478823e+00,1.629717976869111962e-01,-3.883970660613148551e-01,-1.336687394810563090e+00,-5.096691475682052497e-01
1.396286326213224127e-01,1.028012292648329717e+00,1.631016158258045967e-01,-3.883418678639322663e-01,-1.336665667104770527e+00,-5.096402501324014400e-01
1.396022572723043809e-01,1.028122575080782974e+00,1.632315859165819893e-01,-3.882856931842822434e-01,-1.336643584384734185e+00,-5.096105641318898760e-01
1.395760696979058413e-01,1.028232813393404221e+00,1.633616917865066132e-01,-3.882286863218561979e-01,-1.336621202940210251e+00,-5.095802080838335302e-01
1.395500425624567886e-01,1.028343015495050583e+00,1.634919193364142154e-01,-3.881709704088666668e-01,-1.336598570194889035e+00,-5.095492828554334386e-01
1.395241525966352814e-01,1.028453188003486840e+00,1.636222564193146045e-01,-3.881126503681979756e-01,-1.336575726264192188e+00,-5.095178742135222372e-01
1.394983800054867829e-01,1.028563336490599944e+00,1.637526926382978920e-01,-3.880538155379273935e-01,-1.336552705160180432e+00,-5.094860550482114281e-01
1.394727079558684968e-01,1.028673465665662645e+00,1.638832191282717232e-01,-3.879945419526935058e-01,-1.336529535759554577e+00,-5.094538872928174866e-01
1.394471221382551918e-01,1.028783579513573132e+00,1.640138283423552279e-01,-3.879348943037614350e-01,-1.336506242591700033e+00,-5.094214235634869636e-01
1.394216103877675972e-01,1.028893681413413086e+00,1.641445138653936653e-01,-3.878749276260192724e-01,-1.336482846504351896e+00,-5.093887085559202221e-01
1.393961623653997561e-01,1.029003774230554669e+00,1.642752702470011428e-01,-3.878146887311644808e-01,-1.336459365218062079e+00,-5.093557802405925816e-01
1.393707692838494216e-01,1.029113860395902913e+00,1.644060928577173175e-01,-3.877542174338136083e-01,-1.336435813796023053e+00,-5.093226708710686390e-01
1.393454236743960628e-01,1.029223941974259038e+00,1.645369777687918644e-01,-3.876935475970092471e-01,-1.336412205046296764e+00,-5.092894078486854825e-01
1.393201191907904313e-01,1.029334020716153431e+00,1.646679216429168813e-01,-3.876327080169715833e-01,-1.336388549854213403e+00,-5.092560144493054608e-01
1.392948504390453812e-01,1.029444098109328909e+00,1.647989216489837150e-01,-3.875717231836535714e-01,-1.336364857475648371e+00,-5.092225104463671270e-01
1.392696128358784091e-01,1.029554175416915962e+00,1.649299753848923189e-01,-3.875106139216824008e-01,-1.336341135779524292e+00,-5.091889126395952037e-01
1.392444024862838359e-01,1.029664253711352062e+00,1.650610808118260220e-01,-3.874493979393843213e-01,-1.336317391454411974e+00,-5.091552352986746799e-01
1.392192160808893575e-01,1.029774333903727745e+00,1.651922362010836975e-01,-3.873880902938634518e-01,-1.336293630187202597e+00,-5.091214905487270181e-01
1.391940508075813210e-01,1.029884416767460120e+00,1.653234400855798092e-01,-3.873267037878670993e-01,-1.336269856811088008e+00,-5.090876886881927632e-01
1.391689042772616403e-01,1.029994502960164704e+00,1.654546912225728639e-01,-3.872652493068089452e-01,-1.336246075436175573e+00,-5.090538384690911355e-01
1.391437744599651749e-01,1.030104593040640948e+00,1.655859885585339031e-01,-3.872037361058169314e-01,-1.336222289556308063e+00,-5.090199473253785856e-01
1.398347328892693975e-01,1.026854975600068887e+00,1.616501282563348463e-01,-3.890288347431704596e-01,-1.336846070994450519e+00,-5.095507205912437332e-01
1.398035250201467572e-01,1.026970136812701773e+00,1.617826484777008522e-01,-3.889938424428829866e-01,-1.336841724585970281e+00,-5.095397875362869256e-01
1.397727498303473481e-01,1.027083286326773370e+00,1.619125267068182716e-01,-3.889571825052193232e-01,-1.336831542681501173e+00,-5.095267418076127042e-01
1.397425931503919472e-01,1.027195369956152682e+00,1.620413921391509193e-01,-3.889178848276364509e-01,-1.336817902103770717e+00,-5.095111743227599410e-01
1.397130815129735970e-01,1.027306853792566699e+00,1.621699844030629611e-01,-3.888757643867961633e-01,-1.336802034482401424e+00,-5.094931207025780173e-01
1.396841751387461472e-01,1.027417973727034139e+00,1.622986261599009550e-01,-3.888309675161867318e-01,-1.336784612736240829e+00,-5.094727926909907723e-01
1.396558106552192591e-01,1.027528854221216426e+00,1.624274465615372087e-01,-3.887837627952965835e-01,-1.336766031573953351e+00,-5.094504560647019620e-01
1.396279201752162191e-01,1.027639564987314902e+00,1.625564866029430289e-01,-3.887344470850105926e-01,-1.336746542507627922e+00,-5.094263772120850575e-01
1.396004393489840845e-01,1.027750148150067488e+00,1.626857485348119081e-01,-3.886833053808376182e-01,-1.336726319547265396e+00,-5.094008016034887731e-01
1.395733103285040910e-01,1.027860631376729561e+00,1.628152188339063167e-01,-3.886305955449876337e-01,-1.336705491783161781e+00,-5.093739467947053789e-01
1.395464824492738121e-01,1.027971034313376775e+00,1.629448787035346347e-01,-3.885765442699495309e-01,-1.336684160053395187e+00,-5.093460018367618192e-01
1.395199119388186582e-01,1.028081371811858880e+00,1.630747087157803643e-01,-3.885213478902938555e-01,-1.336662405878578763e+00,-5.093171293039713277e-01
1.394935612554384641e-01,1.028191655612203714e+00,1.632046907324611884e-01,-3.884651750890990018e-01,-1.336640296584028498e+00,-5.092874682192038982e-01
1.394673983306899123e-01,1.028301895265842480e+00,1.633348085732058974e-01,-3.884081701548903753e-01,-1.336617888475893245e+00,-5.092571370985878865e-01
1.394413958311546131e-01,1.028412098684015730e+00,1.634650481310664372e-01,-3.883504562107123470e-01,-1.336595228990270501e+00,-5.092262368075729517e-01
1.394155304893149316e-01,1.028522272487059297e+00,1.635953972531671297e-01,-3.882921381721152199e-01,-1.336572358254124460e+00,-5.091948531127789002e-01
1.393897825112557498e-01,1.028632422249631473e+00,1.637258455379191902e-01,-3.882333053720042892e-01,-1.336549310289969483e+00,-5.091630589037378085e-01
1.393641350660572154e-01,1.028742552681181532e+00,1.638563841145008471e-01,-3.881740338381018951e-01,-1.336526113980794017e+00,-5.091309161137099748e-01
1.393385738442020350e-01,1.028852667769443396e+00,1.639870054330405669e-01,-3.881143882592374417e-01,-1.336502793864271954e+00,-5.090984773569909860e-01
1.393130866825969816e-01,1.028962770893623757e+00,1.641177030744739307e-01,-3.880544236651030654e-01,-1.336479370792952315e+00,-5.090657873304132996e-01
1.392876632425927297e-01,1.029072864920539843e+00,1.642484715857560895e-01,-3.879941868649873227e-01,-1.336455862492676561e+00,-5.090328840030742263e-01
1.392622947374102804e-01,1.029182952282348795e+00,1.643793063355053485e-01,-3.879337176713881785e-01,-1.336432284031521478e+00,-5.089997996293506022e-01
1.392369736994628071e-01,1.029293035043325588e+00,1.645102033916602535e-01,-3.878730499437996193e-01,-1.336408648219378437e+00,-5.089665616091432199e-01
1.392116937823355549e-01,1.029403114955746767e+00,1.646411594161707181e-01,-3.878122124778446422e-01,-1.336384965946067371e+00,-5.089331932182930007e-01
1.391864495925524137e-01,1.029513193507812341e+00,1.647721715764736139e-01,-3.877512297615816617e-01,-1.336361246470067821e+00,-5.088997142300473175e-01
1.391612365469814538e-01,1.029623271963033604e+00,1.649032374688985669e-01,-3.876901226186866833e-01,-1.336337497662198226e+00,-5.088661414431709940e-01
1.391360507515317368e-01,1.029733351393687046e+00,1.650343550534928705e-01,-3.876289087552444723e-01,-1.336313726212643882e+00,-5.088324891288199536e-01
1.391108888964831536e-01,1.029843432711679663e+00,1.651655226007016086e-01,-3.875676032284136596e-01,-1.336289937810158479e+00,-5.087987694103898173e-01
1.390857481704018128e-01,1.029953516690697457e+00,1.652967386432521169e-01,-3.875062188394133855e-01,-1.336266137289912947e+00,-5.087649925885682212e-01
1.390606261839899271e-01,1.030063603988365051e+00,1.654280019369289700e-01,-3.874447664733958185e-01,-1.336242328762239806e+00,-5.087311674125896133e-01
1.390355209076577225e-01,1.030173695163720371e+00,1.655593114279972355e-01,-3.873832553846010551e-01,-1.336218515722351619e+00,-5.086973013177727987e-01
1.397276643736126700e-01,1.026922864379932632e+00,1.616235821414015728e-01,-3.892051420846220910e-01,-1.336843144555261542e+00,-5.092328971203142762e-01
1.396964817273151083e-01,1.027038026393451986e+00,1.617561118190995739e-01,-3.891701478417441407e-01,-1.336838772717067636e+00,-5.092219906024787468e-01
1.396657314795971827e-01,1.027151177429248774e+00,1.618860005247230727e-01,-3.891334869974542587e-01,-1.336828566448374556e+00,-5.092089700369969441e-01
1.396355995376594161e-01,1.027263262772597496e+00,1.620148768270549267e-01,-3.890941892201996155e-01,-1.336814901581870219e+00,-5.091934271903666431e-01
1.396061124955825239e-01,1.027374748325906584e+00,1.621434801449437579e-01,-3.890520692573753436e-01,-1.336799009432646290e+00,-5.091753980230191434e-01
1.395772306175203648e-01,1.027485869921593409e+00,1.622721330763276237e-01,-3.890072732677073430e-01,-1.336781562854698624e+00,-5.091550944118157229e-01
1.395488905586769746e-01,1.027596752011799452e+00,1.624009647556642066e-01,-3.889600697126635587e-01,-1.336762956576262207e+00,-5.091327821811826304e-01
1.395210244514132614e-01,1.027707464311312879e+00,1.625300161683841949e-01,-3.889107553721884436e-01,-1.336743442146097527e+00,-5.091087277357847496e-01
1.394935679574565712e-01,1.027818048953737184e+00,1.626592895584303422e-01,-3.888596151907859344e-01,-1.336723193614409722e+00,-5.090831765489662875e-01
1.394664632373335267e-01,1.027928533613990947e+00,1.627887713943588777e-01,-3.888069069947121537e-01,-1.336702340105626829e+00,-5.090563461774828546e-01
1.394396596330103599e-01,1.028038937943664521e+00,1.629184428694889497e-01,-3.887528574503483214e-01,-1.336680982484616642e+00,-5.090284256714635580e-01
1.394131133758648167e-01,1.028149276800612633e+00,1.630482845472822906e-01,-3.886976628749281848e-01,-1.336659202295773730e+00,-5.089995776035233233e-01
1.393867869274246218e-01,1.028259561929440125e+00,1.631782782812660204e-01,-3.886414919377759736e-01,-1.336637066883721969e+00,-5.089699409957200160e-01
1.393606482212797482e-01,1.028369802885839235e+00,1.633084078837541420e-01,-3.885844889178031170e-01,-1.336614632571160088e+00,-5.089396343628873609e-01
1.393346699274179423e-01,1.028480007582166511e+00,1.634386592396698534e-01,-3.885267769266419480e-01,-1.336591946805351538e+00,-5.089087585703714334e-01
1.393088287794672087e-01,1.028590182641796691e+00,1.635690201904114460e-01,-3.884684608739377154e-01,-1.336569049724914526e+00,-5.088773993835394860e-01
1.392831049851226410e-01,1.028700333641636488e+00,1.636994803297678880e-01,-3.884096300863757456e-01,-1.336545975362404715e+00,-5.088456296924370736e-01
1.392574817143790722e-01,1.028810465292826937e+00,1.638300307820819701e-01,-3.883503605871243547e-01,-1.336522752608338083e+00,-5.088135114285124994e-01
1.392319446591755439e-01,1.028920581583983473e+00,1.639606639933703092e-01,-3.882907170600953806e-01,-1.336499406006643964e+00,-5.087810972062155601e-01
1.392064816571166874e-01,1.029030685895810704e+00,1.640913735415784336e-01,-3.882307545317806308e-01,-1.336475956416008914e+00,-5.087484317219170826e-01
1.391810823702112898e-01,1.029140781096096857e+00,1.642221539707254263e-01,-3.881705198085729780e-01,-1.336452421566962423e+00,-5.087155529438628365e-01
1.391557380119492759e-01,1.029250869618539621e+00,1.643530006477094685e-01,-3.881100527011753787e-01,-1.336428816532656993e+00,-5.086824931263608240e-01
1.391304411159731413e-01,1.029360953527003630e+00,1.644839096375250720e-01,-3.880493870654298516e-01,-1.336405154125102079e+00,-5.086492796688549811e-01
1.391051853361660595e-01,1.029471034574595212e+00,1.646148776005723346e-01,-3.879885516954795222e-01,-1.336381445237400989e+00,-5.086159358469217739e-01
1.390799652795811636e-01,1.029581114249773499e+00,1.647459017026325634e-01,-3.879275710777596031e-01,-1.336357699130309662e+00,-5.085824814341877165e-01
1.390547763631474754e-01,1.029691193817058092e+00,1.648769795393475457e-01,-3.878664660350324422e-01,-1.336333923677575530e+00,-5.085489332291922571e-01
1.390296146927153531e-01,1.029801274349284146e+00,1.650081090695997843e-01,-3.878052542728241958e-01,-1.336310125571236629e+00,-5.085153055015251278e-01
1.390044769594069585e-01,1.029911356757842178e+00,1.651392885623679807e-01,-3.877439508461373863e-01,-1.336286310500666819e+00,-5.084816103751428340e-01
1.389793603517567588e-01,1.030021441817196903e+00,1.652705165501590079e-01,-3.876825685560098544e-01,-1.336262483303179316e+00,-5.084478581512119622e-01
1.389542624808133842e-01,1.030131530184883459e+00,1.654017917878181920e-01,-3.876211182864064964e-01,-1.336238648089819847e+00,-5.084140575782778448e-01
1.389291813172912060e-01,1.030241622419624026e+00,1.655331132204696243e-01,-3.875596092906961609e-01,-1.336214808355977945e+00,-5.083802160912177515e-01
1.396224869659242751e-01,1.026989599894359673e+00,1.615975122360491789e-01,-3.893783429570628063e-01,-1.336840270369005879e+00,-5.089205494357786907e-01
1.395913291010870694e-01,1.027104762680062899e+00,1.617300512045475591e-01,-3.893433468255012575e-01,-1.336835873537928654e+00,-5.089096689853378486e-01
1.395606033606248964e-01,1.027217915195158815e+00,1.618599502031504989e-01,-3.893066851067925604e-01,-1.336825643322449908e+00,-5.088966731397399634e-01
1.395304957254667744e-01,1.027330002207069715e+00,1.619888371855209841e-01,-3.892673872482412811e-01,-1.336811954583918771e+00,-5.088811544986560076e-01
1.395010328497878205e-01,1.027441489432592281e+00,1.621174513650398552e-01,-3.892252677719905130e-01,-1.336796038328904590e+00,-5.088631493548312346e-01
1.394721750401584914e-01,1.027552612646547514e+00,1.622461152769861525e-01,-3.891804726657796532e-01,-1.336778567347360225e+00,-5.088428697149528501e-01
1.394438589805492290e-01,1.027663496288924616e+00,1.623749580362952583e-01,-3.891332702723766523e-01,-1.336759936383257186e+00,-5.088205814511358449e-01
1.394160168203872063e-01,1.027774210080667272e+00,1.625040206220597083e-01,-3.890839572960360093e-01,-1.336740397025793170e+00,-5.087965509829383004e-01
1.393885842346290482e-01,1.027884796161394609e+00,1.626333052697724324e-01,-3.890328186275504030e-01,-1.336720123361774260e+00,-5.087710237889351284e-01
1.393615033915317492e-01,1.027995282214403172e+00,1.627627984404427797e-01,-3.889801120590277717e-01,-1.336699244550031640e+00,-5.087442174256940897e-01
1.393347236386177912e-01,1.028105687897778564e+00,1.628924813182832942e-01,-3.889260642326825002e-01,-1.336677861482888252e+00,-5.087163209415827003e-01
1.393082012110886669e-01,1.028216028075638055e+00,1.630223344589032397e-01,-3.888708714487601470e-01,-1.336656055728861814e+00,-5.086874969088954757e-01
1.392818985746774874e-01,1.028326314495101590e+00,1.631523397058582125e-01,-3.888147023610412645e-01,-1.336633894648962428e+00,-5.086578843483090528e-01
1.392557836653049719e-01,1.028436556715696115e+00,1.632824808641006042e-01,-3.887577012381494557e-01,-1.336611434581755464e+00,-5.086276017735716914e-01
1.392298291545205624e-01,1.028546762653423707e+00,1.634127438124216847e-01,-3.886999911842756172e-01,-1.336588722988449884e+00,-5.085967500493202564e-01
1.392040117779239083e-01,1.028656938933718124e+00,1.635431163861402193e-01,-3.886416771014061244e-01,-1.336565800018217232e+00,-5.085654149404177371e-01
1.391783117449162110e-01,1.028767091134844991e+00,1.636735881733232256e-01,-3.885828483097788499e-01,-1.336542699711959825e+00,-5.085336693359140403e-01
1.391527122268642613e-01,1.028877223969439036e+00,1.638041502939160676e-01,-3.885235808274735692e-01,-1.336519450967935452e+00,-5.085015751673979123e-01
1.391271989162359002e-01,1.028987341428167834e+00,1.639347951906115208e-01,-3.884639393350660663e-01,-1.336496078337352511e+00,-5.084691850481806163e-01
1.391017596518492883e-01,1.029097446892385026e+00,1.640655164377902431e-01,-3.884039788549860650e-01,-1.336472602683988820e+00,-5.084365436746740574e-01
1.390763840962686015e-01,1.029207543231153821e+00,1.641963085769767572e-01,-3.883437461909821087e-01,-1.336449041743494437e+00,-5.084036890147076715e-01
1.390510634641144438e-01,1.029317632878173461e+00,1.643271669720542116e-01,-3.882832811501097936e-01,-1.336425410592054774e+00,-5.083706533219661816e-01
1.390257902888491770e-01,1.029427717899003447e+00,1.644580876867542119e-01,-3.882226175876772878e-01,-1.336401722046307361e+00,-5.083374639956298457e-01
1.390005582250133376e-01,1.029537800047068963e+00,1.645890673795970538e-01,-3.881617842954654396e-01,-1.336377987001956091e+00,-5.083041443108526902e-01
1.389753618800867729e-01,1.029647880811382255e+00,1.647201032150686917e-01,-3.881008057583331117e-01,-1.336354214722443201e+00,-5.082707140414088887e-01
1.389501966716093218e-01,1.029757961456093884e+00,1.648511927867054305e-01,-3.880397027971437263e-01,-1.336330413082454260e+00,-5.082371899848928676e-01
1.389250587056583552e-01,1.029868043055053528e+00,1.649823340533226879e-01,-3.879784931165942141e-01,-1.336306588777069537e+00,-5.082035864125573621e-01
1.388999446732128162e-01,1.029978126520310289e+00,1.651135252831072153e-01,-3.879171917713856166e-01,-1.336282747497473666e+00,-5.081699154470993296e-01
1.388748517633200119e-01,1.030088212625635213e+00,1.652447650066975471e-01,-3.878558115609538337e-01,-1.336258894080748050e+00,-5.081361873882291880e-01
1.388497775870205231e-01,1.030198302029616153e+00,1.653760519794062467e-01,-3.877943633691794956e-01,-1.336235032640527898e+00,-5.081024109862087856e-01
1.388247201148180288e-01,1.030308395291814838e+00,1.655073851464100021e-01,-3.877328564496119179e-01,-1.336211166674026618e+00,-5.080685936760662713e-01
1.395191654948378934e-01,1.027055202135693346e+00,1.615719095704520325e-01,-3.895484949290168863e-01,-1.336837447601420648e+00,-5.086135805274215604e-01
1.394880319797863477e-01,1.027170365664218599e+00,1.617044576666101519e-01,-3.895134969581697248e-01,-1.336833026205316743e+00,-5.086027256869719571e-01
1.394573303199084235e-01,1.027283519617664398e+00,1.618343667786371620e-01,-3.894768343958881496e-01,-1.336822772453900798e+00,-5.085897541282796697e-01
1.394272465674720463e-01,1.027395608254901394e+00,1.619632642550099533e-01,-3.894375364743820622e-01,-1.336809060253565162e+00,-5.085742592661349759e-01
1.393978074371014231e-01,1.027507097108838918e+00,1.620918891067078815e-01,-3.893954174924409983e-01,-1.336793120306690508e+00,-5.085562777238794574e-01
1.393689732770961032e-01,1.027618221897353301e+00,1.622205638069953992e-01,-3.893506232695368996e-01,-1.336775625339670315e+00,-5.085360216347636353e-01
1.393406807977734529e-01,1.027729107051437829e+00,1.623494174538831214e-01,-3.893034220352279973e-01,-1.336756970115328125e+00,-5.085137569161818361e-01
1.393128621677162116e-01,1.027839822294651206e+00,1.624784910178461717e-01,-3.892541104152339448e-01,-1.336737406258908578e+00,-5.084897500051941410e-01
1.392854530735788132e-01,1.027950409774236906e+00,1.626077867271548405e-01,-3.892029732497936378e-01,-1.336717107894912493e+00,-5.084642463833743964e-01
1.392583956913626131e-01,1.028060897181055200e+00,1.627372910345432078e-01,-3.891502682971818006e-01,-1.336696204214825157e+00,-5.084374636066563147e-01
1.392316393735449631e-01,1.028171304181165535e+00,1.628669851171559158e-01,-3.890962221769316276e-01,-1.336674796140461918e+00,-5.084095907231803713e-01
1.392051403605291116e-01,1.028281645641858644e+00,1.629968495199889400e-01,-3.890410311696554935e-01,-1.336652965259946368e+00,-5.083807903037227405e-01
1.391788611210125481e-01,1.028391933315114137e+00,1.631268660791101444e-01,-3.889848639161910815e-01,-1.336630778953665999e+00,-5.083512013683905151e-01
1.391527695933546527e-01,1.028502176763750553e+00,1.632570185916924210e-01,-3.889278646748706714e-01,-1.336608293575051842e+00,-5.083209424297503443e-01
1.391268384510986333e-01,1.028612383906823524e+00,1.633872929302102872e-01,-3.888701565414982575e-01,-1.336585556598467450e+00,-5.082901143518934184e-01
1.391010444317986039e-01,1.028722561371581579e+00,1.635176769237130512e-01,-3.888118444105270188e-01,-1.336562608183095913e+00,-5.082588028988197504e-01
1.390753677462432947e-01,1.028832714738006748e+00,1.636481601549083786e-01,-3.887530175965312473e-01,-1.336539482378457100e+00,-5.082270809586615368e-01
1.390497915664346829e-01,1.028942848721240200e+00,1.637787337401446219e-01,-3.886937521137517892e-01,-1.336516208091533375e+00,-5.081950104620652775e-01
1.390243015866326481e-01,1.029052967312238609e+00,1.639093901177237911e-01,-3.886341126372133137e-01,-1.336492809878904398e+00,-5.081626440228160790e-01
1.389988856460549482e-01,1.029163073894164837e+00,1.640401228593763305e-01,-3.885741541868057425e-01,-1.336469308610634954e+00,-5.081300263367407588e-01
1.389735334082099483e-01,1.029273171336712478e+00,1.641709265036889465e-01,-3.885139235628778387e-01,-1.336445722026683214e+00,-5.080971953712772882e-01
1.389482360880820999e-01,1.029383262074679450e+00,1.643017964124144359e-01,-3.884534605705578514e-01,-1.336422065207538923e+00,-5.080641833794826701e-01
1.389229862199941601e-01,1.029493348173882827e+00,1.644327286470667615e-01,-3.883927990623524673e-01,-1.336398350972758386e+00,-5.080310177606672806e-01
1.388977774586681035e-01,1.029603431388798951e+00,1.645637198649434196e-01,-3.883319678288977284e-01,-1.336374590221592884e+00,-5.079977217900487618e-01
1.388726044119769076e-01,1.029713513208838638e+00,1.646947672289902631e-01,-3.882709913534424517e-01,-1.336350792219781924e+00,-5.079643152407856688e-01
1.388474624980507721e-01,1.029823594898196859e+00,1.648258683312811002e-01,-3.882098904549269314e-01,-1.336326964843675524e+00,-5.079308149101817715e-01
1.388223478225694418e-01,1.029933677531814862e+00,1.649570211299574152e-01,-3.881486828383339249e-01,-1.336303114790777125e+00,-5.078972350687693815e-01
1.387972570775540815e-01,1.030043762020949938e+00,1.650882238916327738e-01,-3.880873835558705798e-01,-1.336279247752676813e+00,-5.078635878395861836e-01
1.387721874517868492e-01,1.030153849140505340e+00,1.652194751470086043e-01,-3.880260054070570619e-01,-1.336255368568880497e+00,-5.078298835224254182e-01
1.387471365565792758e-01,1.030263939549124874e+00,1.653507736506638626e-01,-3.879645592750049499e-01,-1.336231481353974182e+00,-5.077961308677391150e-01
1.387221023627708827e-01,1.030374033805802503e+00,1.654821183462929224e-01,-3.879030544121110369e-01,-1.336207589604830881e+00,-5.077623373090123238e-01
1.394176656063291220e-01,1.027119690530193363e+00,1.615467651607385979e-01,-3.897156542031112725e-01,-1.336834675146038931e+00,-5.083118951529290719e-01
1.393865560159559258e-01,1.027234854774587536e+00,1.616793222249737760e-01,-3.896806544429685104e-01,-1.336830229606330134e+00,-5.083010654706707765e-01
1.393558780160629451e-01,1.027348010127952405e+00,1.618092412741017616e-01,-3.896439910697915288e-01,-1.336819952723075522e+00,-5.082881177700365738e-01
1.393258177306504197e-01,1.027460100347470817e+00,1.619381490609932139e-01,-3.896046931018316561e-01,-1.336806217462712221e+00,-5.082726462695528191e-01
1.392964019323786329e-01,1.027571590786877653e+00,1.620667843984997525e-01,-3.895625746207309059e-01,-1.336790254230082908e+00,-5.082546879146916385e-01
1.392675910098539749e-01,1.027682717108582056e+00,1.621954696989043043e-01,-3.895177812818989560e-01,-1.336772735689250924e+00,-5.082344549615988027e-01
1.392393217007139028e-01,1.027793603733306860e+00,1.623243340431645698e-01,-3.894705812013055657e-01,-1.336754056620592657e+00,-5.082122133755661020e-01
1.392115261910235047e-01,1.027904320388239867e+00,1.624534183933167286e-01,-3.894212709298769948e-01,-1.336734468685220500e+00,-5.081882296077449013e-01
1.391841401791182598e-01,1.028014909228504914e+00,1.625827249713791001e-01,-3.893701352579136965e-01,-1.336714146045657969e+00,-5.081627491444410394e-01
1.391571058485820411e-01,1.028125397952704967e+00,1.627122402224069064e-01,-3.893174319104008019e-01,-1.336693217926047783e+00,-5.081359895409495175e-01
1.391303725581813089e-01,1.028235806231753147e+00,1.628419453136675243e-01,-3.892633874817161277e-01,-1.336671785273041868e+00,-5.081081398442147679e-01
1.391038965521902704e-01,1.028346148938662274e+00,1.629718207822967446e-01,-3.892081982357071812e-01,-1.336649929697663941e+00,-5.080793626245417860e-01
1.390776403017105201e-01,1.028456437830038261e+00,1.631018484561618243e-01,-3.891520328014816399e-01,-1.336627718598401016e+00,-5.080497968996128266e-01
1.390515717482358193e-01,1.028566682471609983e+00,1.632320121251749356e-01,-3.890950354257555199e-01,-1.336605208343575546e+00,-5.080195611823102864e-01
1.390256635676061503e-01,1.028676890784558040e+00,1.633622976546484085e-01,-3.890373291954202783e-01,-1.336582446419142478e+00,-5.079887563357655678e-01
1.389998924984346684e-01,1.028787069399266896e+00,1.634926928685523639e-01,-3.889790189993100888e-01,-1.336559472995787257e+00,-5.079574681229360733e-01
1.389742387531716916e-01,1.028897223897303537e+00,1.636231873445146701e-01,-3.889201941458026446e-01,-1.336536322131612220e+00,-5.079257694319179173e-01
1.389486855053935765e-01,1.029007358994906474e+00,1.637537721943829738e-01,-3.888609306435668045e-01,-1.336513022740663192e+00,-5.078937221932002810e-01
1.389232184495721167e-01,1.029117478685160014e+00,1.638844398531439095e-01,-3.888012931651425030e-01,-1.336489599386539551e+00,-5.078613790190146249e-01
1.388978254262235312e-01,1.029227586351813883e+00,1.640151838891543146e-01,-3.887413367260899588e-01,-1.336466072944221928e+00,-5.078287846052801369e-01
1.388724960996257640e-01,1.029337684865269331e+00,1.641459988380671031e-01,-3.886811081237581122e-01,-1.336442461157907102e+00,-5.077959769187089245e-01
1.388472216853788299e-01,1.029447776661208236e+00,1.642768800595382495e-01,-3.886206471608589230e-01,-1.336418779112183985e+00,-5.077629882124520266e-01
1.388219947181340008e-01,1.029557863806372486e+00,1.644078236133472426e-01,-3.885599876882543935e-01,-1.336395039630253079e+00,-5.077298458854642149e-01
1.387968088534470290e-01,1.029667948055376314e+00,1.645388261549710907e-01,-3.884991584940758469e-01,-1.336371253613842347e+00,-5.076965732133701392e-01
1.387716586989711509e-01,1.029778030898644836e+00,1.646698848460566023e-01,-3.884381840609513192e-01,-1.336347430331370045e+00,-5.076631899672593429e-01
1.387465396731718537e-01,1.029888113601120203e+00,1.648009972780926091e-01,-3.883770852069211577e-01,-1.336323577662038575e+00,-5.076297129461346813e-01
1.387214478828825426e-01,1.029998197236718038e+00,1.649321614071385667e-01,-3.883158796339662988e-01,-1.336299702303450188e+00,-5.075961564201272314e-01
1.386963800196931718e-01,1.030108282717720369e+00,1.650633754992935909e-01,-3.882545823946389474e-01,-1.336275809949296178e+00,-5.075625325112793629e-01
1.386713332724016923e-01,1.030218370819850238e+00,1.651946380852190865e-01,-3.881932062881189305e-01,-1.336251905441293353e+00,-5.075288515199471995e-01
1.386463052525390982e-01,1.030328462201363759e+00,1.653259479180096969e-01,-3.881317621966591247e-01,-1.336227992893994188e+00,-5.074951221951344849e-01
1.386212939317276738e-01,1.030438557421001544e+00,1.654573039409482360e-01,-3.880702593709233761e-01,-1.336204075805134561e+00,-5.074613519719778365e-01
1.393179536745143277e-01,1.027183084255151924e+00,1.615220704040138955e-01,-3.898798758227298156e-01,-1.336831952155351999e+00,-5.080154002332293306e-01
1.392868675932059097e-01,1.027298249187596824e+00,1.616546362790066138e-01,-3.898448743187529208e-01,-1.336827482884789919e+00,-5.080045952697375133e-01
1.392562128427261570e-01,1.027411405900621189e+00,1.617845650903862731e-01,-3.898082101617119655e-01,-1.336817183263857123e+00,-5.079916710093097532e-01
1.392261756160663444e-01,1.027523497661280372e+00,1.619134830085159904e-01,-3.897689121628234998e-01,-1.336803425339381013e+00,-5.079762224609103427e-01
1.391967827432854243e-01,1.027634989645685115e+00,1.620421286496799840e-01,-3.897267941898939769e-01,-1.336787439221319485e+00,-5.079582868857225320e-01
1.391679946537203172e-01,1.027746117460999198e+00,1.621708243665389848e-01,-3.896820017354724053e-01,-1.336769897512591010e+00,-5.079380766646666157e-01
1.391397481115928814e-01,1.027857005516984001e+00,1.622996992215831602e-01,-3.896348028037508460e-01,-1.336751195008671012e+00,-5.079158578057335616e-01
1.391119753201560116e-01,1.027967723545339052e+00,1.624287941700816307e-01,-3.895854938723283811e-01,-1.336731583407827051e+00,-5.078918967760900349e-01
1.390846119885238152e-01,1.028078313709241076e+00,1.625581114275341243e-01,-3.895343596836169930e-01,-1.336711236909645217e+00,-5.078664390646293603e-01
1.390576003087059254e-01,1.028188803713611543e+00,1.626876374306623629e-01,-3.894816579282841529e-01,-1.336690284769115111e+00,-5.078397022277049144e-01
1.390308896441865005e-01,1.028299213236558263e+00,1.628173533390333549e-01,-3.894276151787653961e-01,-1.336668827960265649e+00,-5.078118753104265970e-01
1.390044362438508929e-01,1.028409557155287146e+00,1.629472396807930268e-01,-3.893724276807352114e-01,-1.336646948114719846e+00,-5.077831208825523968e-01
1.389782025821084399e-01,1.028519847230344508e+00,1.630772782759631889e-01,-3.893162640499776006e-01,-1.336624712648773583e+00,-5.077535779612247779e-01
1.389521566029946198e-01,1.028630093030406645e+00,1.632074529068159863e-01,-3.892592685229227523e-01,-1.336602177944889558e+00,-5.077233650584772606e-01
1.389262709835338838e-01,1.028740302480388058e+00,1.633377494328847324e-01,-3.892015641797099690e-01,-1.336579391502330294e+00,-5.076925830356520120e-01
1.389005224649114967e-01,1.028850482211620676e+00,1.634681556716831019e-01,-3.891432559007284575e-01,-1.336556393500746509e+00,-5.076613176561358687e-01
1.388748912606241337e-01,1.028960637808059353e+00,1.635986611964315163e-01,-3.890844329893520248e-01,-1.336533218007608825e+00,-5.076296418072433481e-01
1.388493605452471025e-01,1.029070773987322829e+00,1.637292571143547926e-01,-3.890251714497648394e-01,-1.336509893943806926e+00,-5.075976174178327138e-01
1.388239160143166784e-01,1.029180894744043728e+00,1.638599358573815390e-01,-3.889655359505279630e-01,-1.336486445879825569e+00,-5.075652971009698700e-01
1.387985455092171361e-01,1.029291003462823761e+00,1.639906909904902399e-01,-3.889055815036702723e-01,-1.336462894695546133e+00,-5.075327255513752966e-01
1.387732386948934415e-01,1.029401103015207930e+00,1.641215170470533002e-01,-3.888453549039338486e-01,-1.336439258140097230e+00,-5.074999407362896786e-01
1.387479867876561246e-01,1.029511195837313542e+00,1.642524093841030708e-01,-3.887848959512772984e-01,-1.336415551301352922e+00,-5.074669749079464554e-01
1.387227823225193613e-01,1.029621283996914549e+00,1.643833640599534074e-01,-3.887242384948630392e-01,-1.336391787006381282e+00,-5.074338554652818578e-01
1.386976189552111272e-01,1.029731369249275108e+00,1.645143777283057385e-01,-3.886634113215314268e-01,-1.336367976159550830e+00,-5.074006056827958799e-01
1.386724912945467014e-01,1.029841453084470393e+00,1.646454475491458402e-01,-3.886024389110668831e-01,-1.336344128031048406e+00,-5.073672453330452248e-01
1.386473947586361610e-01,1.029951536768537901e+00,1.647765711130649013e-01,-3.885413420813904617e-01,-1.336320250502610163e+00,-5.073337912133536465e-01
1.386223254546480044e-01,1.030061621375457648e+00,1.649077463747960770e-01,-3.884801385332548596e-01,-1.336296350273122657e+00,-5.073002575932609171e-01
1.385972800744772193e-01,1.030171707818123616e+00,1.650389716002161056e-01,-3.884188433183168865e-01,-1.336272433038492080e+00,-5.072666565961512219e-01
1.385722558072256250e-01,1.030281796872044575e+00,1.651702453186997266e-01,-3.883574692347162016e-01,-1.336248503640940832e+00,-5.072329985214270032e-01
1.385472502646085957e-01,1.030391889196005994e+00,1.653015662832670873e-01,-3.882960271640725214e-01,-1.336224566196721364e+00,-5.071992921190611181e-01
1.385222614176632172e-01,1.030501985349467908e+00,1.654329334366472226e-01,-3.882345263577275385e-01,-1.336200624204658238e+00,-5.071655448218913564e-01
1.392199967536081329e-01,1.027245402038761579e+00,1.614978167076928650e-01,-3.900412136991683321e-01,-1.336829277581947695e+00,-5.077240041645200153e-01
1.391889337716937514e-01,1.027360567633641919e+00,1.616303912389539243e-01,-3.900062104979716837e-01,-1.336824784986458736e+00,-5.077132234841345015e-01
1.391583018657515658e-01,1.027473725670747351e+00,1.617603296442664262e-01,-3.899695455864119475e-01,-1.336814463019856181e+00,-5.077003222545668493e-01
1.391282872969801243e-01,1.027585818932270856e+00,1.618892575171445580e-01,-3.899302475714478966e-01,-1.336800682819645258e+00,-5.076848962565513323e-01
1.390989169515431390e-01,1.027697312420863041e+00,1.620179132821327750e-01,-3.898881301115627029e-01,-1.336784674207944557e+00,-5.076669830629646496e-01
1.390701512979995447e-01,1.027808441690245544e+00,1.621466192336322443e-01,-3.898433385402387263e-01,-1.336767109728114411e+00,-5.076467951745431417e-01
1.390419271267472057e-01,1.027919331139732995e+00,1.622755044166867278e-01,-3.897961407526682187e-01,-1.336748384191446037e+00,-5.076245986448674197e-01
1.390141766580986760e-01,1.028030050504872950e+00,1.624046097791389254e-01,-3.897468331533419095e-01,-1.336728749331546950e+00,-5.076006599544915510e-01
1.389868356122209436e-01,1.028140641956417856e+00,1.625339375301909639e-01,-3.896957004372201827e-01,-1.336708379384551559e+00,-5.075752245969097354e-01
1.389598461889390013e-01,1.028251133205951406e+00,1.626634740984685690e-01,-3.896430002616687038e-01,-1.336687403635905103e+00,-5.075485101276089317e-01
1.389331577573534315e-01,1.028361543937367450e+00,1.627932006351948402e-01,-3.895889591759513215e-01,-1.336665923085267549e+00,-5.075207055917707599e-01
1.389067265700603127e-01,1.028471889033145237e+00,1.629230976605039460e-01,-3.895337734095353222e-01,-1.336644019385841320e+00,-5.074919735578852231e-01
1.388805151039484154e-01,1.028582180258536649e+00,1.630531469870484806e-01,-3.894776115664487226e-01,-1.336621759972029144e+00,-5.074624530414150181e-01
1.388544913062494668e-01,1.028692427183961255e+00,1.631833323886334175e-01,-3.894206178715076683e-01,-1.336599201238771073e+00,-5.074322625531436648e-01
1.388286278559577869e-01,1.028802637737427972e+00,1.633136397192284095e-01,-3.893629153969572765e-01,-1.336576390698324790e+00,-5.074015029551913747e-01
1.388029014954781648e-01,1.028912818552626618e+00,1.634440567906148556e-01,-3.893046090171417006e-01,-1.336553368540307707e+00,-5.073702600086802406e-01
1.387772924395154484e-01,1.029022975215636349e+00,1.635745731715619322e-01,-3.892457880302667705e-01,-1.336530168841180588e+00,-5.073386066007692374e-01
1.387517838643282375e-01,1.029133112445086873e+00,1.637051799650881823e-01,-3.891865284349840248e-01,-1.336506820528795991e+00,-5.073066046611666158e-01
1.387263614665471545e-01,1.029243234236435045e+00,1.638358695990679570e-01,-3.891268948955787788e-01,-1.336483348179043240e+00,-5.072743068016649648e-01
1.387010130876526748e-01,1.029353343976266544e+00,1.639666356360321431e-01,-3.890669424221654404e-01,-1.336459772677932811e+00,-5.072417577159016311e-01
1.386757283937127827e-01,1.029463444536655725e+00,1.640974726067455924e-01,-3.890067178059298802e-01,-1.336436111778850799e+00,-5.072089953716910626e-01
1.386504986017637331e-01,1.029573538354044970e+00,1.642283758655494474e-01,-3.889462608441380809e-01,-1.336412380572754355e+00,-5.071760520203586475e-01
1.386253162472091682e-01,1.029683627497002707e+00,1.643593414690086851e-01,-3.888856053841928673e-01,-1.336388591890093513e+00,-5.071429550606224579e-01
1.386001749859630261e-01,1.029793713721795845e+00,1.644903660696713510e-01,-3.888247802116911456e-01,-1.336364756638576790e+00,-5.071097277667607761e-01
1.385750694273294170e-01,1.029903798518695623e+00,1.646214468259342700e-01,-3.887638098047827007e-01,-1.336340884090385206e+00,-5.070763899111699891e-01
1.385499949901749239e-01,1.030013883153641174e+00,1.647525813270354078e-01,-3.887027149793155223e-01,-1.336316982128841868e+00,-5.070429582916810007e-01
1.385249477813336183e-01,1.030123968701702752e+00,1.648837675271813963e-01,-3.886415134359895163e-01,-1.336293057455233635e+00,-5.070094471765552724e-01
1.384999244926438944e-01,1.030234056076683835e+00,1.650150036920861873e-01,-3.885802202263191618e-01,-1.336269115767851678e+00,-5.069758686899563660e-01
1.384749223141311103e-01,1.030344146052885490e+00,1.651462883490639466e-01,-3.885188481461672727e-01,-1.336245161908186985e+00,-5.069422331305286633e-01
1.384499388574068623e-01,1.030454239289898766e+00,1.652776202511543613e-01,-3.884574080770255011e-01,-1.336221199994406028e+00,-5.069085492484282085e-01
1.384249720936064354e-01,1.030564336347435717e+00,1.654089983406742126e-01,-3.883959092698739402e-01,-1.336197233526343009e+00,-5.068748244767741218e-01
1.391237624162307007e-01,1.027306662529042791e+00,1.614739958745111115e-01,-3.901997209378133546e-01,-1.336826650717424680e+00,-5.074376170073234826e-01
1.390927221320511775e-01,1.027421828761914346e+00,1.616065789115211926e-01,-3.901647160839117334e-01,-1.336822135197211381e+00,-5.074268601859280858e-01
1.390621126732619894e-01,1.027534988086548529e+00,1.617365267424700492e-01,-3.901280504455547082e-01,-1.336811791266272476e+00,-5.074139815811888887e-01
1.390321203688192342e-01,1.027647082809578283e+00,1.618654643964614892e-01,-3.900887524283249141e-01,-1.336797989171463863e+00,-5.073985777384694140e-01
1.390027721592655696e-01,1.027758577763655090e+00,1.619941301094928454e-01,-3.900466354864858265e-01,-1.336781958452178509e+00,-5.073806865349598239e-01
1.389740285520924545e-01,1.027869708448880370e+00,1.621228461175469038e-01,-3.900018447967363300e-01,-1.336764371591697032e+00,-5.073605205892749437e-01
1.389458263629336776e-01,1.027980599255018612e+00,1.622517414490001197e-01,-3.899546481474396864e-01,-1.336745623417465056e+00,-5.073383459976872345e-01
1.389180978285640411e-01,1.028091319921698332e+00,1.623808570445904598e-01,-3.899053418724641173e-01,-1.336725965698272844e+00,-5.073144292551901025e-01
1.388907786813402823e-01,1.028201912625356096e+00,1.625101951061603822e-01,-3.898542106171878907e-01,-1.336705572704148581e+00,-5.072890158601625066e-01
1.388638111274791975e-01,1.028312405086157399e+00,1.626397420560188878e-01,-3.898015120089652896e-01,-1.336684573752963345e+00,-5.072623233673992926e-01
1.388371445417376782e-01,1.028422816993194600e+00,1.627694790366014943e-01,-3.897474725739040746e-01,-1.336663069868814224e+00,-5.072345408209946171e-01
1.388107351809262924e-01,1.028533163233364967e+00,1.628993865596506385e-01,-3.896922885243642165e-01,-1.336641142725233378e+00,-5.072058307887237216e-01
1.387845455249482607e-01,1.028643455575649179e+00,1.630294464298992219e-01,-3.896361284517266266e-01,-1.336618859773395673e+00,-5.071763322845596056e-01
1.387585435230590525e-01,1.028753703594499580e+00,1.631596424151149638e-01,-3.895791365718367372e-01,-1.336596277423735657e+00,-5.071461638195734478e-01
1.387327018563504766e-01,1.028863915219663250e+00,1.632899603619301088e-01,-3.895214359484611699e-01,-1.336573443198848521e+00,-5.071154262535227941e-01
1.387069972687612618e-01,1.028974097087427486e+00,1.634203880773616169e-01,-3.894631314496520003e-01,-1.336550397299135273e+00,-5.070842053480476563e-01
1.386814099764147601e-01,1.029084254785395780e+00,1.635509151252156068e-01,-3.894043123680551166e-01,-1.336527173809106017e+00,-5.070525739894994333e-01
1.386559231563915251e-01,1.029194393034093657e+00,1.636815326047399710e-01,-3.893450546982108462e-01,-1.336503801664114865e+00,-5.070205941065771826e-01
1.386305225068068525e-01,1.029304515829565059e+00,1.638122329399959720e-01,-3.892854230996275477e-01,-1.336480305445485017e+00,-5.069883183114627379e-01
1.386051958694994590e-01,1.029414626559932877e+00,1.639430096907925627e-01,-3.892254725800510795e-01,-1.336456706044767184e+00,-5.069557912968457591e-01
1.385799329113831801e-01,1.029524728097966690e+00,1.640738573852862370e-01,-3.891652499275790045e-01,-1.336433021219552764e+00,-5.069230510302612513e-01
1.385547248500232920e-01,1.029634822880943101e+00,1.642047713757588401e-01,-3.891047949372927195e-01,-1.336409266064617407e+00,-5.068901297628880531e-01
1.385295642213247025e-01,1.029744912978056481e+00,1.643357477169530012e-01,-3.890441414545698917e-01,-1.336385453413563962e+00,-5.068570548930892983e-01
1.385044446817108033e-01,1.029855000145965871e+00,1.644667830597697777e-01,-3.889833182632405073e-01,-1.336361594176664003e+00,-5.068238496950955296e-01
1.384793608406600651e-01,1.029965085875679476e+00,1.645978745614970207e-01,-3.889223498402730184e-01,-1.336337697628682264e+00,-5.067905339407965393e-01
1.384543081174076651e-01,1.030075171433209258e+00,1.647290198098433356e-01,-3.888612570001094837e-01,-1.336313771654337845e+00,-5.067571244273105791e-01
1.384292826189820191e-01,1.030185257894473017e+00,1.648602167588366918e-01,-3.888000574428603917e-01,-1.336289822957620999e+00,-5.067236354243507268e-01
1.384042810378530164e-01,1.030295346172354742e+00,1.649914636719967409e-01,-3.887387662180609715e-01,-1.336265857236330179e+00,-5.066900790541074562e-01
1.383793005638811469e-01,1.030405437042467343e+00,1.651227590772125220e-01,-3.886773961216848927e-01,-1.336241879334876481e+00,-5.066564656166225866e-01
1.383543388088141479e-01,1.030515531164276855e+00,1.652541017264165246e-01,-3.886159580346045805e-01,-1.336217893371802523e+00,-5.066228038609610351e-01
1.383293937439493415e-01,1.030625629097684293e+00,1.653854905614839943e-01,-3.885544612071285542e-01,-1.336193902847857107e+00,-5.065891012201511057e-01
1.390292190238006098e-01,1.027366883791042573e+00,1.614505996523595832e-01,-3.903554493196721986e-01,-1.336824070539987197e+00,-5.071561505019055449e-01
1.389982010431092263e-01,1.027482050637040567e+00,1.615831910454972875e-01,-3.903204428557756067e-01,-1.336819532485850504e+00,-5.071454171212521622e-01
1.389676136419133179e-01,1.027595211214151094e+00,1.617131481382919345e-01,-3.902837765163305606e-01,-1.336809166966853368e+00,-5.071325607470009711e-01
1.389376432146748608e-01,1.027707307361540146e+00,1.618420954037986803e-01,-3.902444785112453851e-01,-1.336795343353326171e+00,-5.071171786716147656e-01
1.389083167567847776e-01,1.027818803742710507e+00,1.619707708912525579e-01,-3.902023620915529567e-01,-1.336779290904452466e+00,-5.070993090731253927e-01
1.388795948129334101e-01,1.027929935806806805e+00,1.620994967806826947e-01,-3.901575722819149994e-01,-1.336761682046608612e+00,-5.070791646857084611e-01
1.388514142242811278e-01,1.028040827933502044e+00,1.622284020839259988e-01,-3.901103767645348053e-01,-1.336742911622749830e+00,-5.070570116491113222e-01
1.388237072438343322e-01,1.028151549866228587e+00,1.623575277344705969e-01,-3.900610718035339985e-01,-1.336723231435814174e+00,-5.070331164717883921e-01
1.387964096149203741e-01,1.028262143787708860e+00,1.624868759268039975e-01,-3.900099419974463189e-01,-1.336702815789281740e+00,-5.070077246546815797e-01
1.387694635506366569e-01,1.028372637426240743e+00,1.626164330773165745e-01,-3.899572449432121002e-01,-1.336681794033115045e+00,-5.069810537538953499e-01
1.387428184316284729e-01,1.028483050475530902e+00,1.627461803194304168e-01,-3.899032071434669344e-01,-1.336660267214805131e+00,-5.069532928126705418e-01
1.387164305178518464e-01,1.028593397828323708e+00,1.628760981577703215e-01,-3.898480247955500855e-01,-1.336638317029570810e+00,-5.069246043970904170e-01
1.386902622930250295e-01,1.028703691256091846e+00,1.630061683885182799e-01,-3.897918664770166353e-01,-1.336616010943861399e+00,-5.068951275211996954e-01
1.386642817080429579e-01,1.028813940337206079e+00,1.631363747729842328e-01,-3.897348763951622996e-01,-1.336593405382746846e+00,-5.068649806936916802e-01
1.386384614461645681e-01,1.028924153003797359e+00,1.632667031518112988e-01,-3.896771776056303094e-01,-1.336570547880519211e+00,-5.068342647749082275e-01
1.386127782529908703e-01,1.029034335893890262e+00,1.633971413262378103e-01,-3.896188749697592768e-01,-1.336547478646741505e+00,-5.068030655251682948e-01
1.385872123458951055e-01,1.029144494596859971e+00,1.635276788554122784e-01,-3.895600577748158933e-01,-1.336524231774103288e+00,-5.067714558297850003e-01
1.385617469031438787e-01,1.029254633834774113e+00,1.636583068349019288e-01,-3.895008020110908298e-01,-1.336500836205319231e+00,-5.067394976184851352e-01
1.385363676235792929e-01,1.029364757605033098e+00,1.637890176853141755e-01,-3.894411723344903264e-01,-1.336477316527611148e+00,-5.067072435018314946e-01
1.385110623500420413e-01,1.029474869296617578e+00,1.639198049635512133e-01,-3.893812237491720563e-01,-1.336453693637489559e+00,-5.066747381725940080e-01
1.384858207498005367e-01,1.029584971783281011e+00,1.640506631950998384e-01,-3.893210030411491385e-01,-1.336429985296656353e+00,-5.066420195971687024e-01
1.384606340411710379e-01,1.029695067503353823e+00,1.641815877308763771e-01,-3.892605500030416055e-01,-1.336406206604442648e+00,-5.066091200281189755e-01
1.384354947605411779e-01,1.029805158526159614e+00,1.643125746230472972e-01,-3.891998984780636328e-01,-1.336382370396531849e+00,-5.065760668619707641e-01
1.384103965648690038e-01,1.029915246608945179e+00,1.644436205212397584e-01,-3.891390772481720384e-01,-1.336358487586115196e+00,-5.065428833732901204e-01
1.383853340638056539e-01,1.030025333243165919e+00,1.645747225812565773e-01,-3.890781107894043522e-01,-1.336334567450048194e+00,-5.065095893334287114e-01
1.383603026768223110e-01,1.030135419695575649e+00,1.647058783901963475e-01,-3.890170199151345987e-01,-1.336310617875596796e+00,-5.064762015398529549e-01
1.383352985115437195e-01,1.030245507041745112e+00,1.648370859005289790e-01,-3.889558223237689072e-01,-1.336286645567482889e+00,-5.064427342620121397e-01
1.383103182606743031e-01,1.030355596195025480e+00,1.649683433753169892e-01,-3.888945330639906883e-01,-1.336262656225329026e+00,-5.064091996224338033e-01
1.382853591136228855e-01,1.030465687931751750e+00,1.650996493417594690e-01,-3.888331649321378203e-01,-1.336238654694885009e+00,-5.063756079193573179e-01
1.382604186829472781e-01,1.030575782910708282e+00,1.652310025506461555e-01,-3.887717288071947941e-01,-1.336214645094783604e+00,-5.063419679023762887e-01
1.382354949400997901e-01,1.030685881692348316e+00,1.653624019440188553e-01,-3.887102339391542705e-01,-1.336190630927476253e+00,-5.063082870060489071e-01
1.389363355283901869e-01,1.027426083648201649e+00,1.614276200298582209e-01,-3.905084496761081492e-01,-1.336821536149706224e+00,-5.068795180248207854e-01
1.389053394628365634e-01,1.027541251085458018e+00,1.615602196340601149e-01,-3.904734416458746638e-01,-1.336816975948323494e+00,-5.068688076734939596e-01
1.388747737363575929e-01,1.027654412880978363e+00,1.616901858273808168e-01,-3.904367746307083609e-01,-1.336806589210502549e+00,-5.068559731410466895e-01
1.388448248068025193e-01,1.027766510415793144e+00,1.618191425372687009e-01,-3.903974766501446814e-01,-1.336792744446545500e+00,-5.068406124528154200e-01
1.388155197221191406e-01,1.027878008188710890e+00,1.619478276302632191e-01,-3.903553607581863316e-01,-1.336776670641831588e+00,-5.068227640805799128e-01
1.387868190650554390e-01,1.027989141596792111e+00,1.620765632301744141e-01,-3.903105718275249325e-01,-1.336759040164789081e+00,-5.068026408745597289e-01
1.387586597008660383e-01,1.028100035010480529e+00,1.622054783324539395e-01,-3.902633774376990661e-01,-1.336740247873679843e+00,-5.067805090145902636e-01
1.387309739000529285e-01,1.028210758175248873e+00,1.623346138627133894e-01,-3.902140737813505900e-01,-1.336720545603589771e+00,-5.067566350245449325e-01
1.387036974145412493e-01,1.028321353283685680e+00,1.624639720113310870e-01,-3.901629454153094367e-01,-1.336700107695494300e+00,-5.067312644076189532e-01
1.386767724667608281e-01,1.028431848067621335e+00,1.625935391850532319e-01,-3.901102499015421388e-01,-1.336679063525229916e+00,-5.067046147214157026e-01
1.386501484416058083e-01,1.028542262227744475e+00,1.627232965103787288e-01,-3.900562137224850012e-01,-1.336657514166156302e+00,-5.066768750074185368e-01
1.386237816029103898e-01,1.028652610661195066e+00,1.628532244838349630e-01,-3.900010330595024555e-01,-1.336635541333231592e+00,-5.066482078309482162e-01
1.385976344363413215e-01,1.028762905144513073e+00,1.629833048950615482e-01,-3.899448764796862865e-01,-1.336613212510793014e+00,-5.066187522036996738e-01
1.385716748961912659e-01,1.028873155257879590e+00,1.631135214980313219e-01,-3.898878881787694040e-01,-1.336590584136470916e+00,-5.065886266355495993e-01
1.385458756673037251e-01,1.028983368936046583e+00,1.632438601272535594e-01,-3.898301912051880813e-01,-1.336567703755905612e+00,-5.065579319851135631e-01
1.385202134969638343e-01,1.029093552818941548e+00,1.633743085786713012e-01,-3.897718904137636442e-01,-1.336544611588139864e+00,-5.065267540125031331e-01
1.384946686035792851e-01,1.029203712498307333e+00,1.635048564076430622e-01,-3.897130750872078719e-01,-1.336521341735003920e+00,-5.064951656034096805e-01
1.384692241665362589e-01,1.029313852696861709e+00,1.636354947046215758e-01,-3.896538212108577870e-01,-1.336497923144472910e+00,-5.064632286843101516e-01
1.384438658855456639e-01,1.029423977413576496e+00,1.637662158874307605e-01,-3.895941934373237103e-01,-1.336474380410317409e+00,-5.064309958669882539e-01
1.384185816046507311e-01,1.029534090038110694e+00,1.638970135101364134e-01,-3.895342467668708175e-01,-1.336450734433897392e+00,-5.063985118447367206e-01
1.383933609915021512e-01,1.029644193445178990e+00,1.640278820956191097e-01,-3.894740279832359375e-01,-1.336427002980971723e+00,-5.063658145823296541e-01
1.383681952648917746e-01,1.029754290073942036e+00,1.641588169927956087e-01,-3.894135768769307893e-01,-1.336403201154559683e+00,-5.063329363319296617e-01
1.383430769616738332e-01,1.029864381994533451e+00,1.642898142524000793e-01,-3.893529272894953319e-01,-1.336379341793833442e+00,-5.062999044907596780e-01
1.383179997392106897e-01,1.029974470964464039e+00,1.644208705221503197e-01,-3.892921080010707802e-01,-1.336355435814031267e+00,-5.062667423321488558e-01
1.382929582078701314e-01,1.030084558475367063e+00,1.645519829566456371e-01,-3.892311434857566033e-01,-1.336331492494208240e+00,-5.062334696284633839e-01
1.382679477868948570e-01,1.030194645794958230e+00,1.646831491421849869e-01,-3.891700545566608160e-01,-1.336307519724023729e+00,-5.062001031759619796e-01
1.382429645845925092e-01,1.030304733998410383e+00,1.648143670297358421e-01,-3.891088589103126605e-01,-1.336283524208925488e+00,-5.061666572439692535e-01
1.382180052932509839e-01,1.030414824000226437e+00,1.649456348822056773e-01,-3.890475715958539582e-01,-1.336259511650891518e+00,-5.061331439546535860e-01
1.381930671028455404e-01,1.030524916576665451e+00,1.650769512261370531e-01,-3.889862054082326992e-01,-1.336235486896735214e+00,-5.060995736071356443e-01
1.381681476259782881e-01,1.030635012386720506e+00,1.652083148116353095e-01,-3.889247712258683265e-01,-1.336211454065934445e+00,-5.060659549500844401e-01
1.381432448343357100e-01,1.030745111990677199e+00,1.653397245798834680e-01,-3.888632782980590008e-01,-1.336187416661286376e+00,-5.060322954176742494e-01
1.388450815174600006e-01,1.027484279631681430e+00,1.614050492170995277e-01,-3.906587718110280383e-01,-1.336819046731816174e+00,-5.066076346850916234e-01
1.388141069872439737e-01,1.027599447636729613e+00,1.615376568880809161e-01,-3.906237622538060172e-01,-1.336814464760351484e+00,-5.065969469601103725e-01
1.387835625590516375e-01,1.027712610618269684e+00,1.616676320239940345e-01,-3.905870945879695300e-01,-1.336804057167229720e+00,-5.065841338870143984e-01
1.387536347542164816e-01,1.027824709504757017e+00,1.617965980140244064e-01,-3.905477966441806004e-01,-1.336790191614725121e+00,-5.065687942119330156e-01
1.387243506723683517e-01,1.027936208633348114e+00,1.619252925455816894e-01,-3.905056812828556767e-01,-1.336774096819593582e+00,-5.065509666962932922e-01
1.386956709330318949e-01,1.028047343350228182e+00,1.620540376869403776e-01,-3.904608932280089206e-01,-1.336756445093121970e+00,-5.065308643009934775e-01
1.386675324260720210e-01,1.028158238015939530e+00,1.621829624173647399e-01,-3.904136999570626543e-01,-1.336737631308269725e+00,-5.065087532488262712e-01
1.386398674371719930e-01,1.028268962380270102e+00,1.623121076558969589e-01,-3.903643975961882395e-01,-1.336717907333773159e+00,-5.064849000758845365e-01
1.386126117292716953e-01,1.028379558642117386e+00,1.624414755867157611e-01,-3.903132706562552623e-01,-1.336697447543913730e+00,-5.064595502900699486e-01
1.385857075313274567e-01,1.028490054540454279e+00,1.625710526095986153e-01,-3.902605766698695189e-01,-1.336676381343945952e+00,-5.064329214479031949e-01
1.385591042334616552e-01,1.028600469781674187e+00,1.627008198437298048e-01,-3.902065420976550958e-01,-1.336654809831694823e+00,-5.064052025907431753e-01
1.385327581030003086e-01,1.028710819267516285e+00,1.628307577777065585e-01,-3.901513631057048070e-01,-1.336632814741600672e+00,-5.063765562820881083e-01
1.385066316297104694e-01,1.028821114776545809e+00,1.629608481928153385e-01,-3.900952082468509552e-01,-1.336610463572476037e+00,-5.063471215342225662e-01
1.384806927692356637e-01,1.028931365892861383e+00,1.630910748367335739e-01,-3.900382217091277193e-01,-1.336587812776110828e+00,-5.063170168544702809e-01
1.384549142083684459e-01,1.029041580553610613e+00,1.632214235381450051e-01,-3.899805265332503268e-01,-1.336564909909380816e+00,-5.062863431013377991e-01
1.384292726954508834e-01,1.029151765401491669e+00,1.633518820884549416e-01,-3.899222275686835548e-01,-1.336541795201680261e+00,-5.062551860340148702e-01
1.384037484511901894e-01,1.029261926028157692e+00,1.634824400370576414e-01,-3.898634140908756596e-01,-1.336518502760549731e+00,-5.062236185376528530e-01
1.383783246552599544e-01,1.029372067159406878e+00,1.636130884722886425e-01,-3.898041620827544240e-01,-1.336495061543145013e+00,-5.061917025399431669e-01
1.383529870084475033e-01,1.029482192794967998e+00,1.637438198082202534e-01,-3.897445361925959140e-01,-1.336471496148281979e+00,-5.061594906508704028e-01
1.383277233557012043e-01,1.029592306324971673e+00,1.638746275954823250e-01,-3.896845914173207581e-01,-1.336447827481332506e+00,-5.061270275629629056e-01
1.383025233649872454e-01,1.029702410625693565e+00,1.640055063553134129e-01,-3.896243745388695556e-01,-1.336424073313242200e+00,-5.060943512414119994e-01
1.382773782559580389e-01,1.029812508136439320e+00,1.641364514340885594e-01,-3.895639253448236472e-01,-1.336400248749800346e+00,-5.060614939377148236e-01
1.382522805659368859e-01,1.029922600927938303e+00,1.642674588808141489e-01,-3.895032776748617032e-01,-1.336376366633171831e+00,-5.060284830488966934e-01
1.382272239526090851e-01,1.030032690758264202e+00,1.643985253417524217e-01,-3.894424603077813463e-01,-1.336352437881211719e+00,-5.059953418481166754e-01
1.382022030263828916e-01,1.030142779119900709e+00,1.645296479705186388e-01,-3.893814977166640268e-01,-1.336328471775537707e+00,-5.059620901066537169e-01
1.381772132073219028e-01,1.030252867280195161e+00,1.646608243518916659e-01,-3.893204107127097302e-01,-1.336304476206950032e+00,-5.059287446218442286e-01
1.381522506031840902e-01,1.030362956315859391e+00,1.647920524368781114e-01,-3.892592169929423029e-01,-1.336280457883891382e+00,-5.058953196622512083e-01
1.381273119072708999e-01,1.030473047140612941e+00,1.649233304869710814e-01,-3.891979316040841130e-01,-1.336256422508632635e+00,-5.058618273505504082e-01
1.381023943095799067e-01,1.030583140530686448e+00,1.650546570274748492e-01,-3.891365673405673964e-01,-1.336232374928402189e+00,-5.058282779844944788e-01
1.380774954232511786e-01,1.030693237145297703e+00,1.651860308084989459e-01,-3.890751350797589936e-01,-1.336208319264276412e+00,-5.057946803149577786e-01
1.380526132189185406e-01,1.030803337546252862e+00,1.653174507714200714e-01,-3.890136440725043276e-01,-1.336184259021064857e+00,-5.057610417737578024e-01
1.387554270493571995e-01,1.027541489078104719e+00,1.613828795978594632e-01,-3.908064647691060767e-01,-1.336816601543536542e+00,-5.063404168286442797e-01
1.387244736798278200e-01,1.027656657631039971e+00,1.615154951961515206e-01,-3.907714537263220489e-01,-1.336811998175807092e+00,-5.063297513339569678e-01
1.386939501809033859e-01,1.027769821766156166e+00,1.616454791187707241e-01,-3.907347854330380788e-01,-1.336801570083347768e+00,-5.063169593460115081e-01
1.386640431344731694e-01,1.027881921969803880e+00,1.617744542279003772e-01,-3.906954875376547065e-01,-1.336787684098122986e+00,-5.063016403170094160e-01
1.386347796911675812e-01,1.027993422419497538e+00,1.619031580340228871e-01,-3.906533727100986453e-01,-1.336771568671727639e+00,-5.062838332927337426e-01
1.386061205067773139e-01,1.028104558411735203e+00,1.620319125515763958e-01,-3.906085855286562936e-01,-1.336753896060236091e+00,-5.062637513457678429e-01
1.385780024950910572e-01,1.028215454297233711e+00,1.621608467434122181e-01,-3.905613933702772322e-01,-1.336735061150401416e+00,-5.062416607381552414e-01
1.385503579572475719e-01,1.028326179829551323e+00,1.622900015220546666e-01,-3.905120922949338325e-01,-1.336715315843763463e+00,-5.062178280198004199e-01
1.385231226665404602e-01,1.028436777214069231e+00,1.624193790654841762e-01,-3.904609667692404695e-01,-1.336694834547395683e+00,-5.061924987017961675e-01
1.384962388584813353e-01,1.028547274196713657e+00,1.625489657666934207e-01,-3.904082742965861996e-01,-1.336673746695447917e+00,-5.061658903397687759e-01
1.384696559288883522e-01,1.028657690488454568e+00,1.626787427367654415e-01,-3.903542413151699364e-01,-1.336652153408462773e+00,-5.061381919753034087e-01
1.384433301487186796e-01,1.028768040995545974e+00,1.628086904567435100e-01,-3.902990639757375479e-01,-1.336630136440264849e+00,-5.061095661710772742e-01
1.384172240099269813e-01,1.028878337501140106e+00,1.629387907015033832e-01,-3.902429108205235919e-01,-1.336607763306746577e+00,-5.060801519378295144e-01
1.383913054701660372e-01,1.028988589592428005e+00,1.630690272122087559e-01,-3.901859260289009534e-01,-1.336585090472955928e+00,-5.060500677821651028e-01
1.383655472186384461e-01,1.029098805208206624e+00,1.631993858113033047e-01,-3.901282326328645578e-01,-1.336562165506047783e+00,-5.060194145621244033e-01
1.383399260052275703e-01,1.029208990992794170e+00,1.633298542846368662e-01,-3.900699354757069526e-01,-1.336539028644017968e+00,-5.059882780359339360e-01
1.383144220514106182e-01,1.029319152540287163e+00,1.634604221778841737e-01,-3.900111238286717019e-01,-1.336515714003210231e+00,-5.059567310879047319e-01
1.382890185385508286e-01,1.029429294577216991e+00,1.635910805753917341e-01,-3.899518736692109133e-01,-1.336492250546906346e+00,-5.059248356464077778e-01
1.382637011679885009e-01,1.029539421104403552e+00,1.637218218875108600e-01,-3.898922496426604489e-01,-1.336468662879017000e+00,-5.058926443196724021e-01
1.382384577851497320e-01,1.029649535513742498e+00,1.638526396630365645e-01,-3.898323067435718881e-01,-1.336444971910937696e+00,-5.058602018008263590e-01
1.382132780595094756e-01,1.029759640680962596e+00,1.639835284197768417e-01,-3.897720917495041126e-01,-1.336421195416037877e+00,-5.058275460546909352e-01
1.381881532105490584e-01,1.029869739047112764e+00,1.641144835028927884e-01,-3.897116444473501251e-01,-1.336397348504772653e+00,-5.057947093323428289e-01
1.381630757759089723e-01,1.029979832683706409e+00,1.642455009598221827e-01,-3.896509986751751087e-01,-1.336373444022459278e+00,-5.057617190302614585e-01
1.381380394138350121e-01,1.030089923349045034e+00,1.643765774351562403e-01,-3.895901832097660167e-01,-1.336349492889101986e+00,-5.057285984211284946e-01
1.381130387353927680e-01,1.030200012535946508e+00,1.645077100815772742e-01,-3.895292225225872595e-01,-1.336325504388759633e+00,-5.056953672780661879e-01
1.380880691606355404e-01,1.030310101511996868e+00,1.646388964822416145e-01,-3.894681374238807003e-01,-1.336301486413368655e+00,-5.056620423957426391e-01
1.380631267978792709e-01,1.030420191353900616e+00,1.647701345871989131e-01,-3.894069456092892345e-01,-1.336277445672780173e+00,-5.056286380435149885e-01
1.380382083405190807e-01,1.030530282975675505e+00,1.649014226571147157e-01,-3.893456621249446470e-01,-1.336253387870487419e+00,-5.055951663438879029e-01
1.380133109783040213e-01,1.030640377154785403e+00,1.650327592177205649e-01,-3.892842997653718773e-01,-1.336229317856345133e+00,-5.055616375946705432e-01
1.379884323243335820e-01,1.030750474550470974e+00,1.651641430180975922e-01,-3.892228694076698137e-01,-1.336205239751808715e+00,-5.055280605456334841e-01
1.379635703504851207e-01,1.030860575723113959e+00,1.652955729980638278e-01,-3.891613803000522620e-01,-1.336181157060785551e+00,-5.054944426294517568e-01
1.386673429751696385e-01,1.027597728794489740e+00,1.613611036087652384e-01,-3.909515762785713555e-01,-1.336814199667002656e+00,-5.060777827040643384e-01
1.386364104000632758e-01,1.027712897873777731e+00,1.614937269957841814e-01,-3.909165637873501242e-01,-1.336809575267808858e+00,-5.060671390522836210e-01
1.386059074675173863e-01,1.027826063131602741e+00,1.616237195523838599e-01,-3.908798948895902403e-01,-1.336799127026357281e+00,-5.060543677807348706e-01
1.385760208202604093e-01,1.027938164618212857e+00,1.617527036220851033e-01,-3.908405970528487372e-01,-1.336785220957444453e+00,-5.060390690387314150e-01
1.385467776578259702e-01,1.028049666355773439e+00,1.618814165424214135e-01,-3.907984827617974055e-01,-1.336769085253566525e+00,-5.060212821491089086e-01
1.385181386723422226e-01,1.028160803590319361e+00,1.620101802732596685e-01,-3.907536964501279186e-01,-1.336751392114195358e+00,-5.060012202934904835e-01
1.384900408006960737e-01,1.028271700663812016e+00,1.621391237622669401e-01,-3.907065053970610879e-01,-1.336732536440959240e+00,-5.059791497734921206e-01
1.384624163589132650e-01,1.028382427333894400e+00,1.622682879158167113e-01,-3.906572055981419322e-01,-1.336712770168096531e+00,-5.059553371520889575e-01
1.384352011312818265e-01,1.028493025811218597e+00,1.623976749050619062e-01,-3.906060814747629450e-01,-1.336692267733642359e+00,-5.059300279441900638e-01
1.384083373599856726e-01,1.028603523848594881e+00,1.625272711167057849e-01,-3.905533905013218177e-01,-1.336671158600562626e+00,-5.059034397060324650e-01
1.383817744448805898e-01,1.028713941163317491e+00,1.626570576548248548e-01,-3.904993590969362827e-01,-1.336649543913412508e+00,-5.058757614772571021e-01
1.383554686614053841e-01,1.028824292664628270e+00,1.627870149918770049e-01,-3.904441833952768115e-01,-1.336627505443331421e+00,-5.058471558191254269e-01
1.383293825041304881e-01,1.028934590139392036e+00,1.629171248957939910e-01,-3.903880319275317423e-01,-1.336605110722013601e+00,-5.058177617420833716e-01
1.383034839331243049e-01,1.029044843177717716e+00,1.630473711016616756e-01,-3.903310488635337028e-01,-1.336582416227811265e+00,-5.057876977527077100e-01
1.382777456388174786e-01,1.029155059721279963e+00,1.631777394263739522e-01,-3.902733572289469599e-01,-1.336559469539043477e+00,-5.057570647072073822e-01
1.382521443726974497e-01,1.029265246416377622e+00,1.633082176510357308e-01,-3.902150618608633548e-01,-1.336536310903058133e+00,-5.057259483640071940e-01
1.382266603577989028e-01,1.029375408858113072e+00,1.634387953164806728e-01,-3.901562520249680088e-01,-1.336512974443099244e+00,-5.056944216071148634e-01
1.382012767762726135e-01,1.029485551774288243e+00,1.635694635029208976e-01,-3.900970036948033792e-01,-1.336489489128476427e+00,-5.056625463627331118e-01
1.381759793304254968e-01,1.029595679167188305e+00,1.637002146181924522e-01,-3.900373815122484822e-01,-1.336465879569415316e+00,-5.056303752405323371e-01
1.381507558664794300e-01,1.029705794429433441e+00,1.638310422080811735e-01,-3.899774404685773521e-01,-1.336442166681596877e+00,-5.055979529323390009e-01
1.381255960542442929e-01,1.029815900438036058e+00,1.639619407884862490e-01,-3.899172273394607702e-01,-1.336418368242962229e+00,-5.055653174028651442e-01
1.381004911138494495e-01,1.029925999634458744e+00,1.640929057023360338e-01,-3.898567819094593823e-01,-1.336394499366992950e+00,-5.055325009028546202e-01
1.380754335836203994e-01,1.030036094090416521e+00,1.642239329950814786e-01,-3.897961380142071497e-01,-1.336370572901410592e+00,-5.054995308280733068e-01
1.380504171219630039e-01,1.030146185565422368e+00,1.643550193107790602e-01,-3.897353244296911656e-01,-1.336346599769901111e+00,-5.054664304525109397e-01
1.380254363400275353e-01,1.030256275552582590e+00,1.644861618003926884e-01,-3.896743656262887656e-01,-1.336322589258025717e+00,-5.054332195472348577e-01
1.380004866584699785e-01,1.030366365319585142e+00,1.646173580460771335e-01,-3.896132824126348204e-01,-1.336298549259456347e+00,-5.053999149077252895e-01
1.379755641860442028e-01,1.030476455943112990e+00,1.647486059967500638e-01,-3.895520924829795617e-01,-1.336274486485147461e+00,-5.053665308032588843e-01
1.379506656158569489e-01,1.030586548338177311e+00,1.648799039128948096e-01,-3.894908108835681282e-01,-1.336250406640755672e+00,-5.053330793557055944e-01
1.379257881385935747e-01,1.030696643281268088e+00,1.650112503187174673e-01,-3.894294504069502616e-01,-1.336226314575885254e+00,-5.052995708637897376e-01
1.379009293665979519e-01,1.030806741433189178e+00,1.651426439638051247e-01,-3.893680219312406487e-01,-1.336202214414517808e+00,-5.052660140761280338e-01
1.378760872723239495e-01,1.030916843353830492e+00,1.652740837870631530e-01,-3.893065347032385048e-01,-1.336178109660625113e+00,-5.052324164256096761e-01
1.385808005639229956e-01,1.027653015417242521e+00,1.613397138398200981e-01,-3.910941533943134152e-01,-1.336811840246393768e+00,-5.058196516488878691e-01
1.385498884227895355e-01,1.027768185002942092e+00,1.614723448798676131e-01,-3.910591394922259822e-01,-1.336807195174912755e+00,-5.058090294588534208e-01
1.385194057001706835e-01,1.027881351353776118e+00,1.616023459207800439e-01,-3.910224700123304808e-01,-1.336796727129162088e+00,-5.057962785417308149e-01
1.384895390977494423e-01,1.027993454091734371e+00,1.617313387959326554e-01,-3.909831722462731030e-01,-1.336782801320612890e+00,-5.057809997302687988e-01
1.384603158653714694e-01,1.028104957083654236e+00,1.618600606716440737e-01,-3.909410584931845012e-01,-1.336766645684997590e+00,-5.057632326243247656e-01
1.384316967291511491e-01,1.028216095528548646e+00,1.619888334560344589e-01,-3.908962730474823677e-01,-1.336748932368975185e+00,-5.057431905103291214e-01
1.384036186485769482e-01,1.028326993759488550e+00,1.621177860813082794e-01,-3.908490830925317461e-01,-1.336730056288146562e+00,-5.057211397279718357e-01
1.383760139551290513e-01,1.028437721536834770e+00,1.622469594467788601e-01,-3.907997845588685459e-01,-1.336710269407306084e+00,-5.056973468532289795e-01
1.383488184431966583e-01,1.028548321077631167e+00,1.623763557179584704e-01,-3.907486618250390342e-01,-1.336689746196512596e+00,-5.056720574053097383e-01
1.383219743617354613e-01,1.028658820140839314e+00,1.625059612746777571e-01,-3.906959723364650805e-01,-1.336668616146106769e+00,-5.056454889403566577e-01
1.382954311152521654e-01,1.028769238449022350e+00,1.626357572134542739e-01,-3.906419424919020389e-01,-1.336646980423159770e+00,-5.056178304957223979e-01
1.382691449822585072e-01,1.028879590916685238e+00,1.627657240003577976e-01,-3.905867684112602212e-01,-1.336624920818807682e+00,-5.055892446328323908e-01
1.382430784602463325e-01,1.028989889333768781e+00,1.628958433960168151e-01,-3.905306186139887448e-01,-1.336602504879576214e+00,-5.055598703610642008e-01
1.382171995118885444e-01,1.029100143292506431e+00,1.630260991286556771e-01,-3.904736372599395544e-01,-1.336579789095698967e+00,-5.055298261858193198e-01
1.381914808291047625e-01,1.029210360737509156e+00,1.631564770102544026e-01,-3.904159473683416204e-01,-1.336556821057053535e+00,-5.054992129639351850e-01
1.381658991650803192e-01,1.029320548316198236e+00,1.632869648160905629e-01,-3.903576537696187843e-01,-1.336533641018660123e+00,-5.054681164517158543e-01
1.381404347435526148e-01,1.029430711626184269e+00,1.634175520836159412e-01,-3.902988457257322574e-01,-1.336510283112541497e+00,-5.054366095333191478e-01
1.381150707479684991e-01,1.029540855396364529e+00,1.635482298893831676e-01,-3.902395992055122664e-01,-1.336486776314272040e+00,-5.054047541348691830e-01
1.380897928816941234e-01,1.029650983629669447e+00,1.636789906376286685e-01,-3.901799788468991448e-01,-1.336463145238840022e+00,-5.053726028650679103e-01
1.380645889911713831e-01,1.029761099720281514e+00,1.638098278718427003e-01,-3.901200396392908165e-01,-1.336439410807119810e+00,-5.053402004152210969e-01
1.380394487470110731e-01,1.029871206546042028e+00,1.639407361059478374e-01,-3.900598283555684609e-01,-1.336415590801298681e+00,-5.053075847504959750e-01
1.380143633702744788e-01,1.029981306548004127e+00,1.640717106797472402e-01,-3.899993847772049160e-01,-1.336391700336547750e+00,-5.052747881200333468e-01
1.379893253993430269e-01,1.030091401799574813e+00,1.642027476383652040e-01,-3.899387427391529104e-01,-1.336367752265234410e+00,-5.052418379212920696e-01
1.379643284930640590e-01,1.030201494060186462e+00,1.643338436236491118e-01,-3.898779310155330302e-01,-1.336343757512403307e+00,-5.052087574264091385e-01
1.379393672632232837e-01,1.030311584823043303e+00,1.644649957852764299e-01,-3.898169740748052559e-01,-1.336319725365439304e+00,-5.051755664067095752e-01
1.379144371305303096e-01,1.030421675356665734e+00,1.645962017048986648e-01,-3.897558927250709959e-01,-1.336295663720489024e+00,-5.051422816581315756e-01
1.378895342034015259e-01,1.030531766738922661e+00,1.647274593312715030e-01,-3.896947046607080467e-01,-1.336271579291046896e+00,-5.051089174493648137e-01
1.378646551757066741e-01,1.030641859883712375e+00,1.648587669227165320e-01,-3.896334249259645333e-01,-1.336247477782051885e+00,-5.050754859010655462e-01
1.378397972380958625e-01,1.030751955568498079e+00,1.649901230037680022e-01,-3.895720663132231643e-01,-1.336223364045456607e+00,-5.050419973130308993e-01
1.378149580037427158e-01,1.030862054452933219e+00,1.651215263222597929e-01,-3.895106396986692809e-01,-1.336199242204406668e+00,-5.050084604334743599e-01
1.377901354443524795e-01,1.030972157098689168e+00,1.652529758181355557e-01,-3.894491543304168801e-01,-1.336175115765809718e+00,-5.049748826956761416e-01
1.384957717429322888e-01,1.027707365261560479e+00,1.613187031023800289e-01,-3.912342421039921025e-01,-1.336809522506583914e+00,-5.055659448296173641e-01
1.384648796812873173e-01,1.027822535335053189e+00,1.614513416625369957e-01,-3.911992268282298846e-01,-1.336804857116264733e+00,-5.055553437260597027e-01
1.384344168190857205e-01,1.027935702749437130e+00,1.615813510405003095e-01,-3.911625567869481679e-01,-1.336794369604395127e+00,-5.055426128098492455e-01
1.384045699155592724e-01,1.028047806706274381e+00,1.617103525685968657e-01,-3.911232590997230640e-01,-1.336780424393529065e+00,-5.055273535844835298e-01
1.383753662682959129e-01,1.028159310920970348e+00,1.618390832447158534e-01,-3.910811458862417656e-01,-1.336764249167295970e+00,-5.055096059176926726e-01
1.383467666372668048e-01,1.028270450546004078e+00,1.619678649262491776e-01,-3.910363613035378050e-01,-1.336746516020519859e+00,-5.054895832008826639e-01
1.383187080050716500e-01,1.028381349904445186e+00,1.620968265293603605e-01,-3.909891724390950896e-01,-1.336727619881188822e+00,-5.054675518119360333e-01
1.382911227185935898e-01,1.028492078759488226e+00,1.622260089469613753e-01,-3.909398751592824128e-01,-1.336707812744712065e+00,-5.054437783412877305e-01
1.382639465810070745e-01,1.028602679335485659e+00,1.623554143392135496e-01,-3.908887538024090058e-01,-1.336687269113201904e+00,-5.054185083092346265e-01
1.382371218478678776e-01,1.028713179397691579e+00,1.624850290795032404e-01,-3.908360657854386688e-01,-1.336666118504284517e+00,-5.053919592718926213e-01
1.382105979288898445e-01,1.028823598673080708e+00,1.626148342565547356e-01,-3.907820374863759105e-01,-1.336644462106512554e+00,-5.053643202668344214e-01
1.381843311060227952e-01,1.028933952080886449e+00,1.627448103299606597e-01,-3.907268650105761854e-01,-1.336622381730317555e+00,-5.053357538551864758e-01
1.381582838797725532e-01,1.029044251413530953e+00,1.628749390524714680e-01,-3.906707168653988926e-01,-1.336599944935827455e+00,-5.053063990441551967e-01
1.381324242139602421e-01,1.029154506267668800e+00,1.630052041475325009e-01,-3.906137372040477951e-01,-1.336577208227879288e+00,-5.052763743389332429e-01
1.381067248032553374e-01,1.029264724588256019e+00,1.631355914198610868e-01,-3.905560490364629600e-01,-1.336554219204244998e+00,-5.052457805948992187e-01
1.380811624015893524e-01,1.029374913026000371e+00,1.632660886413405121e-01,-3.904977571888337828e-01,-1.336531018130719728e+00,-5.052147035689792398e-01
1.380557172342508077e-01,1.029485077179426833e+00,1.633966853446902900e-01,-3.904389509174134854e-01,-1.336507639145899651e+00,-5.051832161442754154e-01
1.380303724854525238e-01,1.029595221778798919e+00,1.635273726027112184e-01,-3.903797061874277885e-01,-1.336484111231479588e+00,-5.051513802457381352e-01
1.380051138588680726e-01,1.029705350829386301e+00,1.636581428178734976e-01,-3.903200876345557790e-01,-1.336460459009556789e+00,-5.051192484827121687e-01
1.379799292026541169e-01,1.029815467724599864e+00,1.637889895296394671e-01,-3.902601502433132308e-01,-1.336436703403464765e+00,-5.050868655459735956e-01
1.379548081878278765e-01,1.029925575343259458e+00,1.639199072497676823e-01,-3.901999407844699008e-01,-1.336412862199362284e+00,-5.050542693999754418e-01
1.379297420354262671e-01,1.030035676128127076e+00,1.640508913171695449e-01,-3.901394990386610750e-01,-1.336388950517143570e+00,-5.050214922942852791e-01
1.379047232850759142e-01,1.030145772151372041e+00,1.641819377735246333e-01,-3.900788588372495758e-01,-1.336364981209399172e+00,-5.049885616245499698e-01
1.378797455956106699e-01,1.030255865174091179e+00,1.643130432607178282e-01,-3.900180489538436768e-01,-1.336340965205443432e+00,-5.049555006644532718e-01
1.378548035788801085e-01,1.030365956689930806e+00,1.644442049270180561e-01,-3.899570938560587008e-01,-1.336316911794458662e+00,-5.049223291841168360e-01
1.378298926560626581e-01,1.030476047967612940e+00,1.645754203531196724e-01,-3.898960143505398879e-01,-1.336292828874303007e+00,-5.048890639796727031e-01
1.378050089360558228e-01,1.030586140084566393e+00,1.647066874861088936e-01,-3.898348281302050355e-01,-1.336268723158806404e+00,-5.048557193189984194e-01
1.377801491124072408e-01,1.030696233956443608e+00,1.648380045853370945e-01,-3.897735502397524643e-01,-1.336244600356550016e+00,-5.048223073243922610e-01
1.377553103764454501e-01,1.030806330359623324e+00,1.649693701733281892e-01,-3.897121934697050927e-01,-1.336220465318594286e+00,-5.047888382942361529e-01
1.377304903405699443e-01,1.030916429955395897e+00,1.651007829985550179e-01,-3.896507686974192142e-01,-1.336196322170725370e+00,-5.047553209761546089e-01
1.377056869776032977e-01,1.031026533304152837e+00,1.652322419995432001e-01,-3.895892851688151359e-01,-1.336172174419114400e+00,-5.047217628046798410e-01
1.384122289447243248e-01,1.027760794412582834e+00,1.612980643845691731e-01,-3.913718875784721329e-01,-1.336807245740222916e+00,-5.053165847850432657e-01
1.383813566157514330e-01,1.027875964954291677e+00,1.614307103333893489e-01,-3.913368709627919606e-01,-1.336802560376857851e+00,-5.053060044014597851e-01
1.383509132703417410e-01,1.027989133404033639e+00,1.615607279039410205e-01,-3.913002003805821083e-01,-1.336792053731469920e+00,-5.052932931378664172e-01
1.383210857246674474e-01,1.028101238548977614e+00,1.616897379348219421e-01,-3.912609027819560770e-01,-1.336778089449599749e+00,-5.052780531568189515e-01
1.382919013237309536e-01,1.028212743955600583e+00,1.618184772588840137e-01,-3.912187901093205911e-01,-1.336761894967604558e+00,-5.052603245905775697e-01
1.382633208607986497e-01,1.028323884730022675e+00,1.619472676827591051e-01,-3.911740063847305438e-01,-1.336744142328198048e+00,-5.052403209329739964e-01
1.382352813406937664e-01,1.028434785186606915e+00,1.620762381080256553e-01,-3.911268186024947635e-01,-1.336725226473161721e+00,-5.052183086003445567e-01
1.382077151243428226e-01,1.028545515092602392e+00,1.622054294219383574e-01,-3.910775225676931810e-01,-1.336705399429129804e+00,-5.051945541946694096e-01
1.381805580255187071e-01,1.028656116676823773e+00,1.623348437775787301e-01,-3.910264025755570971e-01,-1.336684835726769993e+00,-5.051693032400973449e-01
1.381537523059819805e-01,1.028766617711180498e+00,1.624644675424155027e-01,-3.909737160157723546e-01,-1.336663664911178273e+00,-5.051427732929798520e-01
1.381272473799766143e-01,1.028877037927852900e+00,1.625942817981289035e-01,-3.909196892467855511e-01,-1.336641988192966091e+00,-5.051151533896460766e-01
1.381009995329189333e-01,1.028987392249986366e+00,1.627242669968910205e-01,-3.908645183593179029e-01,-1.336619887400104734e+00,-5.050866060897224452e-01
1.380749712679341656e-01,1.029097692473741610e+00,1.628544048853817761e-01,-3.908083718500482417e-01,-1.336597430108378504e+00,-5.050572704008772229e-01
1.380491305511590550e-01,1.029207948197755629e+00,1.629846791800658723e-01,-3.907513938628969785e-01,-1.336574672833680477e+00,-5.050272648264909625e-01
1.380234500782346885e-01,1.029318167370377513e+00,1.631150756812071723e-01,-3.906937074022835965e-01,-1.336551663185493011e+00,-5.049966902209368502e-01
1.379979066053828030e-01,1.029428356642988263e+00,1.632455821552334374e-01,-3.906354172869793695e-01,-1.336528441437007331e+00,-5.049656323417334169e-01
1.379724803587387139e-01,1.029538521615993352e+00,1.633761881309411801e-01,-3.905766127691317480e-01,-1.336505041734406429e+00,-5.049341640711368928e-01
1.379471545233419694e-01,1.029648667021227704e+00,1.635068846778817142e-01,-3.905173698102323288e-01,-1.336481493065931003e+00,-5.049023473334833811e-01
1.379219148045129906e-01,1.029758796863588621e+00,1.636376641942733912e-01,-3.904577530410573982e-01,-1.336457820057102230e+00,-5.048702347377872490e-01
1.378967490500415394e-01,1.029868914539150859e+00,1.637685202184420152e-01,-3.903978174453235361e-01,-1.336434043637819258e+00,-5.048378709740962700e-01
1.378716469320338811e-01,1.029979022926715837e+00,1.638994472593625351e-01,-3.903376097905701392e-01,-1.336410181597149638e+00,-5.048052940070169026e-01
1.378465996716369268e-01,1.030089124470406237e+00,1.640304406547061500e-01,-3.902771698561356972e-01,-1.336386249059101194e+00,-5.047725360858172916e-01
1.378215998088663796e-01,1.030199221243155216e+00,1.641614964448539216e-01,-3.902165314717009337e-01,-1.336362258879368214e+00,-5.047396246061252034e-01
1.377966410034996980e-01,1.030309315005429660e+00,1.642926112693515461e-01,-3.901557234082807524e-01,-1.336338221988188968e+00,-5.047065828411707589e-01
1.377717178674060239e-01,1.030419407251637942e+00,1.644237822755302003e-01,-3.900947701326732964e-01,-1.336314147677070130e+00,-5.046734305601383586e-01
1.377468258220576058e-01,1.030529499250866232e+00,1.645550070432255374e-01,-3.900336924506804248e-01,-1.336290043845717701e+00,-5.046401845600587688e-01
1.377219609763930819e-01,1.030639592081015410e+00,1.646862835187628549e-01,-3.899725080545784484e-01,-1.336265917209546350e+00,-5.046068591080076216e-01
1.376971200245087623e-01,1.030749686657376651e+00,1.648176099602804423e-01,-3.899112319875255306e-01,-1.336241773477589323e+00,-5.045734663260823538e-01
1.376723001572179028e-01,1.030859783757770654e+00,1.649489848908236023e-01,-3.898498770408211356e-01,-1.336217617503588695e+00,-5.045400165128266501e-01
1.376474989881192046e-01,1.030969884042131302e+00,1.650804070572732818e-01,-3.897884540892455618e-01,-1.336193453412534149e+00,-5.045065184166832584e-01
1.376227144893173160e-01,1.031079988071759157e+00,1.652118753978755461e-01,-3.897269723796367158e-01,-1.336169284711769434e+00,-5.044729794698921133e-01
1.383301451278297067e-01,1.027813318664380748e+00,1.612777907847637304e-01,-3.915071341274334871e-01,-1.336805009217360674e+00,-5.050714953841944910e-01
1.382992921898077154e-01,1.027928489656673605e+00,1.614104439937597002e-01,-3.914721162064625504e-01,-1.336800304221779756e+00,-5.050609353584658567e-01
1.382688680233940814e-01,1.028041659114535822e+00,1.615404696148490249e-01,-3.914354451036787808e-01,-1.336789778769561732e+00,-5.050482434046736913e-01
1.382390595008838596e-01,1.028153765417700427e+00,1.616694880013668234e-01,-3.913961476022000396e-01,-1.336775795742555228e+00,-5.050330223325358858e-01
1.382098940136306242e-01,1.028265271985941975e+00,1.617982358232386564e-01,-3.913540354711393943e-01,-1.336759582333297169e+00,-5.050153125342915494e-01
1.381813323870143551e-01,1.028376413881035401e+00,1.619270348383850811e-01,-3.913092526009588346e-01,-1.336741810534926245e+00,-5.049953276040959338e-01
1.381533116484480184e-01,1.028487315407955904e+00,1.620560139336732486e-01,-3.912620658927883355e-01,-1.336722875302067015e+00,-5.049733339965339907e-01
1.381257641731475361e-01,1.028598046336177463e+00,1.621852139886649780e-01,-3.912127710906260214e-01,-1.336703028689149475e+00,-5.049495983240791519e-01
1.380986257838847930e-01,1.028708648901666800e+00,1.623146371520983178e-01,-3.911616524502143921e-01,-1.336682445258715601e+00,-5.049243661148957729e-01
1.380718387493110599e-01,1.028819150881612687e+00,1.624442697846153194e-01,-3.911089673327678984e-01,-1.336661254581257952e+00,-5.048978549257578941e-01
1.380453524879063365e-01,1.028929572014039895e+00,1.625740929618549324e-01,-3.910549420780035645e-01,-1.336639557890259900e+00,-5.048702537925887635e-01
1.380191232887517661e-01,1.029039927225162465e+00,1.627040871278085665e-01,-3.909997727617433583e-01,-1.336617437029751887e+00,-5.048417252727444016e-01
1.379931136574271966e-01,1.029150228314746895e+00,1.628342340229042562e-01,-3.909436278701294287e-01,-1.336594959590515774e+00,-5.048124083733296352e-01
1.379672915619718221e-01,1.029260484884175098e+00,1.629645173575740014e-01,-3.908866515389909368e-01,-1.336572182100521644e+00,-5.047824215968158557e-01
1.379416297002364622e-01,1.029370704883727727e+00,1.630949229270280132e-01,-3.908289667648467969e-01,-1.336549152179462352e+00,-5.047518657985483603e-01
1.379161048290074021e-01,1.029480894967144122e+00,1.632254384929426316e-01,-3.907706783624276814e-01,-1.336525910109154225e+00,-5.047208267334969412e-01
1.378906971758491196e-01,1.029591060736290808e+00,1.633560535803680602e-01,-3.907118755785822239e-01,-1.336502490043173896e+00,-5.046893772840872483e-01
1.378653899271353733e-01,1.029701206923417267e+00,1.634867592545466708e-01,-3.906526343701934301e-01,-1.336478920974611517e+00,-5.046575793740285532e-01
1.378401687879121651e-01,1.029811337536370441e+00,1.636175479123676280e-01,-3.905930193668843975e-01,-1.336455227536522461e+00,-5.046254856119271048e-01
1.378150216080208101e-01,1.029921455970221444e+00,1.637484130883600508e-01,-3.905330855470790508e-01,-1.336431430661161990e+00,-5.045931406889431203e-01
1.377899380592383372e-01,1.030031565105547386e+00,1.638793492898183990e-01,-3.904728796775627786e-01,-1.336407548142175106e+00,-5.045605825676481304e-01
1.377649093642555889e-01,1.030141667385484405e+00,1.640103518513366665e-01,-3.904124415336235887e-01,-1.336383595104847277e+00,-5.045278434973851089e-01
1.377399280624102551e-01,1.030251764885405041e+00,1.641414168133757123e-01,-3.903518049455402261e-01,-1.336359584409978707e+00,-5.044949508739110522e-01
1.377149878144554307e-01,1.030361859365125810e+00,1.642725408131789910e-01,-3.902909986815913390e-01,-1.336335526988665867e+00,-5.044619279699770198e-01
1.376900832322825174e-01,1.030471952320058504e+00,1.644037209975916791e-01,-3.902300472080906801e-01,-1.336311432135284250e+00,-5.044287945553207475e-01
1.376652097373695649e-01,1.030582045019671211e+00,1.645349549452365112e-01,-3.901689713299575923e-01,-1.336287307750932074e+00,-5.043955674249772647e-01
1.376403634395677311e-01,1.030692138541615011e+00,1.646662406016752012e-01,-3.901077887375107300e-01,-1.336263160552310092e+00,-5.043622608481290737e-01
1.376155410327142004e-01,1.030802233801803913e+00,1.647975762244092979e-01,-3.900465144739654333e-01,-1.336238996249851763e+00,-5.043288869457902557e-01
1.375907397079278172e-01,1.030912331577759078e+00,1.649289603352828149e-01,-3.899851613294951225e-01,-1.336214819697503442e+00,-5.042954560152024257e-01
1.375659570787591546e-01,1.031022432530121380e+00,1.650603916813169758e-01,-3.899237401789552582e-01,-1.336190635021998085e+00,-5.042619768060312424e-01
1.375411911178821278e-01,1.031132537219856760e+00,1.651918692001415057e-01,-3.898622602677982996e-01,-1.336166445731059360e+00,-5.042284567508446003e-01
1.382494938987669786e-01,1.027864953346298904e+00,1.612578753942938981e-01,-3.916400249767883479e-01,-1.336802812000420726e+00,-5.048306019704357217e-01
1.382186600162841617e-01,1.027980124772413184e+00,1.613905357379370187e-01,-3.916050057839597920e-01,-1.336798087708309213e+00,-5.048200619491497454e-01
1.381882546981577919e-01,1.028093295210961156e+00,1.615205692698220008e-01,-3.915683341783459670e-01,-1.336787543769691222e+00,-5.048073889711404139e-01
1.381584648695158568e-01,1.028205402644009059e+00,1.616495958679085854e-01,-3.915290367834421970e-01,-1.336773542318543395e+00,-5.047921864788995627e-01
1.381293179685879891e-01,1.028316910346014135e+00,1.617783520418647480e-01,-3.914869251954980478e-01,-1.336757310307159496e+00,-5.047744951227363108e-01
1.381007748531225821e-01,1.028428053333478198e+00,1.619071595001337349e-01,-3.914421431741895163e-01,-1.336739519677745180e+00,-5.047545285952502736e-01
1.380727725718443599e-01,1.028538955902531971e+00,1.620361471146708199e-01,-3.913949575309344509e-01,-1.336720565397208738e+00,-5.047325533869715386e-01
1.380452435133954492e-01,1.028649687827073000e+00,1.621653557602429352e-01,-3.913456639510466961e-01,-1.336700699551005567e+00,-5.047088361229897790e-01
1.380181235105000237e-01,1.028760291348283173e+00,1.622947875798073369e-01,-3.912945466489844426e-01,-1.336680096730669343e+00,-5.046836223350622541e-01
1.379913548381254129e-01,1.028870794248569975e+00,1.624244289268003405e-01,-3.912418629587809393e-01,-1.336658886531234103e+00,-5.046571295782248390e-01
1.379648869187589111e-01,1.028981216271677601e+00,1.625542608706990466e-01,-3.911878392021285178e-01,-1.336637170208359038e+00,-5.046295468881547563e-01
1.379386760451057625e-01,1.029091572347470507e+00,1.626842638484968240e-01,-3.911326714403886018e-01,-1.336615029623197337e+00,-5.046010368218000197e-01
1.379126847247682808e-01,1.029201874279751072e+00,1.628144195947748840e-01,-3.910765281500879209e-01,-1.336592532381780885e+00,-5.045717383850731874e-01
1.378868809284818642e-01,1.029312131671806574e+00,1.629447118137751505e-01,-3.910195534572558640e-01,-1.336569735023330541e+00,-5.045417700803349614e-01
1.378612373553204928e-01,1.029422352475896751e+00,1.630751262947399693e-01,-3.909618703525467587e-01,-1.336546685176632776e+00,-5.045112327606711133e-01
1.378357307640600271e-01,1.029532543347431828e+00,1.632056507953929536e-01,-3.909035836439471168e-01,-1.336523423132393917e+00,-5.044802121826940100e-01
1.378103413825816914e-01,1.029642709890419949e+00,1.633362748369047435e-01,-3.908447825753598726e-01,-1.336499983051557594e+00,-5.044487812269639049e-01
1.377850523986288156e-01,1.029752856838161090e+00,1.634669894813485791e-01,-3.907855430990111456e-01,-1.336476393933322626e+00,-5.044170018179831017e-01
1.377598495184549632e-01,1.029862988198638085e+00,1.635977871218034785e-01,-3.907259298404222592e-01,-1.336452680414528027e+00,-5.043849265632709411e-01
1.377347205917744122e-01,1.029973107368694185e+00,1.637286612907301042e-01,-3.906659977767218961e-01,-1.336428863432481906e+00,-5.043526001521975166e-01
1.377096552917049244e-01,1.030083217228981551e+00,1.638596064932227869e-01,-3.906057936710707890e-01,-1.336404960784139062e+00,-5.043200605490704147e-01
1.376846448404745737e-01,1.030193320224582765e+00,1.639906180629753518e-01,-3.905453572985771449e-01,-1.336380987599320447e+00,-5.042873400020364549e-01
1.376596817785937232e-01,1.030303418430282836e+00,1.641216920381194100e-01,-3.904847224864678168e-01,-1.336356956740244240e+00,-5.042544659071875879e-01
1.376347597666202349e-01,1.030413513607000953e+00,1.642528250549402102e-01,-3.904239180025612099e-01,-1.336332879140854413e+00,-5.042214615361475527e-01
1.376098734174442395e-01,1.030523607249592244e+00,1.643840142585815400e-01,-3.903629683107007198e-01,-1.336308764096497681e+00,-5.041883466593507501e-01
1.375850181524772564e-01,1.030633700628334815e+00,1.645152572270991986e-01,-3.903018942154224957e-01,-1.336284619510460736e+00,-5.041551380715542097e-01
1.375601900815485723e-01,1.030743794821455950e+00,1.646465519054285398e-01,-3.902407134065434824e-01,-1.336260452101125651e+00,-5.041218500412422143e-01
1.375353858993043354e-01,1.030853890744037216e+00,1.647778965494981485e-01,-3.901794409252866691e-01,-1.336236267578796655e+00,-5.040884946892394414e-01
1.375106027967169797e-01,1.030963989174586315e+00,1.649092896814706444e-01,-3.901180895621265132e-01,-1.336212070799677187e+00,-5.040550823142687653e-01
1.374858383870800060e-01,1.031074090774273477e+00,1.650407300479431183e-01,-3.900566701918761758e-01,-1.336187865891545146e+00,-5.040216216642939839e-01
1.374610906433469948e-01,1.031184196104115713e+00,1.651722165861941038e-01,-3.899951920592835131e-01,-1.336163656362881591e+00,-5.039881201725912030e-01
1.381702491765650076e-01,1.027915713860902969e+00,1.612383117283135714e-01,-3.917706028941213003e-01,-1.336800653592777666e+00,-5.045938311621648298e-01
1.381394340206791027e-01,1.028030885703637543e+00,1.613709790822827617e-01,-3.917355824610380677e-01,-1.336795910332564397e+00,-5.045833107977650833e-01
1.381090472245135314e-01,1.028144057097619690e+00,1.615010203879743700e-01,-3.916989103720959209e-01,-1.336785348223131553e+00,-5.045706564633073432e-01
1.380792757672219817e-01,1.028256165631981967e+00,1.616300550555651860e-01,-3.916596130907188389e-01,-1.336771328662200498e+00,-5.045554722286672567e-01
1.380501471318057172e-01,1.028367674438733337e+00,1.617588194362811205e-01,-3.916175020457380862e-01,-1.336755078365237992e+00,-5.045377989934252128e-01
1.380216222074102106e-01,1.028478818491292968e+00,1.618876351916531675e-01,-3.915727208691327510e-01,-1.336737269226585756e+00,-5.045178505486064280e-01
1.379936380641389182e-01,1.028589722076438173e+00,1.620166311784800584e-01,-3.915255362831017161e-01,-1.336718296224451707e+00,-5.044958934195897804e-01
1.379661271047544491e-01,1.028700454970902012e+00,1.621458482655946387e-01,-3.914762439134576444e-01,-1.336698411472957870e+00,-5.044721942440806295e-01
1.379390251704371018e-01,1.028811059422399588e+00,1.622752885908672338e-01,-3.914251279366768310e-01,-1.336677789593280430e+00,-5.044469985556679914e-01
1.379122745422585727e-01,1.028921563219653557e+00,1.624049385024068648e-01,-3.913724456606690327e-01,-1.336656560206796129e+00,-5.044205239110793881e-01
1.378858246480861582e-01,1.029031986109244734e+00,1.625347790610310317e-01,-3.913184233862111450e-01,-1.336634824587271231e+00,-5.043929593435694247e-01
1.378596317831004558e-01,1.029142343026545170e+00,1.626647906985199954e-01,-3.912632571625727085e-01,-1.336612664615077106e+00,-5.043644674099805325e-01
1.378336584576929646e-01,1.029252645778115038e+00,1.627949551428025110e-01,-3.912071154552909102e-01,-1.336590147909836102e+00,-5.043351871156197541e-01
1.378078726444356694e-01,1.029362903969605059e+00,1.629252560918395820e-01,-3.911501423825120005e-01,-1.336567331021842886e+00,-5.043052369613527652e-01
1.377822470440470126e-01,1.029473125555717905e+00,1.630556793303036545e-01,-3.910924609281876685e-01,-1.336544261590313587e+00,-5.042747178002813246e-01
1.377567584165193260e-01,1.029583317193750291e+00,1.631862126115329881e-01,-3.910341758951555446e-01,-1.336520979914299190e+00,-5.042437153885764856e-01
1.377313869916146905e-01,1.029693484487833821e+00,1.633168454516802093e-01,-3.909753765211422816e-01,-1.336497520159961150e+00,-5.042123026059578406e-01
1.377061159568563897e-01,1.029803632174126848e+00,1.634475689106592577e-01,-3.909161387569196067e-01,-1.336473911334188802e+00,-5.041805413758849719e-01
1.376809310201947689e-01,1.029913764260326881e+00,1.635783753777644567e-01,-3.908565272229887477e-01,-1.336450178077324580e+00,-5.041484843059832466e-01
1.376558200315345093e-01,1.030023884145112367e+00,1.637092583839894477e-01,-3.907965968949819180e-01,-1.336426341332284995e+00,-5.041161760864197872e-01
1.376307726644761809e-01,1.030133994709703238e+00,1.638402124319863207e-01,-3.907363945336659872e-01,-1.336402418899169664e+00,-5.040836546795877116e-01
1.376057801419194593e-01,1.030244098399714758e+00,1.639712328538074360e-01,-3.906759599120151472e-01,-1.336378425910958789e+00,-5.040509523344108844e-01
1.375808350047915685e-01,1.030354197290276774e+00,1.641023156858076593e-01,-3.906153268554643510e-01,-1.336354375232118974e+00,-5.040180964460895252e-01
1.375559309142861120e-01,1.030464293142488330e+00,1.642334575629560700e-01,-3.905545241300146242e-01,-1.336330277798689625e+00,-5.039851102869452593e-01
1.375310624826636130e-01,1.030574387452741325e+00,1.643646556299820927e-01,-3.904935761999406285e-01,-1.336306142909002848e+00,-5.039520136256543381e-01
1.375062251328185436e-01,1.030684481489918758e+00,1.644959074628662143e-01,-3.904325038664764880e-01,-1.336281978466143938e+00,-5.039188232581091054e-01
1.374814149740506697e-01,1.030794576333605272e+00,1.646272110065630512e-01,-3.903713248201429731e-01,-1.336257791191115762e+00,-5.038855534525348290e-01
1.374566287009903187e-01,1.030904672899490393e+00,1.647585645166961266e-01,-3.903100541018603153e-01,-1.336233586795911865e+00,-5.038522163297212142e-01
1.374318635052869664e-01,1.031014771965406585e+00,1.648899665141195792e-01,-3.902487045002218102e-01,-1.336209370136599794e+00,-5.038188221877294426e-01
1.374071170002932607e-01,1.031124874192641538e+00,1.650214157448037788e-01,-3.901872868897443003e-01,-1.336185145341660441e+00,-5.037853797743178097e-01
1.373823871590283963e-01,1.031234980142519575e+00,1.651529111458231169e-01,-3.901258105148109334e-01,-1.336160915920550751e+00,-5.037518965228684475e-01
1.380923854798047912e-01,1.027965615180272740e+00,1.612190932946866162e-01,-3.918989096445134601e-01,-1.336798533304839109e+00,-5.043611109420107486e-01
1.380615887260260022e-01,1.028080787424644926e+00,1.613517675376593130e-01,-3.918638880043741057e-01,-1.336793771400631936e+00,-5.043506098909297242e-01
1.380312201319240928e-01,1.028193959749591713e+00,1.614818164834755099e-01,-3.918272154502100424e-01,-1.336783191431448525e+00,-5.043379738772963972e-01
1.380014667288298746e-01,1.028306069357451502e+00,1.616108590805390988e-01,-3.917879182897271440e-01,-1.336769154069193721e+00,-5.043228075824046641e-01
1.379723560436612873e-01,1.028417579241806656e+00,1.617396315267489726e-01,-3.917458077875771161e-01,-1.336752885799550983e+00,-5.043051521543273630e-01
1.379438489971463455e-01,1.028528724331310595e+00,1.618684554346623561e-01,-3.917010274486720234e-01,-1.336735058466008486e+00,-5.042852214781318176e-01
1.379158826786653080e-01,1.028639628906966808e+00,1.619974596494397623e-01,-3.916538439111745262e-01,-1.336716067062550861e+00,-5.042632821148042011e-01
1.378883895058613807e-01,1.028750362746342129e+00,1.621266850322731490e-01,-3.916045527404405924e-01,-1.336696163728853026e+00,-5.042396007141072278e-01
1.378613053279288680e-01,1.028860968104122309e+00,1.622561337165315531e-01,-3.915534380761305777e-01,-1.336675523115945730e+00,-5.042144228111878901e-01
1.378345724329006761e-01,1.028971472773634765e+00,1.623857920437497826e-01,-3.915007571984310819e-01,-1.336654274869099934e+00,-5.041879659641347322e-01
1.378081402525691834e-01,1.029081896506933047e+00,1.625156410687859099e-01,-3.914467363905072550e-01,-1.336632520283489223e+00,-5.041604192054401912e-01
1.377819650852394606e-01,1.029192254243010973e+00,1.626456612163448556e-01,-3.913915716882763740e-01,-1.336610341255727308e+00,-5.041319450902456145e-01
1.377560094441481198e-01,1.029302557790940265e+00,1.627758342076289499e-01,-3.913354315461937127e-01,-1.336587805418505415e+00,-5.041026826230111668e-01
1.377302413036647910e-01,1.029412816759364357e+00,1.629061437354691610e-01,-3.912784600747549191e-01,-1.336564969334310904e+00,-5.040727503045905333e-01
1.377046333656688215e-01,1.029523039105820104e+00,1.630365755801614636e-01,-3.912207802521702193e-01,-1.336541880652897696e+00,-5.040422489873777057e-01
1.376791623919142726e-01,1.029633231488214617e+00,1.631671174894760989e-01,-3.911624968749630171e-01,-1.336518579679736307e+00,-5.040112644261223185e-01
1.376538086126505023e-01,1.029743399513161073e+00,1.632977589766743953e-01,-3.911036991776511984e-01,-1.336495100589132567e+00,-5.039798695001916906e-01
1.376285552173415194e-01,1.029853547916586454e+00,1.634284910974296012e-01,-3.910444631053353048e-01,-1.336471472392183779e+00,-5.039481261336444806e-01
1.376033879137636695e-01,1.029963680708712026e+00,1.635593062394734565e-01,-3.909848532774127250e-01,-1.336447719735995188e+00,-5.039160869338495941e-01
1.375782945530428236e-01,1.030073801288096780e+00,1.636901979305649124e-01,-3.909249246654863952e-01,-1.336423863566363668e+00,-5.038837965899087834e-01
1.375532648092181176e-01,1.030183912536830171e+00,1.638211606714363722e-01,-3.908647240284270907e-01,-1.336399921687124959e+00,-5.038512930641108056e-01
1.375282899058940245e-01,1.030294016900646703e+00,1.639521897919213878e-01,-3.908042911367319849e-01,-1.336375909233564974e+00,-5.038186086046690937e-01
1.375033623843057162e-01,1.030404116455431396e+00,1.640832813271930479e-01,-3.907436598146279416e-01,-1.336351839073132375e+00,-5.037857706073459729e-01
1.374784759056144057e-01,1.030514212963199672e+00,1.642144319112456285e-01,-3.906828588272860947e-01,-1.336327722144484476e+00,-5.037528023433301971e-01
1.374536250826634276e-01,1.030624307920526173e+00,1.643456386878448250e-01,-3.906219126375599648e-01,-1.336303567747891829e+00,-5.037197235827356456e-01
1.374288053381701735e-01,1.030734402596968247e+00,1.644768992320835010e-01,-3.905608420461659236e-01,-1.336279383788145481e+00,-5.036865511193171496e-01
1.374040127819835810e-01,1.030844498072017945e+00,1.646082114880188241e-01,-3.904996647422663836e-01,-1.336255176987332760e+00,-5.036532992221658400e-01
1.373792441090307404e-01,1.030954595261391216e+00,1.647395737104538904e-01,-3.904383957658096316e-01,-1.336230953058346937e+00,-5.036199800119293135e-01
1.373544965108225435e-01,1.031064694943464310e+00,1.648709844198964769e-01,-3.903770479054179954e-01,-1.336206716858596044e+00,-5.035866037864065170e-01
1.373297676011438484e-01,1.031174797779356611e+00,1.650024423616899549e-01,-3.903156320344050578e-01,-1.336182472517092990e+00,-5.035531792933793938e-01
1.373050553527202511e-01,1.031284904330827201e+00,1.651339464724979889e-01,-3.902541573976135436e-01,-1.336158223544128498e+00,-5.035197139656574228e-01
1.380158778544998133e-01,1.028014671845710604e+00,1.612002135061790520e-01,-3.920249860996836699e-01,-1.336796450162674788e+00,-5.041323703403723933e-01
1.379850991856375053e-01,1.028129844475634380e+00,1.613328945182734009e-01,-3.919899632817840374e-01,-1.336791669931504112e+00,-5.041218882672832136e-01
1.379547484792605916e-01,1.028243017707016760e+00,1.614629509715104771e-01,-3.919532902797552842e-01,-1.336781072406435733e+00,-5.041092702547861348e-01
1.379250128199094594e-01,1.028355128360396442e+00,1.615920013603511507e-01,-3.919139932451550234e-01,-1.336767017545356984e+00,-5.040941215900091033e-01
1.378959197753605315e-01,1.028466639295317453e+00,1.617207817323202679e-01,-3.918718832851985079e-01,-1.336750731609231302e+00,-5.040764836593283338e-01
1.378674302971903687e-01,1.028577785397577049e+00,1.618496136534496588e-01,-3.918271037807268820e-01,-1.336732886393669384e+00,-5.040565704432183880e-01
1.378394814961805825e-01,1.028688690938014627e+00,1.619786259534620187e-01,-3.917799212823265820e-01,-1.336713876902305032e+00,-5.040346485369003871e-01
1.378120058026461869e-01,1.028799425698653680e+00,1.621078594893174962e-01,-3.917306312996499118e-01,-1.336693955304646408e+00,-5.040109846022062801e-01
1.377849390750433833e-01,1.028910031938591541e+00,1.622373163878758351e-01,-3.916795179336265420e-01,-1.336673296278001244e+00,-5.039858241763824909e-01
1.377582236069886945e-01,1.029020537457306927e+00,1.623669829852207869e-01,-3.916268384396429103e-01,-1.336652029492787497e+00,-5.039593848175720758e-01
1.377318088343589819e-01,1.029130962011946204e+00,1.624968403301785269e-01,-3.915728190830460309e-01,-1.336630256264932815e+00,-5.039318555575580394e-01
1.377056510595963956e-01,1.029241320544050708e+00,1.626268688402399132e-01,-3.915176558846824584e-01,-1.336608058506364660e+00,-5.039033989517833767e-01
1.376797127971250978e-01,1.029351624867369308e+00,1.627570502314685530e-01,-3.914615172911573016e-01,-1.336585503864952118e+00,-5.038741540024149757e-01
1.376539620239687622e-01,1.029461884591898579e+00,1.628873681902487658e-01,-3.914045474035836580e-01,-1.336562648913123263e+00,-5.038442392098617661e-01
1.376283714437971650e-01,1.029572107676966386e+00,1.630178084918453008e-01,-3.913468691935032551e-01,-1.336539541309867296e+00,-5.038137554269013219e-01
1.376029178188207525e-01,1.029682300783090421e+00,1.631483588801190265e-01,-3.912885874535725339e-01,-1.336516221369322244e+00,-5.037827884059467021e-01
1.375775813812349091e-01,1.029792469517455178e+00,1.632790088643806259e-01,-3.912297914124654441e-01,-1.336492723271937244e+00,-5.037514110281404722e-01
1.375523453205287350e-01,1.029902618618375065e+00,1.634097494979129539e-01,-3.911705570132620879e-01,-1.336469076035800452e+00,-5.037196852159814275e-01
1.375271953457776475e-01,1.030012752096022499e+00,1.635405731647199268e-01,-3.911109488710318161e-01,-1.336445304311386417e+00,-5.036876635758403831e-01
1.375021193087408999e-01,1.030122873349683665e+00,1.636714733900565266e-01,-3.910510219549231947e-01,-1.336421429048400000e+00,-5.036553907965580779e-01
1.374771068837863097e-01,1.030232985262742540e+00,1.638024446733167550e-01,-3.909908230221180725e-01,-1.336397468055035009e+00,-5.036229048409208708e-01
1.374521492951556734e-01,1.030343090281466312e+00,1.639334823427665566e-01,-3.909303918410650391e-01,-1.336373436469687981e+00,-5.035902379577672505e-01
1.374272390845556746e-01,1.030453190481641634e+00,1.640645824312515766e-01,-3.908697622338708766e-01,-1.336349347161147616e+00,-5.035574175405512776e-01
1.374023699131348419e-01,1.030563287626542479e+00,1.641957415724413227e-01,-3.908089629653536123e-01,-1.336325211071497598e+00,-5.035244668615797003e-01
1.373775363945485550e-01,1.030673383212125316e+00,1.643269569081475812e-01,-3.907480184959341574e-01,-1.336301037501508970e+00,-5.034914056899234547e-01
1.373527339512944645e-01,1.030783478509209372e+00,1.644582260135258323e-01,-3.906869496265424346e-01,-1.336276834358888221e+00,-5.034582508203554463e-01
1.373279586940667762e-01,1.030893574596208895e+00,1.645895468305592357e-01,-3.906257740440676751e-01,-1.336252608365174677e+00,-5.034250165207945216e-01
1.373032073173000023e-01,1.031003672390354842e+00,1.647209176146198495e-01,-3.905645067891746480e-01,-1.336228365236121984e+00,-5.033917149123674495e-01
1.372784770127050691e-01,1.031113772669903561e+00,1.648523368852508608e-01,-3.905031606497033625e-01,-1.336204109829558950e+00,-5.033583562919704546e-01
1.372537653945311575e-01,1.031223876095998193e+00,1.649838033875537791e-01,-3.904417464979996755e-01,-1.336179846275505456e+00,-5.033249494088954945e-01
1.372290704351540602e-01,1.031333983230957152e+00,1.651153160578755219e-01,-3.903802735791206957e-01,-1.336155578085163720e+00,-5.032915016943255715e-01
1.379407018691958253e-01,1.028062898331054464e+00,1.611816662508470666e-01,-3.921488723253394038e-01,-1.336794403639697926e+00,-5.039075403088758565e-01
1.379099409725818293e-01,1.028178071333020638e+00,1.613143539161499274e-01,-3.921138483606598224e-01,-1.336789605395874103e+00,-5.038970768857429228e-01
1.378796078467778574e-01,1.028291245445727586e+00,1.614444177464653962e-01,-3.920771749247762283e-01,-1.336778990613115115e+00,-5.038844765645250634e-01
1.378498896238767868e-01,1.028403357120484918e+00,1.615734757937299371e-01,-3.920378780248444106e-01,-1.336764918553620118e+00,-5.038693452225785352e-01
1.378208139152552192e-01,1.028514869080949357e+00,1.617022639555109609e-01,-3.919957686073491931e-01,-1.336748615253765760e+00,-5.038517244863014444e-01
1.377923417032033415e-01,1.028626016169476909e+00,1.618311037505458516e-01,-3.919509899301467648e-01,-1.336730752459967198e+00,-5.038318284277617520e-01
1.377644101173155500e-01,1.028736922650705710e+00,1.619601239965910988e-01,-3.919038084621147555e-01,-1.336711725190053546e+00,-5.038099236758836197e-01
1.377369516015209405e-01,1.028847658308508217e+00,1.620893655439395731e-01,-3.918545196558587684e-01,-1.336691785639331886e+00,-5.037862769031521415e-01
1.377099020229239634e-01,1.028958265407972750e+00,1.622188305151122945e-01,-3.918034075754706635e-01,-1.336671108513722395e+00,-5.037611336514881133e-01
1.376832036815228144e-01,1.029068771753441025e+00,1.623485052400443496e-01,-3.917507294498516757e-01,-1.336649823507020551e+00,-5.037347114789406666e-01
1.376568060169145458e-01,1.029179197106750321e+00,1.624783707608009886e-01,-3.916967115274344047e-01,-1.336628031954594897e+00,-5.037071994149406873e-01
1.376306653339719466e-01,1.029289556414455076e+00,1.626084074896787246e-01,-3.916415498173238530e-01,-1.336605815786276130e+00,-5.036787600144034815e-01
1.376047441504296975e-01,1.029399861492015456e+00,1.627385971358459582e-01,-3.915854127545274066e-01,-1.336583242661914861e+00,-5.036495322797301943e-01
1.375790104447592588e-01,1.029510121952461388e+00,1.628689233805846182e-01,-3.915284444331398328e-01,-1.336560369165612050e+00,-5.036196347100451165e-01
1.375534369222619069e-01,1.029620345756693256e+00,1.629993719937419538e-01,-3.914707678181055805e-01,-1.336537242964859873e+00,-5.035891681566704303e-01
1.375280003466844980e-01,1.029730539566801273e+00,1.631299307151536926e-01,-3.914124876965767719e-01,-1.336513904381782858e+00,-5.035582183729123695e-01
1.375026809512021608e-01,1.029840708991333731e+00,1.632605890503333046e-01,-3.913536932929698731e-01,-1.336490387603241459e+00,-5.035268582388801040e-01
1.374774619264571007e-01,1.029950858769197897e+00,1.633913380488540568e-01,-3.912944605461833869e-01,-1.336466721652096457e+00,-5.034951496763141465e-01
1.374523289815005045e-01,1.030060992912966267e+00,1.635221700933292555e-01,-3.912348540700090749e-01,-1.336442931185441774e+00,-5.034631452921329853e-01
1.374272699690663735e-01,1.030171114822172829e+00,1.636530787062259740e-01,-3.911749288302313610e-01,-1.336419037156286516e+00,-5.034308897743732247e-01
1.374022745641092780e-01,1.030281227380486442e+00,1.637840583843920006e-01,-3.911147315816424497e-01,-1.336395057375475481e+00,-5.033984210845621199e-01
1.373773339915875247e-01,1.030391333034620605e+00,1.639151044545364144e-01,-3.910543020904623246e-01,-1.336371006984387044e+00,-5.033657714722306054e-01
1.373524407931562830e-01,1.030501433861891636e+00,1.640462129491746801e-01,-3.909936741782596425e-01,-1.336346898855816701e+00,-5.033329683316208891e-01
1.373275886307091520e-01,1.030611531624570976e+00,1.641773804990324936e-01,-3.909328766073918993e-01,-1.336322743931607215e+00,-5.033000349324969758e-01
1.373027721178671223e-01,1.030721627819944475e+00,1.643086042460497054e-01,-3.908719338380143848e-01,-1.336298551515894717e+00,-5.032669910453628770e-01
1.372779866774321289e-01,1.030831723718951265e+00,1.644398817643074606e-01,-3.908108666699634526e-01,-1.336274329517644022e+00,-5.032338534646588757e-01
1.372532284200888575e-01,1.030941820400813613e+00,1.645712109956452562e-01,-3.907496927896901284e-01,-1.336250084660515425e+00,-5.032006364583174740e-01
1.372284940409885523e-01,1.031051918781759058e+00,1.647025901935690317e-01,-3.906884272360444665e-01,-1.336225822659646401e+00,-5.031673521466378807e-01
1.372037807317765257e-01,1.031162019640789129e+00,1.648340178777078224e-01,-3.906270827967968651e-01,-1.336201548374658765e+00,-5.031340108271961098e-01
1.371790861064333400e-01,1.031272123639431992e+00,1.649654927925782721e-01,-3.905656703444476685e-01,-1.336177265936326020e+00,-5.031006212478421613e-01
1.371544081383147817e-01,1.031382231339214695e+00,1.650970138737817561e-01,-3.905041991220629671e-01,-1.336152978855823070e+00,-5.030671908414183768e-01
1.378668333814379310e-01,1.028110308965220154e+00,1.611634454785933757e-01,-3.922706079170162341e-01,-1.336792393195672446e+00,-5.036865524836113828e-01
1.378360899519906202e-01,1.028225482322156159e+00,1.612961396793382018e-01,-3.922355828313949799e-01,-1.336787577242416036e+00,-5.036761073862136007e-01
1.378057741021221916e-01,1.028338657294959768e+00,1.614262107600180074e-01,-3.921989089805625883e-01,-1.336776945497495817e+00,-5.036635244473353090e-01
1.377760730154326818e-01,1.028450769965346012e+00,1.615552763330794228e-01,-3.921596122206270074e-01,-1.336762856532221821e+00,-5.036484101275917613e-01
1.377470143445291284e-01,1.028562282924738946e+00,1.616840721488428945e-01,-3.921175033433232926e-01,-1.336746536162871868e+00,-5.036308062866358126e-01
1.377185591000921194e-01,1.028673430976185132e+00,1.618129196826833260e-01,-3.920727254893234259e-01,-1.336728656092010414e+00,-5.036109270877453525e-01
1.376906444327242740e-01,1.028784338374377327e+00,1.619419477376673466e-01,-3.920255450420725429e-01,-1.336709611346943660e+00,-5.035890391932071886e-01
1.376632027984650564e-01,1.028895074906642115e+00,1.620711971585680200e-01,-3.919762574008095468e-01,-1.336689654150039930e+00,-5.035654092856807207e-01
1.376361700732819660e-01,1.029005682843344482e+00,1.622006700630981013e-01,-3.919251465922949929e-01,-1.336668959234462495e+00,-5.035402829105435352e-01
1.376094885625170350e-01,1.029116189994610409e+00,1.623303527756166376e-01,-3.918724698214158253e-01,-1.336647656317902166e+00,-5.035138776249554748e-01
1.375831077103228939e-01,1.029226616126394100e+00,1.624602263318807027e-01,-3.918184533184148610e-01,-1.336625846754996072e+00,-5.034863824589208559e-01
1.375569838250825516e-01,1.029336976188000907e+00,1.625902711370744713e-01,-3.917632930786593137e-01,-1.336603612490298021e+00,-5.034579599662162286e-01
1.375310794260629632e-01,1.029447281999075203e+00,1.627204688953553524e-01,-3.917071575288086360e-01,-1.336581021198161912e+00,-5.034287491475135656e-01
1.375053624940595354e-01,1.029557543174220546e+00,1.628508032819083740e-01,-3.916501907544608363e-01,-1.336558129472498191e+00,-5.033988685017929399e-01
1.374798057355976488e-01,1.029667767676966772e+00,1.629812600624900853e-01,-3.915925157149042768e-01,-1.336534984990836561e+00,-5.033684188799711912e-01
1.374543859157377201e-01,1.029777962170997041e+00,1.631118269728122905e-01,-3.915342371921980424e-01,-1.336511628083001613e+00,-5.033374860353917457e-01
1.374290832684814390e-01,1.029888132266069567e+00,1.632424935142690603e-01,-3.914754444066154693e-01,-1.336488092941697570e+00,-5.033061428456088171e-01
1.374038809857102139e-01,1.029998282702109691e+00,1.633732507336432549e-01,-3.914162132932192395e-01,-1.336464408595559927e+00,-5.032744512343678700e-01
1.373787647772275189e-01,1.030108417492233919e+00,1.635040910102418810e-01,-3.913566084624305330e-01,-1.336440599705468468e+00,-5.032424638063228706e-01
1.373537224960711400e-01,1.030218540037593611e+00,1.636350078651782614e-01,-3.912966848784425467e-01,-1.336416687229645461e+00,-5.032102252506172047e-01
1.373287438180380293e-01,1.030328653222274404e+00,1.637659957933403077e-01,-3.912364892933060112e-01,-1.336392688982160237e+00,-5.031777735291389497e-01
1.373038199682937721e-01,1.030438759493326639e+00,1.638970501191179263e-01,-3.911760614716812690e-01,-1.336368620106452410e+00,-5.031451408890501575e-01
1.372789434887201343e-01,1.030548860928721000e+00,1.640281668736930654e-01,-3.911154352338314100e-01,-1.336344493477858997e+00,-5.031123547240095029e-01
1.372541080418430981e-01,1.030658959291545163e+00,1.641593426876496453e-01,-3.910546393406330035e-01,-1.336320320041564758e+00,-5.030794383067384024e-01
1.372293082415199650e-01,1.030769056078661317e+00,1.642905747006314920e-01,-3.909936982508188108e-01,-1.336296109101822616e+00,-5.030464114046789836e-01
1.372045395107563681e-01,1.030879152561708256e+00,1.644218604864733091e-01,-3.909326327635397336e-01,-1.336271868569890220e+00,-5.030132908134625769e-01
1.371797979604331974e-01,1.030989249819900033e+00,1.645531979858786686e-01,-3.908714605644214579e-01,-1.336247605170211461e+00,-5.029800908001584858e-01
1.371550802857308127e-01,1.031099348770026181e+00,1.646845854521029606e-01,-3.908101966918958170e-01,-1.336223324619505437e+00,-5.029468234851632857e-01
1.371303836784321384e-01,1.031209450191544086e+00,1.648160214046775762e-01,-3.907488539332434896e-01,-1.336199031778876112e+00,-5.029134991666938115e-01
1.371057057530096768e-01,1.031319554745184108e+00,1.649475045866383993e-01,-3.906874431596685238e-01,-1.336174730778472375e+00,-5.028801265916128527e-01
1.370810444827632035e-01,1.031429662993151419e+00,1.650790339338713553e-01,-3.906259736142010386e-01,-1.336150425131028330e+00,-5.028467131934390988e-01
1.377942489932977577e-01,1.028156917426024775e+00,1.611455449786373673e-01,-3.923902312007911952e-01,-1.336790417860308722e+00,-5.034693400310196187e-01
1.377635227286889419e-01,1.028272091125953303e+00,1.612782456030053546e-01,-3.923552050244215050e-01,-1.336785584501277491e+00,-5.034589129407233132e-01
1.377332238576733647e-01,1.028385266935912812e+00,1.614083238086029826e-01,-3.923185307727605209e-01,-1.336774936082715914e+00,-5.034463470836445520e-01
1.377035396119531130e-01,1.028497380577662268e+00,1.615373967780693587e-01,-3.922792341586811005e-01,-1.336760830500451247e+00,-5.034312494923359749e-01
1.376744976847735225e-01,1.028608894512428318e+00,1.616662001167953888e-01,-3.922371258214294998e-01,-1.336744493354139474e+00,-5.034136622550196005e-01
1.376460591160682811e-01,1.028720043502558745e+00,1.617950552559690724e-01,-3.921923487835942690e-01,-1.336726596300809700e+00,-5.033937996242026092e-01
1.376181610757987173e-01,1.028830951794551973e+00,1.619240909851828170e-01,-3.921451693477168710e-01,-1.336707534378732909e+00,-5.033719282955706475e-01
1.375907360323725404e-01,1.028941689179019958e+00,1.620533481441539247e-01,-3.920958828593127943e-01,-1.336687559837122174e+00,-5.033483149619830677e-01
1.375637198703884012e-01,1.029052297931023485e+00,1.621828288450293531e-01,-3.920447733087416564e-01,-1.336666847434943239e+00,-5.033232051713831812e-01
1.375370549004902576e-01,1.029162805866319585e+00,1.623125194066670773e-01,-3.919920978771967435e-01,-1.336645526913296633e+00,-5.032968164803003353e-01
1.375106905712604466e-01,1.029273232755508749e+00,1.624424008595062308e-01,-3.919380827771268283e-01,-1.336623699646866559e+00,-5.032693379201382822e-01
1.374845831932122731e-01,1.029383593552204657e+00,1.625724536025980327e-01,-3.918829239926620578e-01,-1.336601447596146297e+00,-5.032409320412616349e-01
1.374586952894237823e-01,1.029493900076747126e+00,1.627026593327014214e-01,-3.918267899381441266e-01,-1.336578838445922512e+00,-5.032117378453182521e-01
1.374329948416250224e-01,1.029604161947692553e+00,1.628330017211141179e-01,-3.917698246933553619e-01,-1.336555928802857451e+00,-5.031818738303742711e-01
1.374074545580862006e-01,1.029714387129964104e+00,1.629634665283795358e-01,-3.917121512110127157e-01,-1.336532766352671597e+00,-5.031514408468747979e-01
1.373820512050558107e-01,1.029824582288638490e+00,1.630940414857308118e-01,-3.916538742680558682e-01,-1.336509391432194604e+00,-5.031205246466003977e-01
1.373567650173517229e-01,1.029934753035571582e+00,1.632247160919964024e-01,-3.915950830813407779e-01,-1.336485838241800117e+00,-5.030891981085152675e-01
1.373315791875689973e-01,1.030044904111709458e+00,1.633554813905653547e-01,-3.915358535824410291e-01,-1.336462135815081664e+00,-5.030575231542868675e-01
1.373064794266785071e-01,1.030155039530529670e+00,1.634863297578076080e-01,-3.914762503781942238e-01,-1.336438308816954912e+00,-5.030255523892616099e-01
1.372814535883760678e-01,1.030265162693747127e+00,1.636172547122886067e-01,-3.914163284300032353e-01,-1.336414378209066944e+00,-5.029933305013651879e-01
1.372564913486966354e-01,1.030375276486641845e+00,1.637482507474908311e-01,-3.913561344884590176e-01,-1.336390361809496996e+00,-5.029608954524716902e-01
1.372315839331670062e-01,1.030485383357087947e+00,1.638793131865099728e-01,-3.912957083167525885e-01,-1.336366274764932749e+00,-5.029282794902459885e-01
1.372067238841921666e-01,1.030595485383192011e+00,1.640104380588010835e-01,-3.912350837332937981e-01,-1.336342129952610591e+00,-5.028955100077269202e-01
1.371819048646284733e-01,1.030705584328366120e+00,1.641416219936492615e-01,-3.911742894974552520e-01,-1.336317938319555365e+00,-5.028626102767617123e-01
1.371571214883355039e-01,1.030815681690376628e+00,1.642728621302954328e-01,-3.911133500677690944e-01,-1.336293709172627908e+00,-5.028296000657688225e-01
1.371323691790918842e-01,1.030925778740309662e+00,1.644041560410576253e-01,-3.910522862411902612e-01,-1.336269450423533067e+00,-5.027964961698232482e-01
1.371076440473572855e-01,1.031035876558425324e+00,1.645355016664113712e-01,-3.909911157037532226e-01,-1.336245168798748884e+00,-5.027633128553374853e-01
1.370829427891802899e-01,1.031145976060861447e+00,1.646668972585275947e-01,-3.909298534919047330e-01,-1.336220870015277562e+00,-5.027300622434838218e-01
1.370582625963305823e-01,1.031256078027174672e+00,1.647983413361076566e-01,-3.908685123926228799e-01,-1.336196558934764855e+00,-5.026967546315914692e-01
1.370336010830260909e-01,1.031366183119097002e+00,1.649298326426193451e-01,-3.908071032774141362e-01,-1.336172239689358721e+00,-5.026633987669659742e-01
1.370089562224640622e-01,1.031476291898982378e+00,1.650613701133531452e-01,-3.907456353892117540e-01,-1.336147915792245122e+00,-5.026300020820170245e-01
1.377229253863822833e-01,1.028202737715356418e+00,1.611279590839261311e-01,-3.925077804525890501e-01,-1.336788477327695679e+00,-5.032558370114796897e-01
1.376922159905978049e-01,1.028317911745492585e+00,1.612606660212322907e-01,-3.924727532130625196e-01,-1.336783626859883167e+00,-5.032454276160716056e-01
1.376619338061851328e-01,1.028431088370546753e+00,1.613907512283094536e-01,-3.924360785751012659e-01,-1.336772962051048896e+00,-5.032328785450180808e-01
1.376322661119925850e-01,1.028543202958575487e+00,1.615198314653728540e-01,-3.923967821109733412e-01,-1.336758840133180692e+00,-5.032177973918009473e-01
1.376032406399060326e-01,1.028654717845177036e+00,1.616486421974512311e-01,-3.923546743125824188e-01,-1.336742486496064419e+00,-5.032002264694208638e-01
1.375748184597625212e-01,1.028765867750597307e+00,1.617775048105393743e-01,-3.923098980849307749e-01,-1.336724572749480089e+00,-5.031803801201741866e-01
1.375469367598298465e-01,1.028876776914307900e+00,1.619065480816254954e-01,-3.922627196515228731e-01,-1.336705493943366463e+00,-5.031585250692446332e-01
1.375195280217324234e-01,1.028987515128616304e+00,1.620358128444504553e-01,-3.922134343037194104e-01,-1.336685502351850685e+00,-5.031349280222165987e-01
1.374925281373630404e-01,1.029098124675329462e+00,1.621653012075277844e-01,-3.921623259980989706e-01,-1.336664772761827935e+00,-5.031098345289108931e-01
1.374658794237669235e-01,1.029208633374156134e+00,1.622949994833061127e-01,-3.921096518903295358e-01,-1.336643434935799402e+00,-5.030834621464137513e-01
1.374395313327863299e-01,1.029319061000758762e+00,1.624248886964221039e-01,-3.920556381772641874e-01,-1.336621590267760284e+00,-5.030559999039896368e-01
1.374134401787621418e-01,1.029429422511175751e+00,1.625549492392273365e-01,-3.920004808289731524e-01,-1.336599320732495988e+00,-5.030276103523348974e-01
1.373875684861184665e-01,1.029539729730059694e+00,1.626851628039297226e-01,-3.919443482522312339e-01,-1.336576694029218304e+00,-5.029984324921595862e-01
1.373618842385186389e-01,1.029649992277834158e+00,1.628155130560756947e-01,-3.918873845189547178e-01,-1.336553766774331020e+00,-5.029685848200687870e-01
1.373363601457081307e-01,1.029760218121427817e+00,1.629459857518125165e-01,-3.918297125760411004e-01,-1.336530586662634246e+00,-5.029381681866219589e-01
1.373109729756772091e-01,1.029870413926936790e+00,1.630765686181306628e-01,-3.917714371943738505e-01,-1.336507194037875434e+00,-5.029072683437545432e-01
1.372857029639581450e-01,1.029980585307708418e+00,1.632072511503190326e-01,-3.917126475873468072e-01,-1.336483623106687224e+00,-5.028759581695032566e-01
1.372605333039229880e-01,1.030090737005674884e+00,1.633380243885091399e-01,-3.916534196831025216e-01,-1.336459902907619623e+00,-5.028442995843033225e-01
1.372354497072088286e-01,1.030200873035475917e+00,1.634688807068296335e-01,-3.915938180856760042e-01,-1.336436058110475500e+00,-5.028123451934362054e-01
1.372104400281064507e-01,1.030310996799687517e+00,1.635998136218005938e-01,-3.915338977542380805e-01,-1.336412109680900739e+00,-5.027801396853417426e-01
1.371854939431781384e-01,1.030421111184008032e+00,1.637308176246884683e-01,-3.914737054371805747e-01,-1.336388075439775891e+00,-5.027477210206846570e-01
1.371606026786272026e-01,1.030531218636749013e+00,1.638618880371132402e-01,-3.914132808954617349e-01,-1.336363970536610601e+00,-5.027151214475064078e-01
1.371357587770286046e-01,1.030641321236805519e+00,1.639930208874516571e-01,-3.913526579465545496e-01,-1.336339807851391059e+00,-5.026823683591191694e-01
1.371109559017431312e-01,1.030751420747504810e+00,1.641242128033262304e-01,-3.912918653481614051e-01,-1.336315598332453947e+00,-5.026494850266720604e-01
1.370861886668046370e-01,1.030861518667289811e+00,1.642554609233987106e-01,-3.912309275577664502e-01,-1.336291351288859452e+00,-5.026164912183267441e-01
1.370614524963897074e-01,1.030971616266884050e+00,1.643867628183656171e-01,-3.911698653711228602e-01,-1.336267074632709440e+00,-5.025834037285257239e-01
1.370367435011093371e-01,1.031081714627197554e+00,1.645181164285930142e-01,-3.911086964736456562e-01,-1.336242775092504109e+00,-5.025502368243217610e-01
1.370120583762614308e-01,1.031191814665923800e+00,1.646495200066497022e-01,-3.910474359030141622e-01,-1.336218458387834929e+00,-5.025170026265486367e-01
1.369873943146645290e-01,1.031301917161372650e+00,1.647809720696101488e-01,-3.909860964437033015e-01,-1.336194129379548734e+00,-5.024837114322959764e-01
1.369627489308011536e-01,1.031412022775259896e+00,1.649124713604399606e-01,-3.909246889665137226e-01,-1.336169792200416540e+00,-5.024503719891938447e-01
1.369381201975590212e-01,1.031522132070426645e+00,1.650440168141254493e-01,-3.908632227147476601e-01,-1.336145450364476961e+00,-5.024169917287039100e-01
1.376528400710556599e-01,1.028247783043184427e+00,1.611106818559890907e-01,-3.926232925207696622e-01,-1.336786570696408605e+00,-5.030459790780021923e-01
1.376221472540775925e-01,1.028362957389795662e+00,1.612433949962885082e-01,-3.925882642435987724e-01,-1.336781703409914090e+00,-5.030355870715794708e-01
1.375918814690793857e-01,1.028476134809348741e+00,1.613734870848213265e-01,-3.925515892335874057e-01,-1.336771022490878202e+00,-5.030230544972175144e-01
1.375622300411711296e-01,1.028588250321207154e+00,1.615025744649229156e-01,-3.925122929249887926e-01,-1.336756884516734134e+00,-5.030079894977693700e-01
1.375332207421450514e-01,1.028699766135231952e+00,1.616313924625977783e-01,-3.924701856617359153e-01,-1.336740514669117808e+00,-5.029904346107986202e-01
1.375048146685531880e-01,1.028810916933227571e+00,1.617602624206621043e-01,-3.924254102375591136e-01,-1.336722584513628131e+00,-5.029706042608041994e-01
1.374769490279475204e-01,1.028921826946738616e+00,1.618893131038274258e-01,-3.923782327967846317e-01,-1.336703489111561227e+00,-5.029487652073525439e-01
1.374495563139745413e-01,1.029032565970801283e+00,1.620185853403411091e-01,-3.923289485785848574e-01,-1.336683480762146603e+00,-5.029251841651334320e-01
1.374225724268674509e-01,1.029143176292085293e+00,1.621480812338813582e-01,-3.922778415044725908e-01,-1.336662734277841214e+00,-5.029001066873795001e-01
1.373959396892135698e-01,1.029253685735069590e+00,1.622777870910624698e-01,-3.922251687063882386e-01,-1.336641379443001432e+00,-5.028737503305517054e-01
1.373696075569996178e-01,1.029364114079347914e+00,1.624076839303479625e-01,-3.921711563641492870e-01,-1.336619517669713320e+00,-5.028463041235009534e-01
1.373435323469752445e-01,1.029474476285566764e+00,1.625377521393220615e-01,-3.921160004366211482e-01,-1.336597230949517323e+00,-5.028179306167369633e-01
1.373176765859488169e-01,1.029584784180663570e+00,1.626679734039495340e-01,-3.920598693208712793e-01,-1.336574586993232394e+00,-5.027887688093740648e-01
1.372920082595029678e-01,1.029695047387153339e+00,1.627983313845814684e-01,-3.920029070813099703e-01,-1.336551642427431075e+00,-5.027589371978079535e-01
1.372665000790663226e-01,1.029805273873711569e+00,1.629288118329428603e-01,-3.919452366584372793e-01,-1.336528444955578099e+00,-5.027285366327788330e-01
1.372411288132927010e-01,1.029915470308020664e+00,1.630594024715015800e-01,-3.918869628192229171e-01,-1.336505034928121116e+00,-5.026976528636010189e-01
1.372158746988216549e-01,1.030025642304967404e+00,1.631900927926761002e-01,-3.918281747729122633e-01,-1.336481446558491104e+00,-5.026663587690972657e-01
1.371907209297383856e-01,1.030135794607797806e+00,1.633208738338839117e-01,-3.917689484445202042e-01,-1.336457708890732343e+00,-5.026347162695355975e-01
1.371656532189715061e-01,1.030245931231225764e+00,1.634517379661787062e-01,-3.917093484341921950e-01,-1.336433846598185093e+00,-5.026027779705365406e-01
1.371406594209480523e-01,1.030356055579199515e+00,1.635826787043134223e-01,-3.916494296994382784e-01,-1.336409880650866633e+00,-5.025705885591920108e-01
1.371157292130162353e-01,1.030466170537566839e+00,1.637136905373031692e-01,-3.915892389861208023e-01,-1.336385828872214798e+00,-5.025381859961763897e-01
1.370908538213851946e-01,1.030576278555811687e+00,1.638447687856752211e-01,-3.915288160543277662e-01,-1.336361706415148509e+00,-5.025056025292476969e-01
1.370660257894013856e-01,1.030686381712688338e+00,1.639759094760387115e-01,-3.914681947192031886e-01,-1.336337526161302414e+00,-5.024728655513742703e-01
1.370412387802655008e-01,1.030796481772355611e+00,1.641071092350126215e-01,-3.914074037381772286e-01,-1.336313299061266724e+00,-5.024399983329307373e-01
1.370164874085721962e-01,1.030906580233587277e+00,1.642383652006678685e-01,-3.913464675671621262e-01,-1.336289034426161315e+00,-5.024070206431706653e-01
1.369917670984482638e-01,1.031016678367826733e+00,1.643696749432350668e-01,-3.912854070014954999e-01,-1.336264740170036269e+00,-5.023739492760500580e-01
1.369670739611649757e-01,1.031126777255136906e+00,1.645010364012851334e-01,-3.912242397249876547e-01,-1.336240423021067603e+00,-5.023407984983107033e-01
1.369424046924113680e-01,1.031236877813107800e+00,1.646324478265813185e-01,-3.911629807740228393e-01,-1.336216088699519577e+00,-5.023075804302868930e-01
1.369177564841847217e-01,1.031346980821748804e+00,1.647639077369357219e-01,-3.911016429346447776e-01,-1.336191742068995936e+00,-5.022743053693572435e-01
1.368931269514757076e-01,1.031457086942387136e+00,1.648954148745327419e-01,-3.910402370763380042e-01,-1.336167387262454209e+00,-5.022409820629779587e-01
1.368685140675785505e-01,1.031567196737763981e+00,1.650269681740220984e-01,-3.909787724414392485e-01,-1.336143027794491900e+00,-5.022076179434816767e-01
1.375839707513140386e-01,1.028292066754467715e+00,1.610937077504277226e-01,-3.927368039900874241e-01,-1.336784697505316366e+00,-5.028397028553245329e-01
1.375532942277970516e-01,1.028407241405205452e+00,1.612264269865329169e-01,-3.927017747006118498e-01,-1.336779813686368223e+00,-5.028293279364461910e-01
1.375230445595806150e-01,1.028520419598768054e+00,1.613565258371622846e-01,-3.926650993328914541e-01,-1.336769116930628165e+00,-5.028168115710351938e-01
1.374934091177704709e-01,1.028632536012300092e+00,1.614856202374500005e-01,-3.926258031851298513e-01,-1.336754963174097144e+00,-5.028017624457681300e-01
1.374644157126218846e-01,1.028744052731950243e+00,1.616144453756092891e-01,-3.925836964567796517e-01,-1.336738577392538208e+00,-5.027842233146432305e-01
1.374360254682301941e-01,1.028855204401068368e+00,1.617433225525793938e-01,-3.925389218299911720e-01,-1.336720631108432755e+00,-5.027644086871644324e-01
1.374081756110908936e-01,1.028966115242218038e+00,1.618723805191383258e-01,-3.924917453711229687e-01,-1.336701519391856552e+00,-5.027425853539668754e-01
1.373807986458071562e-01,1.029076855055061301e+00,1.620016601001681988e-01,-3.924424622700384835e-01,-1.336681494569586182e+00,-5.027190200401211451e-01
1.373538304813088917e-01,1.029187466129826589e+00,1.621311633932805696e-01,-3.923913564125552367e-01,-1.336660731477408159e+00,-5.026939583007806744e-01
1.373272134449101123e-01,1.029297976297279371e+00,1.622608767009684205e-01,-3.923386849087612815e-01,-1.336639359923366799e+00,-5.026676176927635797e-01
1.373008969969407300e-01,1.029408405340442867e+00,1.623907810352784031e-01,-3.922846739211632849e-01,-1.336617481336782598e+00,-5.026401872445888097e-01
1.372748374564447815e-01,1.029518768223890657e+00,1.625208567780822566e-01,-3.922295193976668148e-01,-1.336595177724413830e+00,-5.026118295047431461e-01
1.372489973530222618e-01,1.029629076776592544e+00,1.626510856094371960e-01,-3.921733897250562761e-01,-1.336572516808628874e+00,-5.025826834723484682e-01
1.372233446739854756e-01,1.029739340623620159e+00,1.627814511851699009e-01,-3.921164289606606790e-01,-1.336549555226770325e+00,-5.025528676440965681e-01
1.371978521319156541e-01,1.029849567735271476e+00,1.629119392519038090e-01,-3.920587600395564754e-01,-1.336526340690033177e+00,-5.025224828684078382e-01
1.371724964963148274e-01,1.029959764781708031e+00,1.630425375293445278e-01,-3.920004877247427744e-01,-1.336502913557521710e+00,-5.024916148955146378e-01
1.371472580056901647e-01,1.030069937377402711e+00,1.631732355050234951e-01,-3.919417012196262928e-01,-1.336479308046479186e+00,-5.024603366031342722e-01
1.371221198546122566e-01,1.030180090267381665e+00,1.633040242141994836e-01,-3.918824764466390942e-01,-1.336455553207078317e+00,-5.024287099116667710e-01
1.370970677562659001e-01,1.030290227467786091e+00,1.634348960257614725e-01,-3.918228780039451631e-01,-1.336431673717505486e+00,-5.023967874258684629e-01
1.370720895660159089e-01,1.030400352382749185e+00,1.635658444519010879e-01,-3.917629608459663459e-01,-1.336407690550768024e+00,-5.023646138325703614e-01
1.370471749613319523e-01,1.030510467899340421e+00,1.636968639803113301e-01,-3.917027717174381696e-01,-1.336383621534162014e+00,-5.023322270924720501e-01
1.370223151691610519e-01,1.030620576467019323e+00,1.638279499295058061e-01,-3.916423503760735891e-01,-1.336359481822588791e+00,-5.022996594527013858e-01
1.369975027332994977e-01,1.030730680164969604e+00,1.639590983248701006e-01,-3.915817306354600347e-01,-1.336335284300004922e+00,-5.022669383066490356e-01
1.369727313173776106e-01,1.030840780757765973e+00,1.640903057921102026e-01,-3.915209412514683573e-01,-1.336311039919133137e+00,-5.022340869246932904e-01
1.369479955358770262e-01,1.030950879744595872e+00,1.642215694680493610e-01,-3.914600066797252476e-01,-1.336286757992472429e+00,-5.022011250748300570e-01
1.369232908132050341e-01,1.031060978397246197e+00,1.643528869223046529e-01,-3.913989477146365692e-01,-1.336262446435694917e+00,-5.021680695514257886e-01
1.368986132607913631e-01,1.031171077796108060e+00,1.644842560928665154e-01,-3.913377820392018314e-01,-1.336238111978294230e+00,-5.021349346208509035e-01
1.368739595745933346e-01,1.031281178858839187e+00,1.646156752308781668e-01,-3.912765246891563575e-01,-1.336213760341482315e+00,-5.021017324039981355e-01
1.368493269470278662e-01,1.031391282365047735e+00,1.647471428530924709e-01,-3.912151884491697484e-01,-1.336189396388898665e+00,-5.020684731971820636e-01
1.368247129927774863e-01,1.031501388977108524e+00,1.648786577021938149e-01,-3.911537841894007772e-01,-1.336165024255540068e+00,-5.020351657492246877e-01
1.368001156853540512e-01,1.031611499257337528e+00,1.650102187117586383e-01,-3.910923211513091524e-01,-1.336140647455681396e+00,-5.020018174907344699e-01
1.375162956353732924e-01,1.028335601793719301e+00,1.610770311653951237e-01,-3.928483505937555020e-01,-1.336782857066293406e+00,-5.026369460541615375e-01
1.374856351246263597e-01,1.028450776737017902e+00,1.612097563921106591e-01,-3.928133203176996657e-01,-1.336777956996429539e+00,-5.026265879272535653e-01
1.374554012966746064e-01,1.028563955684388631e+00,1.613398618885549529e-01,-3.927766446044283488e-01,-1.336767244673662258e+00,-5.026140874928245461e-01
1.374257815656030890e-01,1.028676072978617739e+00,1.614689631890753319e-01,-3.927373486226049537e-01,-1.336753075404772506e+00,-5.025990539676938873e-01
1.373968037815784804e-01,1.028787590580902300e+00,1.615977953438333115e-01,-3.926952424257029173e-01,-1.336736673959268984e+00,-5.025815303197797013e-01
1.373684290945757225e-01,1.028898743098998647e+00,1.617266796146693275e-01,-3.926504685890024882e-01,-1.336718711820286121e+00,-5.025617311433141499e-01
1.373405947487502943e-01,1.029009654748523239e+00,1.618557447403882188e-01,-3.926032931036588791e-01,-1.336699584068911539e+00,-5.025399232585693321e-01
1.373132332606608330e-01,1.029120395330835658e+00,1.619850315395843232e-01,-3.925540111087945649e-01,-1.336679543054886121e+00,-5.025163733997389803e-01
1.372862805474605596e-01,1.029231007140980925e+00,1.621145421055711633e-01,-3.925029064558641090e-01,-1.336658763639063219e+00,-5.024913271257968050e-01
1.372596789420940377e-01,1.029341518014043944e+00,1.622442627351215472e-01,-3.924502362316579229e-01,-1.336637375650413517e+00,-5.024650019937731971e-01
1.372333779082232363e-01,1.029451947738138973e+00,1.623741744354972871e-01,-3.923962265833423890e-01,-1.336615480537400646e+00,-5.024375870314174986e-01
1.372073337677497673e-01,1.029562311280729947e+00,1.625042575821933621e-01,-3.923410734469846561e-01,-1.336593160320582729e+00,-5.024092447858097277e-01
1.371815090528351322e-01,1.029672620473367273e+00,1.626344938501556037e-01,-3.922849451997286185e-01,-1.336570482734614540e+00,-5.023801142570671896e-01
1.371558717519530957e-01,1.029782884943632126e+00,1.627648668900716911e-01,-3.922279858926261964e-01,-1.336547504426689015e+00,-5.023503139390569361e-01
1.371303945791597090e-01,1.029893112663468280e+00,1.628953624440756531e-01,-3.921703184550563992e-01,-1.336524273116185935e+00,-5.023199446801369650e-01
1.371050543053237425e-01,1.030003310304437703e+00,1.630259682281842704e-01,-3.921120476449118097e-01,-1.336500829169307014e+00,-5.022890922306839645e-01
1.370798311696238836e-01,1.030113483482649084e+00,1.631566737268895784e-01,-3.920532626622362238e-01,-1.336477206809621121e+00,-5.022578294677886301e-01
1.370547083672783995e-01,1.030223636944220145e+00,1.632874699725058165e-01,-3.919940394264867511e-01,-1.336453435092229025e+00,-5.022262183109392764e-01
1.370296716127594738e-01,1.030333774705313621e+00,1.634183493309113444e-01,-3.919344425319113423e-01,-1.336429538698657327e+00,-5.021943113650390034e-01
1.370047087613463499e-01,1.030443900171879035e+00,1.635493053131129859e-01,-3.918745269319804381e-01,-1.336405538606862287e+00,-5.021621533166412688e-01
1.369798094921238218e-01,1.030554016229678460e+00,1.636803324034009355e-01,-3.918143393671517094e-01,-1.336381452644800349e+00,-5.021297821260104488e-01
1.369549650310326883e-01,1.030664125331194336e+00,1.638114259209523804e-01,-3.917539195964159782e-01,-1.336357295973161552e+00,-5.020972300405844857e-01
1.369301679229462387e-01,1.030774229554679566e+00,1.639425818886050545e-01,-3.916933014303410898e-01,-1.336333081476311690e+00,-5.020645244526340534e-01
1.369054118316109514e-01,1.030884330665405191e+00,1.640737969312654476e-01,-3.916325136241055604e-01,-1.336308820109304296e+00,-5.020316886328634043e-01
1.368806913722110385e-01,1.030994430162261111e+00,1.642050681844167137e-01,-3.915715806314004066e-01,-1.336284521185581387e+00,-5.019987423493801337e-01
1.368560019688056795e-01,1.031104529318179530e+00,1.643363932175645470e-01,-3.915105232468941709e-01,-1.336260192623218490e+00,-5.019657023962224018e-01
1.368313397333215387e-01,1.031214629213046852e+00,1.644677699672530968e-01,-3.914493591520354920e-01,-1.336235841151790726e+00,-5.019325830386496268e-01
1.368067013615266170e-01,1.031324730765529107e+00,1.645991966849320587e-01,-3.913881033829034739e-01,-1.336211472494744035e+00,-5.018993963987340434e-01
1.367820840461798637e-01,1.031434834755182495e+00,1.647306718867895259e-01,-3.913267687232020453e-01,-1.336187091516403136e+00,-5.018661527728852656e-01
1.367574854022991782e-01,1.031544941843770102e+00,1.648621943141868329e-01,-3.912653660420015722e-01,-1.336162702351248788e+00,-5.018328609084722336e-01
1.367329034032369606e-01,1.031655052594441901e+00,1.649937629011681006e-01,-3.912039045810762894e-01,-1.336138308515294248e+00,-5.017995282372429422e-01
1.374497932757082208e-01,1.028378401014622634e+00,1.610606467309738110e-01,-3.929579675241757775e-01,-1.336781048880690825e+00,-5.024376475117912078e-01
1.374191485027590753e-01,1.028493576238799889e+00,1.611933778450568566e-01,-3.929229362850961138e-01,-1.336776132836456688e+00,-5.024273058877598563e-01
1.373889302417596603e-01,1.028606755921569693e+00,1.613234898729054290e-01,-3.928862602408476068e-01,-1.336765405211952862e+00,-5.024148211065643244e-01
1.373593259520399235e-01,1.028718874073898171e+00,1.614525979537285161e-01,-3.928469644274030226e-01,-1.336751220693138009e+00,-5.023998029111387265e-01
1.373303635195776140e-01,1.028830392539348937e+00,1.615814370059619753e-01,-3.928048587617390397e-01,-1.336734803852842157e+00,-5.023822944789823053e-01
1.373020041220854581e-01,1.028941545886514541e+00,1.617103282492952931e-01,-3.927600857092382047e-01,-1.336716826130080138e+00,-5.023625104864174462e-01
1.372741850208979986e-01,1.029052458324315467e+00,1.618394004107902573e-01,-3.927129111876981327e-01,-1.336697682616876826e+00,-5.023407177831671344e-01
1.372468387447792204e-01,1.029163199655870553e+00,1.619686943035598681e-01,-3.926636302854444871e-01,-1.336677625686253812e+00,-5.023171831139401355e-01
1.372199012176852362e-01,1.029273812182246672e+00,1.620982120171587659e-01,-3.926125268227178000e-01,-1.336656830224716153e+00,-5.022921520396603778e-01
1.371933147779748063e-01,1.029384323743202767e+00,1.622279398432155406e-01,-3.925598578632853997e-01,-1.336635426082396716e+00,-5.022658421170197451e-01
1.371670288931226278e-01,1.029494754130592549e+00,1.623578587830235842e-01,-3.925058495385314594e-01,-1.336613514724831475e+00,-5.022384423734086445e-01
1.371409998884276227e-01,1.029605118314388834e+00,1.624879492059960462e-01,-3.924506977716365475e-01,-1.336591178186177453e+00,-5.022101153557465558e-01
1.371151902970119685e-01,1.029715428130138166e+00,1.626181927824073004e-01,-3.923945709330161624e-01,-1.336568484214083252e+00,-5.021810000614793656e-01
1.370895681097235863e-01,1.029825693206914528e+00,1.627485731579380035e-01,-3.923376130657126315e-01,-1.336545489465150949e+00,-5.021512149858413654e-01
1.370641060418464063e-01,1.029935921518681630e+00,1.628790760706212981e-01,-3.922799470935663946e-01,-1.336522241667199573e+00,-5.021208609762138897e-01
1.370387808654531248e-01,1.030046119738205812e+00,1.630096892324152114e-01,-3.922216777697203893e-01,-1.336498781192914098e+00,-5.020900237821696033e-01
1.370135728203455139e-01,1.030156293483143859e+00,1.631404021246929403e-01,-3.921628942909938798e-01,-1.336475142271946970e+00,-5.020587762798146558e-01
1.369884651034347089e-01,1.030266447499600391e+00,1.632712057764960922e-01,-3.921036725721185334e-01,-1.336451353963448163e+00,-5.020271803902285335e-01
1.369634434286831626e-01,1.030376585806037415e+00,1.634020925521021406e-01,-3.920440772067124158e-01,-1.336427440954458090e+00,-5.019952887160009647e-01
1.369384956526882025e-01,1.030486711807986344e+00,1.635330559596347988e-01,-3.919841631446206454e-01,-1.336403424225198977e+00,-5.019631459441934451e-01
1.369136114543657023e-01,1.030596828393318676e+00,1.636640904831948851e-01,-3.919239771256710081e-01,-1.336379321608818227e+00,-5.019307900354941232e-01
1.368887820610866224e-01,1.030706938012854845e+00,1.637951914383244389e-01,-3.918635589050156742e-01,-1.336355148265522930e+00,-5.018982532357817439e-01
1.368640000174272675e-01,1.030817042746582368e+00,1.639263548478525345e-01,-3.918029422932522432e-01,-1.336330917083649039e+00,-5.018655629379944472e-01
1.368392589872640397e-01,1.030927144360329617e+00,1.640575773357115519e-01,-3.917421560447068574e-01,-1.336306639020290454e+00,-5.018327424124419123e-01
1.368145535862308193e-01,1.031037244352946969e+00,1.641888560361654537e-01,-3.916812246116398999e-01,-1.336282323390027393e+00,-5.017998114269547338e-01
1.367898792386974538e-01,1.031147343997307564e+00,1.643201885175671617e-01,-3.916201687876813553e-01,-1.336257978111782707e+00,-5.017667867751057775e-01
1.367652320567253332e-01,1.031257444374070520e+00,1.644515727166181440e-01,-3.915590062538422123e-01,-1.336233609917338638e+00,-5.017336827235677754e-01
1.367406087359926692e-01,1.031367546402048196e+00,1.645830068838123883e-01,-3.914977520457412208e-01,-1.336209224530668482e+00,-5.017005113923367343e-01
1.367160064696282817e-01,1.031477650860509021e+00,1.647144895344649917e-01,-3.914364189461794208e-01,-1.336184826816354310e+00,-5.016672830780462000e-01
1.366914228727051372e-01,1.031587758411701694e+00,1.648460194100144771e-01,-3.913750178239461253e-01,-1.336160420910228019e+00,-5.016340065285472827e-01
1.366668559188392307e-01,1.031697869618602548e+00,1.649775954439273162e-01,-3.913135579201921233e-01,-1.336136010328557777e+00,-5.016006891758918451e-01
1.373844427621752351e-01,1.028420476854467136e+00,1.610445490413993375e-01,-3.930656890702523554e-01,-1.336779272242080152e+00,-5.022417472826583573e-01
1.373538134551945122e-01,1.028535652349243934e+00,1.611772859408351910e-01,-3.930306568937904088e-01,-1.336774340494948587e+00,-5.022314218725636437e-01
1.373236104944265956e-01,1.028648832748388475e+00,1.613074043881196351e-01,-3.929939805295338262e-01,-1.336763597829405015e+00,-5.022189524768281288e-01
1.372940213811847110e-01,1.028760951737545781e+00,1.614365191323193505e-01,-3.929546848874958531e-01,-1.336749398319732718e+00,-5.022039493478726024e-01
1.372650740372866884e-01,1.028872471044377956e+00,1.615653649627808719e-01,-3.929125797491788696e-01,-1.336732966345749896e+00,-5.021864558700787073e-01
1.372367296668637882e-01,1.028983625200041496e+00,1.616942630583793616e-01,-3.928678074734703873e-01,-1.336714973304115706e+00,-5.021666867994281080e-01
1.372089255484155168e-01,1.029094538406623238e+00,1.618233421346104428e-01,-3.928206339056698471e-01,-1.336695814297479634e+00,-5.021449090156197004e-01
1.371815942225014795e-01,1.029205280468942219e+00,1.619526429989246175e-01,-3.927713540845840789e-01,-1.336675741721468524e+00,-5.021213892729208261e-01
1.371546716204761762e-01,1.029315893693414363e+00,1.620821677371670488e-01,-3.927202517983717223e-01,-1.336654930487579218e+00,-5.020963731353391690e-01
1.371281000859843613e-01,1.029426405924029675e+00,1.622119026353336380e-01,-3.926675840885022750e-01,-1.336633510466002761e+00,-5.020700781594852335e-01
1.371018290897405567e-01,1.029536836957362755e+00,1.623418286898096752e-01,-3.926135770713981010e-01,-1.336611583140399517e+00,-5.020426933712542894e-01
1.370758149598403641e-01,1.029647201766778819e+00,1.624719262648491314e-01,-3.925584266589395854e-01,-1.336589230559510177e+00,-5.020143813182667003e-01
1.370500202319474004e-01,1.029757512189411806e+00,1.626021770244458209e-01,-3.925023012118795118e-01,-1.336566520481141440e+00,-5.019852809965698048e-01
1.370244128981789600e-01,1.029867777856972255e+00,1.627325646098392031e-01,-3.924453447670113726e-01,-1.336543509572021060e+00,-5.019555108999314008e-01
1.369989656755648266e-01,1.029978006744526109e+00,1.628630747543487467e-01,-3.923876802419856147e-01,-1.336520245567285770e+00,-5.019251718757309355e-01
1.369736553373404331e-01,1.030088205526283218e+00,1.629936951663298883e-01,-3.923294123853802162e-01,-1.336496768846485939e+00,-5.018943496735145393e-01
1.369484621235374788e-01,1.030198379822242494e+00,1.631244153248977979e-01,-3.922706303916389525e-01,-1.336473113646350797e+00,-5.018631171690327575e-01
1.369233692320978024e-01,1.030308534378900021e+00,1.632552262557049605e-01,-3.922114101717156798e-01,-1.336449309030004473e+00,-5.018315362820562342e-01
1.368983623779689296e-01,1.030418673215402148e+00,1.633861203208561430e-01,-3.921518163161153980e-01,-1.336425379688721771e+00,-5.017996596162799250e-01
1.368734294181524758e-01,1.030528799738080092e+00,1.635170910264092670e-01,-3.920919037725609235e-01,-1.336401346606157503e+00,-5.017675318576519938e-01
1.368485600319955808e-01,1.030638916835247887e+00,1.636481328544838465e-01,-3.920317192791871186e-01,-1.336377227618115615e+00,-5.017351909664853338e-01
1.368237454472221448e-01,1.030749026958359016e+00,1.637792411192962871e-01,-3.919713025895558145e-01,-1.336353037887497708e+00,-5.017026691883710310e-01
1.367989782088586681e-01,1.030859132187646576e+00,1.639104118422956280e-01,-3.919106875127200129e-01,-1.336328790304583958e+00,-5.016699939161431976e-01
1.367742519808937129e-01,1.030969234289629277e+00,1.640416416466569938e-01,-3.918499028021926178e-01,-1.336304495828726235e+00,-5.016371884199158915e-01
1.367495613793595355e-01,1.031079334763382871e+00,1.641729276658144832e-01,-3.917889729089994999e-01,-1.336280163776107921e+00,-5.016042724678761999e-01
1.367249018289469209e-01,1.031189434881600198e+00,1.643042674667963554e-01,-3.917279186255767653e-01,-1.336255802066212306e+00,-5.015712628526666217e-01
1.367002694414450326e-01,1.031299535726279748e+00,1.644356589868753993e-01,-3.916667576333309198e-01,-1.336231417433659141e+00,-5.015381738420287006e-01
1.366756609135437728e-01,1.031409638214622504e+00,1.645671004742317034e-01,-3.916055049654116327e-01,-1.336207015600870518e+00,-5.015050175548537714e-01
1.366510734374720426e-01,1.031519743127937039e+00,1.646985904453973082e-01,-3.915441734062085066e-01,-1.336182601435711659e+00,-5.014718042879201532e-01
1.366265046286038454e-01,1.031629851128127884e+00,1.648301276408947191e-01,-3.914827738236587584e-01,-1.336158179073968721e+00,-5.014385427888000679e-01
1.366019524612583358e-01,1.031739962777395991e+00,1.649617109932144943e-01,-3.914213154572906417e-01,-1.336133752031523292e+00,-5.014052404895514847e-01
1.373202234334005289e-01,1.028461841739692018e+00,1.610287329327706185e-01,-3.931715491406090890e-01,-1.336777526673906369e+00,-5.020491863214191497e-01
1.372896093272763240e-01,1.028577017494556989e+00,1.611614755188009174e-01,-3.931365160487048649e-01,-1.336772579491995350e+00,-5.020388768484191910e-01
1.372594214037309857e-01,1.028690198591285077e+00,1.612916002738223886e-01,-3.930998393767413113e-01,-1.336761822039772341e+00,-5.020264225707371519e-01
1.372298472052873586e-01,1.028802318398516435e+00,1.614207215677124496e-01,-3.930605439112604405e-01,-1.336747607795747417e+00,-5.020114342465010759e-01
1.372009146908373944e-01,1.028913838526412494e+00,1.615495740596642471e-01,-3.930184392973238294e-01,-1.336731160945390018e+00,-5.019939554641021928e-01
1.371725850893215914e-01,1.029024993470936344e+00,1.616784788895750946e-01,-3.929736677916629284e-01,-1.336713152845531161e+00,-5.019742010577176172e-01
1.371447956961999171e-01,1.029135907427358498e+00,1.618075647615094814e-01,-3.929264951678472229e-01,-1.336693978609133637e+00,-5.019524379355122523e-01
1.371174790634248908e-01,1.029246650202879643e+00,1.619368724782364044e-01,-3.928772164165998948e-01,-1.336673890655231567e+00,-5.019289328626058699e-01
1.370905711301808882e-01,1.029357264107690462e+00,1.620664041202797279e-01,-3.928261152930089262e-01,-1.336653063917492501e+00,-5.019039314040534272e-01
1.370640142444844445e-01,1.029467776991446204e+00,1.621961459694865326e-01,-3.927734488185567474e-01,-1.336631628287910489e+00,-5.018776511170544019e-01
1.370377578816110720e-01,1.029578208653153526e+00,1.623260790156712541e-01,-3.927194430923482416e-01,-1.336609685265331748e+00,-5.018502810268444803e-01
1.370117583714077492e-01,1.029688574070736884e+00,1.624561836186713126e-01,-3.926642940167672791e-01,-1.336587316913931955e+00,-5.018219836796244948e-01
1.369859782519820823e-01,1.029798885083492266e+00,1.625864414372027167e-01,-3.926081699433704997e-01,-1.336564591002650904e+00,-5.017928980716307441e-01
1.369603855172371043e-01,1.029909151324875261e+00,1.627168361074944058e-01,-3.925512149019824149e-01,-1.336541564207207156e+00,-5.017631426962405605e-01
1.369349528848231579e-01,1.030019380772844384e+00,1.628473533596896949e-01,-3.924935518059985973e-01,-1.336518284272081303e+00,-5.017328183994722579e-01
1.369096571293333953e-01,1.030129580102425280e+00,1.629779808979420208e-01,-3.924352853992759682e-01,-1.336494791582682362e+00,-5.017020109310067477e-01
1.368844784921767199e-01,1.030239754934105134e+00,1.631087081977203590e-01,-3.923765048714942805e-01,-1.336471120380578581e+00,-5.016707931658789255e-01
1.368594001717884090e-01,1.030349910015715409e+00,1.632395262821888238e-01,-3.923172861309813242e-01,-1.336447299733951155e+00,-5.016392270232662431e-01
1.368344078833979294e-01,1.030460049367768471e+00,1.633704275115528959e-01,-3.922576937664262187e-01,-1.336423354338754699e+00,-5.016073651065238170e-01
1.368094894854319232e-01,1.030570176395913862e+00,1.635014053888335650e-01,-3.921977827216615031e-01,-1.336399305180472563e+00,-5.015752521017585730e-01
1.367846346568082905e-01,1.030680293990594576e+00,1.636324543957737576e-01,-3.921375997346752684e-01,-1.336375170099726617e+00,-5.015429259689105912e-01
1.367598346261980902e-01,1.030790404602931032e+00,1.637635698445551458e-01,-3.920771845564245406e-01,-1.336350964260989427e+00,-5.015104189537720192e-01
1.367350819385441396e-01,1.030900510314107343e+00,1.638947477557159971e-01,-3.920165709953324362e-01,-1.336326700557154856e+00,-5.014777584482025263e-01
1.367103702585415748e-01,1.031010612890133515e+00,1.640259847505760316e-01,-3.919557878030227038e-01,-1.336302389948218927e+00,-5.014449677222201363e-01
1.366856942021692500e-01,1.031120713831256808e+00,1.641572779626832013e-01,-3.918948594301587263e-01,-1.336278041753232282e+00,-5.014120665446477609e-01
1.366610491943789640e-01,1.031230814410271535e+00,1.642886249581496649e-01,-3.918338066682036658e-01,-1.336253663892773114e+00,-5.013790717075693459e-01
1.366364313472064884e-01,1.031340915708916839e+00,1.644200236729558007e-01,-3.917726471977104885e-01,-1.336229263101697429e+00,-5.013459974780488659e-01
1.366118373571570122e-01,1.031451018645529016e+00,1.645514723558199333e-01,-3.917113960519251203e-01,-1.336204845104856487e+00,-5.013128559756132585e-01
1.365872644174994099e-01,1.031561123999837681e+00,1.646829695212287670e-01,-3.916500660128934830e-01,-1.336180414768625813e+00,-5.012796574966280616e-01
1.365627101431197421e-01,1.031671232434942853e+00,1.648145139102516754e-01,-3.915886679493764122e-01,-1.336155976230851694e+00,-5.012464107888549014e-01
1.365381725077219055e-01,1.031781344514031584e+00,1.649461044555404488e-01,-3.915272111018396894e-01,-1.336131533008840133e+00,-5.012131232831884553e-01
1.372571151218155427e-01,1.028502507743053629e+00,1.610131932536659760e-01,-3.932755808208244774e-01,-1.336775811566876637e+00,-5.018599067733268138e-01
1.372265159561345260e-01,1.028617683746257283e+00,1.611459414267475132e-01,-3.932405468342731747e-01,-1.336770849210392464e+00,-5.018496129615094281e-01
1.371963428113948391e-01,1.028730865523777238e+00,1.612760723820323427e-01,-3.932038698665354937e-01,-1.336760077224261822e+00,-5.018371735418746260e-01
1.371667832727786751e-01,1.028842986127886050e+00,1.614052001119351543e-01,-3.931645745788064361e-01,-1.336745848494857336e+00,-5.018221997682049684e-01
1.371378653331524478e-01,1.028954507057310064e+00,1.615340591510141810e-01,-3.931224704865203257e-01,-1.336729387021421633e+00,-5.018047354279989714e-01
1.371095502465895788e-01,1.029065662772433720e+00,1.616629706002549460e-01,-3.930776997445757925e-01,-1.336711364120679590e+00,-5.017849954328559292e-01
1.370817753263249283e-01,1.029176577459935071e+00,1.617920631509188745e-01,-3.930305280540852819e-01,-1.336692174913423958e+00,-5.017632467199104607e-01
1.370544731345889333e-01,1.029287320930593053e+00,1.619213776019659823e-01,-3.929812503600948470e-01,-1.336672071842935905e+00,-5.017397560634597742e-01
1.370275796180228933e-01,1.029397935498724381e+00,1.620509160291111750e-01,-3.929301503861332701e-01,-1.336651229865371215e+00,-5.017147690307632857e-01
1.370010371297465113e-01,1.029508449018729399e+00,1.621806647097523979e-01,-3.928774851318795336e-01,-1.336629778893343001e+00,-5.016885031792696070e-01
1.369747951485879855e-01,1.029618881293225430e+00,1.623106046280491654e-01,-3.928234806815324442e-01,-1.336607820441945371e+00,-5.016611475336437698e-01
1.369488100070948844e-01,1.029729247303224238e+00,1.624407161385326426e-01,-3.927683329262921519e-01,-1.336585436589011522e+00,-5.016328646395007418e-01
1.369230442449317908e-01,1.029839558891149753e+00,1.625709808952285063e-01,-3.927122102100569223e-01,-1.336562695115275146e+00,-5.016037934915794638e-01
1.368974658577230552e-01,1.029949825692216603e+00,1.627013825294903737e-01,-3.926552565559660035e-01,-1.336539652705401870e+00,-5.015740525829365248e-01
1.368720475648738111e-01,1.030060055685446008e+00,1.628319067669736775e-01,-3.925975948711560859e-01,-1.336516357110967501e+00,-5.015437427594142683e-01
1.368467661417800407e-01,1.030170255547761426e+00,1.629625413087318342e-01,-3.925393298955749399e-01,-1.336492848724583515e+00,-5.015129497701087402e-01
1.368216018310254023e-01,1.030280430900213817e+00,1.630932756265828232e-01,-3.924805508148029309e-01,-1.336469161792533056e+00,-5.014817464897847188e-01
1.367965378310543600e-01,1.030390586492877736e+00,1.632241007421263157e-01,-3.924213335356141474e-01,-1.336445325389276295e+00,-5.014501948372920292e-01
1.367715598590678039e-01,1.030500726345003226e+00,1.633550090116979714e-01,-3.923617426414489628e-01,-1.336421364212293073e+00,-5.014183474160861520e-01
1.367466557724321130e-01,1.030610853865393972e+00,1.634859939382862781e-01,-3.923018330771714246e-01,-1.336397299253347937e+00,-5.013862489114001564e-01
1.367218152513722806e-01,1.030720971943461794e+00,1.636170500005056649e-01,-3.922416515771050549e-01,-1.336373148353786178e+00,-5.013539372822619633e-01
1.366970295245565625e-01,1.030831083031594098e+00,1.637481725098798302e-01,-3.921812378915301989e-01,-1.336348926681587779e+00,-5.013214447747550429e-01
1.366722911377991345e-01,1.030941189210665243e+00,1.638793574853026069e-01,-3.921206258266028977e-01,-1.336324647131007959e+00,-5.012887987814063084e-01
1.366475937556483888e-01,1.031051292247719964e+00,1.640106015476014978e-01,-3.920598441334675610e-01,-1.336300320664588925e+00,-5.012560225712755502e-01
1.366229319947012688e-01,1.031161393642479718e+00,1.641419018286626452e-01,-3.919989172612101669e-01,-1.336275956601771675e+00,-5.012231359131411601e-01
1.365983012798409613e-01,1.031271494668587474e+00,1.642732558944595411e-01,-3.919378660010189863e-01,-1.336251562865239828e+00,-5.011901555992497315e-01
1.365736977235268435e-01,1.031381596407545453e+00,1.644046616799506311e-01,-3.918767080321661767e-01,-1.336227146190378301e+00,-5.011570958961124589e-01
1.365491180220453349e-01,1.031491699778378957e+00,1.645361174336773535e-01,-3.918154583881144903e-01,-1.336202712303519613e+00,-5.011239689232149797e-01
1.365245593691241377e-01,1.031601805560742546e+00,1.646676216697351702e-01,-3.917541298498339875e-01,-1.336178266071810894e+00,-5.010907849778100109e-01
1.365000193791381933e-01,1.031711914418475429e+00,1.647991731290009976e-01,-3.916927332867531364e-01,-1.336153811634202659e+00,-5.010575528061174122e-01
1.364754960266717221e-01,1.031822026914060331e+00,1.649307707435063997e-01,-3.916312779375710762e-01,-1.336129352507964274e+00,-5.010242798407336107e-01
1.371950980504019479e-01,1.028542486725713800e+00,1.609979249607530194e-01,-3.933778165577038743e-01,-1.336774126329887791e+00,-5.016738518531873581e-01
1.371645135682603156e-01,1.028657662968098796e+00,1.611306786252609813e-01,-3.933427816991408865e-01,-1.336769149057692285e+00,-5.016635734329041307e-01
1.371343549491153557e-01,1.028770845408297552e+00,1.612608156732275866e-01,-3.933061044457230593e-01,-1.336758362783394549e+00,-5.016511486142869458e-01
1.371048098174182939e-01,1.028882966792065146e+00,1.613899497298152408e-01,-3.932668093411732513e-01,-1.336744119816962728e+00,-5.016361891393181782e-01
1.370759062021560115e-01,1.028994488504477500e+00,1.615188152040260283e-01,-3.932247057682164426e-01,-1.336727643969962465e+00,-5.016187389922636131e-01
1.370476053823309337e-01,1.029105644970220279e+00,1.616477331577628462e-01,-3.931799357812880702e-01,-1.336709606518543092e+00,-5.015990131606749003e-01
1.370198446866070507e-01,1.029216560370847189e+00,1.617768322723860952e-01,-3.931327650141776542e-01,-1.336690402595192229e+00,-5.015772786091468038e-01
1.369925566880320356e-01,1.029327304519227049e+00,1.619061533417467391e-01,-3.930834883654065193e-01,-1.336670284665058439e+00,-5.015538021200366403e-01
1.369656773406814076e-01,1.029437919733960927e+00,1.620356984373298448e-01,-3.930323895274301371e-01,-1.336649427706984028e+00,-5.015288292642180457e-01
1.369391490031139913e-01,1.029548433873318736e+00,1.621654538314682426e-01,-3.929797254778416571e-01,-1.336627961652866015e+00,-5.015025775997508095e-01
1.369129211566547100e-01,1.029658866745056578e+00,1.622954005040002090e-01,-3.929257222879046219e-01,-1.336605988035610038e+00,-5.014752361496724875e-01
1.368869501370659769e-01,1.029769233331993661e+00,1.624255188030220842e-01,-3.928705758367567746e-01,-1.336583588944772361e+00,-5.014469674586536918e-01
1.368611984858820185e-01,1.029879545479497116e+00,1.625557903781894298e-01,-3.928144544603810462e-01,-1.336560832172920543e+00,-5.014179105216491905e-01
1.368356342003538562e-01,1.029989812824846807e+00,1.626861988564764494e-01,-3.927575021752031104e-01,-1.336537774413994129e+00,-5.013881838311105010e-01
1.368102300012135064e-01,1.030100043348315841e+00,1.628167299589809713e-01,-3.926998418830829896e-01,-1.336514463426506039e+00,-5.013578882319883467e-01
1.367849626641845506e-01,1.030210243729236641e+00,1.629473713839806048e-01,-3.926415783209614707e-01,-1.336490939610616380e+00,-5.013271094721014620e-01
1.367598124335384913e-01,1.030320419588841130e+00,1.630781125997847469e-01,-3.925828006694067618e-01,-1.336467237217195736e+00,-5.012959204271698610e-01
1.367347625082838691e-01,1.030430575678314309e+00,1.632089446254184339e-01,-3.925235848324395427e-01,-1.336443385325387867e+00,-5.012643830150407265e-01
1.367097986056962367e-01,1.030540716018351732e+00,1.633398598153307235e-01,-3.924639953920984747e-01,-1.336419408637163686e+00,-5.012325498384143652e-01
1.366849085845933676e-01,1.030650844017192869e+00,1.634708516698084035e-01,-3.924040872893069243e-01,-1.336395328146303907e+00,-5.012004655831033828e-01
1.366600821255870291e-01,1.030760962564897465e+00,1.636019146659104251e-01,-3.923439072568186692e-01,-1.336371161697093024e+00,-5.011681682081192690e-01
1.366353104573322652e-01,1.030871074114883879e+00,1.637330441141391091e-01,-3.922834950440058921e-01,-1.336346924460465324e+00,-5.011356899586176805e-01
1.366105861259297172e-01,1.030981180748641757e+00,1.638642360325058556e-01,-3.922228844558957594e-01,-1.336322629333107193e+00,-5.011030582274856870e-01
1.365859027963524097e-01,1.031091284233371486e+00,1.639954870407389076e-01,-3.921621042422929748e-01,-1.336298287279136909e+00,-5.010702962838911034e-01
1.365612550850836271e-01,1.031201386069114267e+00,1.641267942694695781e-01,-3.921011788517594354e-01,-1.336273907619058177e+00,-5.010374238944167447e-01
1.365366384174230563e-01,1.031311487529887660e+00,1.642581552844421255e-01,-3.920401290745582634e-01,-1.336249498277385150e+00,-5.010044578532256709e-01
1.365120489059887532e-01,1.031421589697456120e+00,1.643895680200667953e-01,-3.919789725892485199e-01,-1.336225065990659377e+00,-5.009714124265374213e-01
1.364874832476260513e-01,1.031531693490105539e+00,1.645210307234401537e-01,-3.919177244278153616e-01,-1.336200616484830128e+00,-5.009382997330895648e-01
1.364629386356391305e-01,1.031641799688605365e+00,1.646525419090461018e-01,-3.918563973718185434e-01,-1.336176154629032498e+00,-5.009051300701229392e-01
1.364384126851437284e-01,1.031751908956015429e+00,1.647841003167545559e-01,-3.917950022890411832e-01,-1.336151684561893926e+00,-5.008719121843033806e-01
1.364139033700892956e-01,1.031862021855762146e+00,1.649157048786981383e-01,-3.917335484192562833e-01,-1.336127209801993398e+00,-5.008386535072393286e-01
1.371341526907079167e-01,1.028581790470405322e+00,1.609829231519367687e-01,-3.934782884066914677e-01,-1.336772470475440899e+00,-5.014909655371492248e-01
1.371035826394289836e-01,1.028696966943048130e+00,1.611156822133341937e-01,-3.934432526982425959e-01,-1.336767478541155185e+00,-5.014807022409529802e-01
1.370734382955473285e-01,1.028810150030823545e+00,1.612458252502706468e-01,-3.934065751719605930e-01,-1.336756678223112171e+00,-5.014682917704906817e-01
1.370439073255436124e-01,1.028922272173162566e+00,1.613749655232929736e-01,-3.933672802493753951e-01,-1.336742421259078384e+00,-5.014533463492879539e-01
1.370150177892995869e-01,1.029033794649186984e+00,1.615038373213741885e-01,-3.933251771918971906e-01,-1.336725931281874447e+00,-5.014359101507567251e-01
1.369867309907927544e-01,1.029144951848509626e+00,1.616327616685821755e-01,-3.932804079539408693e-01,-1.336707879528308718e+00,-5.014161982374852888e-01
1.369589842751622044e-01,1.029255867945538805e+00,1.617618672349016018e-01,-3.932332381008653566e-01,-1.336688661139888046e+00,-5.013944776025934802e-01
1.369317102262254671e-01,1.029366612755045596e+00,1.618911948091265596e-01,-3.931839624854487347e-01,-1.336668528603210060e+00,-5.013710150373282826e-01
1.369048448052950506e-01,1.029477228600002015e+00,1.620207464587136159e-01,-3.931328647693621003e-01,-1.336647656919560223e+00,-5.013460561149790662e-01
1.368783303746625712e-01,1.029587743344285267e+00,1.621505084518558293e-01,-3.930802019115673951e-01,-1.336626176041324499e+00,-5.013198183919328477e-01
1.368521164203586327e-01,1.029698176797879894e+00,1.622804617625322188e-01,-3.930261999665584094e-01,-1.336604187516225783e+00,-5.012924908929630163e-01
1.368261592804601579e-01,1.029808543946798771e+00,1.624105867336667619e-01,-3.929710548030559414e-01,-1.336581773447037769e+00,-5.012642361610286645e-01
1.368004214981501099e-01,1.029918856639262525e+00,1.625408650103201957e-01,-3.929149347495126676e-01,-1.336559001637591226e+00,-5.012351931902426783e-01
1.367748710721290450e-01,1.030029124514467265e+00,1.626712802148045922e-01,-3.928579838160736193e-01,-1.336535928790562044e+00,-5.012054804717935852e-01
1.367494807243616328e-01,1.030139355554677394e+00,1.628018180648508062e-01,-3.928003248997154473e-01,-1.336512602672730532e+00,-5.011751988514553391e-01
1.367242272321067542e-01,1.030249556439748249e+00,1.629324662546280944e-01,-3.927420627320844515e-01,-1.336489063689563439e+00,-5.011444340764217298e-01
1.366990908402457017e-01,1.030359732792216709e+00,1.630632142494448100e-01,-3.926832864906592002e-01,-1.336465346097279294e+00,-5.011132590214621985e-01
1.366740547482981349e-01,1.030469889364603375e+00,1.631940530661522004e-01,-3.926240720771460579e-01,-1.336441478980120001e+00,-5.010817356046729509e-01
1.366491046743924520e-01,1.030580030177908890e+00,1.633249750565366198e-01,-3.925644840704067828e-01,-1.336417487043211061e+00,-5.010499164276159823e-01
1.366242284777782756e-01,1.030690158641332177e+00,1.634559737193884421e-01,-3.925045774095839990e-01,-1.336393391284093290e+00,-5.010178461765235625e-01
1.365994158391140023e-01,1.030800277646100716e+00,1.635870435306262527e-01,-3.924443988263128791e-01,-1.336369209550500869e+00,-5.009855628096928637e-01
1.365746579879539846e-01,1.030910389645344205e+00,1.637181797988736254e-01,-3.923839880675693004e-01,-1.336344957014926838e+00,-5.009530985727495001e-01
1.365499474705220706e-01,1.031020496721025248e+00,1.638493785408567660e-01,-3.923233789374058755e-01,-1.336320646575950954e+00,-5.009204808576367407e-01
1.365252779521267112e-01,1.031130600640690620e+00,1.639806363754177099e-01,-3.922626001844635724e-01,-1.336296289199495835e+00,-5.008877329338208284e-01
1.365006440495867002e-01,1.031240702904827833e+00,1.641119504327431255e-01,-3.922016762562618997e-01,-1.336271894207994970e+00,-5.008548745686022263e-01
1.364760411886314639e-01,1.031350804786857367e+00,1.642433182768327504e-01,-3.921406279416447815e-01,-1.336247469525809528e+00,-5.008219225546148845e-01
1.364514654815627281e-01,1.031460907369511792e+00,1.643747378420851168e-01,-3.920794729194018724e-01,-1.336223021891418394e+00,-5.007888911576743318e-01
1.364269136254452897e-01,1.031571011571415175e+00,1.645062073754579024e-01,-3.920182262210500368e-01,-1.336198557032129974e+00,-5.007557924978677244e-01
1.364023828133777982e-01,1.031681118173672473e+00,1.646377253908856697e-01,-3.919569006281691248e-01,-1.336174079817809002e+00,-5.007226368709789543e-01
1.363778706611609992e-01,1.031791227838707581e+00,1.647692906273962588e-01,-3.918955070069914393e-01,-1.336149594386959016e+00,-5.006894330241529190e-01
1.363533751427129237e-01,1.031901341130483596e+00,1.649009020173398121e-01,-3.918340545972370248e-01,-1.336125104259421992e+00,-5.006561883895996878e-01
1.370742600014688839e-01,1.028620430449725065e+00,1.609681830034454253e-01,-3.935770276165230785e-01,-1.336770843468630732e+00,-5.013111930843238140e-01
1.370437041343966211e-01,1.028735607142540642e+00,1.611009473685210136e-01,-3.935419910771553731e-01,-1.336765837120679645e+00,-5.013009446536853542e-01
1.370135738217003463e-01,1.028848790860658724e+00,1.612310962908438949e-01,-3.935053132870584558e-01,-1.336755022996438669e+00,-5.012885482852436070e-01
1.369840567683826282e-01,1.028960913746333139e+00,1.613602426752890062e-01,-3.934660185530395871e-01,-1.336740752275615396e+00,-5.012736166732856269e-01
1.369551810698820538e-01,1.029072436967817028e+00,1.614891206887498210e-01,-3.934239160073924046e-01,-1.336724248408484472e+00,-5.012561941831151779e-01
1.369269080523370374e-01,1.029183594883234631e+00,1.616180513199186874e-01,-3.933791475113497249e-01,-1.336706182596322234e+00,-5.012364959498117889e-01
1.368991750772275418e-01,1.029294511659585520e+00,1.617471632271014759e-01,-3.933319785619521225e-01,-1.336686949988718620e+00,-5.012147889921086952e-01
1.368719147387924828e-01,1.029405257113987560e+00,1.618764971947009856e-01,-3.932827039675852454e-01,-1.336666803094162637e+00,-5.011913401109766575e-01
1.368450630050957184e-01,1.029515873573835449e+00,1.620060552859882430e-01,-3.932316073604927298e-01,-1.336645916935818024e+00,-5.011663948815808789e-01
1.368185622438310434e-01,1.029626388906712098e+00,1.621358237644173750e-01,-3.931789456781835668e-01,-1.336624421484882363e+00,-5.011401708618220541e-01
1.367923619434391058e-01,1.029736822927047157e+00,1.622657835989604336e-01,-3.931249449623931969e-01,-1.336602418305198325e+00,-5.011128570730217779e-01
1.367664184449359777e-01,1.029847190623741637e+00,1.623959151279067981e-01,-3.930698010706495382e-01,-1.336579989512897582e+00,-5.010846160594908394e-01
1.367406942937913206e-01,1.029957503846431255e+00,1.625261999904614729e-01,-3.930136823227537990e-01,-1.336557202921033971e+00,-5.010555868141610691e-01
1.367151574894850674e-01,1.030067772237757806e+00,1.626566218060073732e-01,-3.929567327240420793e-01,-1.336534115243144916e+00,-5.010258878281133033e-01
1.366897807556289313e-01,1.030178003780560569e+00,1.627871662873106307e-01,-3.928990751654348745e-01,-1.336510774251868039e+00,-5.009956199454471681e-01
1.366645408707715115e-01,1.030288205155914572e+00,1.629178211253519970e-01,-3.928408143740594327e-01,-1.336487220359039219e+00,-5.009648689143600953e-01
1.366394180795501290e-01,1.030398381989055423e+00,1.630485757836768745e-01,-3.927820395260905317e-01,-1.336463487827944885e+00,-5.009337076084374729e-01
1.366143955835725787e-01,1.030508539031031123e+00,1.631794212745630857e-01,-3.927228265174389499e-01,-1.336439605744204728e+00,-5.009021979450192230e-01
1.365894591008239567e-01,1.030618680305191992e+00,1.633103499492200850e-01,-3.926632399263217388e-01,-1.336415598818957218e+00,-5.008703925268823687e-01
1.365645964912090282e-01,1.030728809220990527e+00,1.634413553041451639e-01,-3.926033346893511577e-01,-1.336391488052316223e+00,-5.008383360391076566e-01
1.365397974360597066e-01,1.030838928669862042e+00,1.635724318134585964e-01,-3.925431575359789038e-01,-1.336367291294366266e+00,-5.008060664400619810e-01
1.365150531649252652e-01,1.030949041105749142e+00,1.637035747845363431e-01,-3.924827482123601774e-01,-1.336343023720142575e+00,-5.007736159742138815e-01
1.364903562246327917e-01,1.031059148610762533e+00,1.638347802329498670e-01,-3.924221405208107027e-01,-1.336318698230080759e+00,-5.007410120342534743e-01
1.364657002806977382e-01,1.031169252952821802e+00,1.639660447765761142e-01,-3.923613632090385828e-01,-1.336294325791810511e+00,-5.007082778893015007e-01
1.364410799501864224e-01,1.031279355632516603e+00,1.640973655445229773e-01,-3.923004407235604618e-01,-1.336269915728851121e+00,-5.006754333061249618e-01
1.364164906584823533e-01,1.031389457924513309e+00,1.642287401010033010e-01,-3.922393938535055358e-01,-1.336245475968110163e+00,-5.006424950772598859e-01
1.363919285186160346e-01,1.031499560910831725e+00,1.643601663791056378e-01,-3.921782402760389252e-01,-1.336221013248022338e+00,-5.006094774690990068e-01
1.363673902277316163e-01,1.031609665510452301e+00,1.644916426254766084e-01,-3.921169950220069200e-01,-1.336196533297035360e+00,-5.005763926009419995e-01
1.363428729789946392e-01,1.031719772504610333e+00,1.646231673535604179e-01,-3.920556708728270556e-01,-1.336172040985706078e+00,-5.005432507690560362e-01
1.363183743882741827e-01,1.031829882555903355e+00,1.647547393020538098e-01,-3.919942786943300672e-01,-1.336147540453226812e+00,-5.005100607202420671e-01
1.362938924295218068e-01,1.031939996228407930e+00,1.648863574029408030e-01,-3.919328277259181426e-01,-1.336123035219927813e+00,-5.004768298862478648e-01
1.370154012348308303e-01,1.028658418000893970e+00,1.609536998030711152e-01,-3.936740649638500456e-01,-1.336769244827306524e+00,-5.011344805937179014e-01
1.369848593084862232e-01,1.028773594905394662e+00,1.610864693807703418e-01,-3.936390276140039890e-01,-1.336764224310777793e+00,-5.011242467722446525e-01
1.369547427871510570e-01,1.028886779237370819e+00,1.612166240870948064e-01,-3.936023495687379636e-01,-1.336753396614279055e+00,-5.011118642640578491e-01
1.369252394138270879e-01,1.028998902846481434e+00,1.613457764767813329e-01,-3.935630550221081436e-01,-1.336739112368224625e+00,-5.010969462265399965e-01
1.368963773154811270e-01,1.029110426796587596e+00,1.614746605996778550e-01,-3.935209529857175426e-01,-1.336722594848311019e+00,-5.010795372086701560e-01
1.368681178422128109e-01,1.029221585411117079e+00,1.616035974065050396e-01,-3.934761852247068425e-01,-1.336704515216053046e+00,-5.010598524169874723e-01
1.368403983720012929e-01,1.029332502850101250e+00,1.617327155452496223e-01,-3.934290171691727789e-01,-1.336685268630475099e+00,-5.010381589002693703e-01
1.368131515088138739e-01,1.029443248933696875e+00,1.618620557964537132e-01,-3.933797435843748858e-01,-1.336665107622217130e+00,-5.010147234674564576e-01
1.367863132276582738e-01,1.029553865993305228e+00,1.619916202191140908e-01,-3.933286480729430434e-01,-1.336644207235655690e+00,-5.009897916956261854e-01
1.367598259012577921e-01,1.029664381899854320e+00,1.621213950712166729e-01,-3.932759875516811388e-01,-1.336622697459513454e+00,-5.009635811420136697e-01
1.367336390209112074e-01,1.029774816472428745e+00,1.622513613178933056e-01,-3.932219880492977548e-01,-1.336600679874732522e+00,-5.009362808284969493e-01
1.367077089298080195e-01,1.029885184702950207e+00,1.623814992922749667e-01,-3.931668454134671919e-01,-1.336578236610044046e+00,-5.009080532975043187e-01
1.366819981758242708e-01,1.029995498442785706e+00,1.625117906285155622e-01,-3.931107279550661859e-01,-1.336555435488348431e+00,-5.008790375419304164e-01
1.366564747596503981e-01,1.030105767336563671e+00,1.626422189414944430e-01,-3.930537796738640122e-01,-1.336532333231702729e+00,-5.008493520515214792e-01
1.366311114065466847e-01,1.030215999368512492e+00,1.627727699404386275e-01,-3.929961234550583549e-01,-1.336508977620204597e+00,-5.008190976714396170e-01
1.366058848951955673e-01,1.030326201221822613e+00,1.629034313132050327e-01,-3.929378640231752096e-01,-1.336485409072282637e+00,-5.007883601474016899e-01
1.365807754719913225e-01,1.030436378521665919e+00,1.630341925198217357e-01,-3.928790905492502983e-01,-1.336461661855277816e+00,-5.007572123538238662e-01
1.365557663388838883e-01,1.030546536020786608e+00,1.631650445709053876e-01,-3.928198789271984959e-01,-1.336437765060326077e+00,-5.007257162084104429e-01
1.365308432144218265e-01,1.030656677743095440e+00,1.632959798151927266e-01,-3.927602937327369093e-01,-1.336413743401798637e+00,-5.006939243127611627e-01
1.365059939590264060e-01,1.030766807098289828e+00,1.634269917467902067e-01,-3.927003899004339327e-01,-1.336389617882220548e+00,-5.006618813508835197e-01
1.364812082543956362e-01,1.030876926978932628e+00,1.635580748391363692e-01,-3.926402141583367200e-01,-1.336365406355473295e+00,-5.006296252824923299e-01
1.364564773307372636e-01,1.030987039839010855e+00,1.636892243980160033e-01,-3.925798062505133634e-01,-1.336341123998418645e+00,-5.005971883519553245e-01
1.364317937348560883e-01,1.031097147761159905e+00,1.638204364376921740e-01,-3.925191999785681007e-01,-1.336316783713286105e+00,-5.005645979504088627e-01
1.364071511326546970e-01,1.031207252513480332e+00,1.639517075750161756e-01,-3.924584240888752129e-01,-1.336292396469207278e+00,-5.005318773469051852e-01
1.363825441409002026e-01,1.031317355597759056e+00,1.640830349390935694e-01,-3.923975030281877108e-01,-1.336267971592288717e+00,-5.004990463084322272e-01
1.363579681861140092e-01,1.031427458287531129e+00,1.642144160924981222e-01,-3.923364575830701195e-01,-1.336243517009141568e+00,-5.004661216281516278e-01
1.363334193808959927e-01,1.031537561666006075e+00,1.643458489685510338e-01,-3.922753054311885479e-01,-1.336219039460432523e+00,-5.004331175721685732e-01
1.363088944223873056e-01,1.031647666651958062e+00,1.644773318126482864e-01,-3.922140616030144744e-01,-1.336194544674565776e+00,-5.004000462580560082e-01
1.362843905047120829e-01,1.031757774025896301e+00,1.646088631374829914e-01,-3.921527388778275336e-01,-1.336170037522146137e+00,-5.003669179833061254e-01
1.362599052430040480e-01,1.031867884452073003e+00,1.647404416827900342e-01,-3.920913481229698072e-01,-1.336145522145048892e+00,-5.003337414955530971e-01
1.362354366117239646e-01,1.031977998493621929e+00,1.648720663791279628e-01,-3.920298985764802402e-01,-1.336121002062571339e+00,-5.003005242252360762e-01
1.369575580797160463e-01,1.028695764141764224e+00,1.609394688425260234e-01,-3.937694304944420187e-01,-1.336767673942253598e+00,-5.009607752111118195e-01
1.369270298543461828e-01,1.028810941250002831e+00,1.610722435430810007e-01,-3.937343923549252445e-01,-1.336762639497822036e+00,-5.009505557451980895e-01
1.368969268872980427e-01,1.028924126181752330e+00,1.612024039350631877e-01,-3.936977140655416596e-01,-1.336751798460978913e+00,-5.009381868584876774e-01
1.368674369575731964e-01,1.029036250499737015e+00,1.613315622284328399e-01,-3.936584197117937722e-01,-1.336737500921945099e+00,-5.009232821586427908e-01
1.368385882264087083e-01,1.029147775160795142e+00,1.614604523552197191e-01,-3.936163181809628209e-01,-1.336720969980310869e+00,-5.009058863803614869e-01
1.368103420660979619e-01,1.029258934457700114e+00,1.615893952325680172e-01,-3.935715511465670002e-01,-1.336702876763678161e+00,-5.008862148026138605e-01
1.367826358691118793e-01,1.029369852544111952e+00,1.617185194968719097e-01,-3.935243839753583273e-01,-1.336683616438953282e+00,-5.008645344962318058e-01
1.367554022505310940e-01,1.029480599241222150e+00,1.618478659237909678e-01,-3.934751113876191475e-01,-1.336663441556745768e+00,-5.008411122808171800e-01
1.367285771918253789e-01,1.029591216884782945e+00,1.619774365683306072e-01,-3.934240169575571322e-01,-1.336642527182667184e+00,-5.008161937345991799e-01
1.367021030697473660e-01,1.029701733351101378e+00,1.621072176852348112e-01,-3.933713575835292575e-01,-1.336621003325618950e+00,-5.007899964158480932e-01
1.366759293794022334e-01,1.029812168461609501e+00,1.622371902335933980e-01,-3.933173592791924245e-01,-1.336598971580164941e+00,-5.007627093449477096e-01
1.366500124663522497e-01,1.029922537211413802e+00,1.623673345421197678e-01,-3.932622178823423909e-01,-1.336576514088167356e+00,-5.007344950646080983e-01
1.366243148795525941e-01,1.030032851455148002e+00,1.624976322408532570e-01,-3.932061016974232603e-01,-1.336553698683705438e+00,-5.007054925655824995e-01
1.365988046221081609e-01,1.030143120838150184e+00,1.626280669398112999e-01,-3.931491547164440159e-01,-1.336530582096257858e+00,-5.006758203386491024e-01
1.365734544201110123e-01,1.030253353346487044e+00,1.627586243445128811e-01,-3.930914998204341204e-01,-1.336507212113190457e+00,-5.006455792279724815e-01
1.365482410532905810e-01,1.030363555664683517e+00,1.628892921397153692e-01,-3.930332417296893421e-01,-1.336483629159132658e+00,-5.006148549787501345e-01
1.365231447692199507e-01,1.030473733418344917e+00,1.630200597821044595e-01,-3.929744696113736113e-01,-1.336459867505735977e+00,-5.005837204656410355e-01
1.364981487700934470e-01,1.030583891361753546e+00,1.631509182803299873e-01,-3.929152593573843055e-01,-1.336435956249121482e+00,-5.005522376055046019e-01
1.364732387750020592e-01,1.030694033519427011e+00,1.632818599807834004e-01,-3.928556755411118928e-01,-1.336411920106974627e+00,-5.005204589990200903e-01
1.364484026450533405e-01,1.030804163301696663e+00,1.634128783760381565e-01,-3.927957730947468362e-01,-1.336387780085156907e+00,-5.004884293306652854e-01
1.364236300622169717e-01,1.030914283601797710e+00,1.635439679380741307e-01,-3.927355987450044661e-01,-1.336363554040303381e+00,-5.004561865598500248e-01
1.363989122568395329e-01,1.031024396874635984e+00,1.636751239718528261e-01,-3.926751922349386859e-01,-1.336339257152158844e+00,-5.004237629309102875e-01
1.363742417762943138e-01,1.031134505202483842e+00,1.638063424897133191e-01,-3.926145873643672179e-01,-1.336314902323730625e+00,-5.003911858340798213e-01
1.363496122867846605e-01,1.031244610353958091e+00,1.639376201079392747e-01,-3.925538128786241199e-01,-1.336290500526227332e+00,-5.003584785390281509e-01
1.363250184058611703e-01,1.031354713830169967e+00,1.640689539540651776e-01,-3.924928932224829303e-01,-1.336266061085984225e+00,-5.003256608126904759e-01
1.363004555590196232e-01,1.031464816906814352e+00,1.642003415915141984e-01,-3.924318491841669032e-01,-1.336241591933091222e+00,-5.002927494477349413e-01
1.362759198599504395e-01,1.031574920665600414e+00,1.643317809515290884e-01,-3.923706984387615448e-01,-1.336217099807015085e+00,-5.002597587097267207e-01
1.362514080056584642e-01,1.031685026026337493e+00,1.644632702800488122e-01,-3.923094560168655098e-01,-1.336192590438384009e+00,-5.002267007174737712e-01
1.362269171900226949e-01,1.031795133769996431e+00,1.645948080894281129e-01,-3.922481346980615791e-01,-1.336168068698777134e+00,-5.001935857676842456e-01
1.362024450288396304e-01,1.031905244559748303e+00,1.647263931178369889e-01,-3.921867453478369292e-01,-1.336143538728914004e+00,-5.001604226065747838e-01
1.361779894960331305e-01,1.032015358960195472e+00,1.648580242969346632e-01,-3.921252972054092845e-01,-1.336119004050614789e+00,-5.001272186659490027e-01
1.369007125136709746e-01,1.028732479783420306e+00,1.609254855674437379e-01,-3.938631537946759575e-01,-1.336766130312665446e+00,-5.007900249817116567e-01
1.368701977548331672e-01,1.028847657087086809e+00,1.610582653029943578e-01,-3.938281148836931256e-01,-1.336761082176904702e+00,-5.007798196251388445e-01
1.368401081102582906e-01,1.028960842602844483e+00,1.611884312821269538e-01,-3.937914363587075584e-01,-1.336750228024926601e+00,-5.007674641250465797e-01
1.368106313956283793e-01,1.029072967610741296e+00,1.613175953765526305e-01,-3.937521421963160462e-01,-1.336735917416417285e+00,-5.007525725357164781e-01
1.367817958029692860e-01,1.029184492966172204e+00,1.614464914047949173e-01,-3.937100411669871014e-01,-1.336719373281661793e+00,-5.007351897707411625e-01
1.367535627274220067e-01,1.029295652928532201e+00,1.615754402472034945e-01,-3.936652748519451905e-01,-1.336701266709816815e+00,-5.007155311769950767e-01
1.367258695772323729e-01,1.029406571645270274e+00,1.617045705307836867e-01,-3.936181085532524104e-01,-1.336681992877599701e+00,-5.006938638540451292e-01
1.366986489766054691e-01,1.029517318940402548e+00,1.618339230269932871e-01,-3.935688369502305939e-01,-1.336661804356541916e+00,-5.006704546285178914e-01
1.366718369132528810e-01,1.029627937154440787e+00,1.619634997875219473e-01,-3.935177435893527087e-01,-1.336640876233900599e+00,-5.006455490805800101e-01
1.366453757691983018e-01,1.029738454166484907e+00,1.620932870616644261e-01,-3.934650853482278832e-01,-1.336619338535184776e+00,-5.006193647685514003e-01
1.366192150426004670e-01,1.029848889801964651e+00,1.622232658043845088e-01,-3.934110882273082477e-01,-1.336597292870854492e+00,-5.005920907130635422e-01
1.365933110814461782e-01,1.029959259058395027e+00,1.623534163389926954e-01,-3.933559480541222175e-01,-1.336574821394274304e+00,-5.005638894552173479e-01
1.365676264366049164e-01,1.030069573792819604e+00,1.624837202913433920e-01,-3.932998331256286617e-01,-1.336551991950104989e+00,-5.005348999864142057e-01
1.365421291127210945e-01,1.030179843651824800e+00,1.626141612664747105e-01,-3.932428874274070396e-01,-1.336528861275095625e+00,-5.005052407952159665e-01
1.365167918364527111e-01,1.030290076624185369e+00,1.627447249673608931e-01,-3.931852338369808963e-01,-1.336505477165247591e+00,-5.004750127259782744e-01
1.364915913893929855e-01,1.030400279394195540e+00,1.628753990743564972e-01,-3.931269770690629106e-01,-1.336481880049294357e+00,-5.004443015241492043e-01
1.364665080190118063e-01,1.030510457590037010e+00,1.630061730426109745e-01,-3.930682062890273332e-01,-1.336458104205672681e+00,-5.004131800630307048e-01
1.364415249283519871e-01,1.030620615966432618e+00,1.631370378779546104e-01,-3.930089973858807428e-01,-1.336434178734161371e+00,-5.003817102593610677e-01
1.364166278376470753e-01,1.030730758547945936e+00,1.632679859243579557e-01,-3.929494149295191252e-01,-1.336410128355353999e+00,-5.003499447140247192e-01
1.363918046082511770e-01,1.030840888745824913e+00,1.633990106728420433e-01,-3.928895138508086138e-01,-1.336385974078474703e+00,-5.003179281115798238e-01
1.363670449219283043e-01,1.030951009454583289e+00,1.635301065943041976e-01,-3.928293408757794203e-01,-1.336361733763432147e+00,-5.002856984097235893e-01
1.363423400104409322e-01,1.031061123127788193e+00,1.636612689909863749e-01,-3.927689357440636297e-01,-1.336337422590012869e+00,-5.002532878530546734e-01
1.363176824208363891e-01,1.031171231849678849e+00,1.637924938758895110e-01,-3.927083322557042289e-01,-1.336313053465499223e+00,-5.002207238331983774e-01
1.362930658195914690e-01,1.031281337388660013e+00,1.639237778635647402e-01,-3.926475591547690658e-01,-1.336288637361635168e+00,-5.001880296180951646e-01
1.362684848241978441e-01,1.031391441246790830e+00,1.640551180815059129e-01,-3.925866408858070256e-01,-1.336264183607141387e+00,-5.001552249751610724e-01
1.362439348606718781e-01,1.031501544699130468e+00,1.641865120915293186e-01,-3.925255982354904916e-01,-1.336239700131945041e+00,-5.001223266960242997e-01
1.362194120430212929e-01,1.031611648827492678e+00,1.643179578243894323e-01,-3.924644488780394957e-01,-1.336215193676559609e+00,-5.000893490466589153e-01
1.361949130680456532e-01,1.031721754552689552e+00,1.644494535264646173e-01,-3.924032078444265048e-01,-1.336190669973736700e+00,-5.000563041470421632e-01
1.361704351299912463e-01,1.031831862654915666e+00,1.645809977085585518e-01,-3.923418879129141890e-01,-1.336166133894197250e+00,-5.000232022917517893e-01
1.361459758447942370e-01,1.031941973797839474e+00,1.647125891091745231e-01,-3.922804999488354594e-01,-1.336141589580164935e+00,-4.999900522287430982e-01
1.361215331868079192e-01,1.032052088545267088e+00,1.648442266587012150e-01,-3.922190531902761124e-01,-1.336117040552612378e+00,-4.999568613888869528e-01
1.368448467613570807e-01,1.028768575801505492e+00,1.609117456388734491e-01,-3.939552640688280816e-01,-1.336764613636687749e+00,-5.006221788362618108e-01
1.368143452386559045e-01,1.028883753292288983e+00,1.610445303225564451e-01,-3.939202244043444878e-01,-1.336759552041467236e+00,-5.006119873467166359e-01
1.367842686878380232e-01,1.028996939378588271e+00,1.611747017937620319e-01,-3.938835456537205237e-01,-1.336748684998136039e+00,-5.005996450023881827e-01
1.367548049615102956e-01,1.029109065060878070e+00,1.613038715901801701e-01,-3.938442516851836661e-01,-1.336734361542739835e+00,-5.005847662971303347e-01
1.367259822825451221e-01,1.029220591094001991e+00,1.614327734182016139e-01,-3.938021511533877361e-01,-1.336717804438259272e+00,-5.005673963214103406e-01
1.366977620679649119e-01,1.029331751706483056e+00,1.615617281243279524e-01,-3.937573855499302833e-01,-1.336699684739163008e+00,-5.005477504902655639e-01
1.366700817403938839e-01,1.029442671039786594e+00,1.616908643251411259e-01,-3.937102201153094283e-01,-1.336680397630628292e+00,-5.005260959276285337e-01
1.366428739340302678e-01,1.029553418919755492e+00,1.618202227877486021e-01,-3.936609494865238590e-01,-1.336660195704177267e+00,-5.005026994681579522e-01
1.366160746440509832e-01,1.029664037689729472e+00,1.619498055593666663e-01,-3.936098571805298207e-01,-1.336639254066407156e+00,-5.004778066960362537e-01
1.365896262559936070e-01,1.029774555233675892e+00,1.620795988851616576e-01,-3.935572000574980023e-01,-1.336617702761160542e+00,-5.004516351674057617e-01
1.365634782710525297e-01,1.029884991380671355e+00,1.622095837156511400e-01,-3.935032041048706630e-01,-1.336595643414045798e+00,-5.004243739027695037e-01
1.365375870401331626e-01,1.029995361130411569e+00,1.623397403692427299e-01,-3.934480651393241213e-01,-1.336573158190118793e+00,-5.003961854436201895e-01
1.365119151154179367e-01,1.030105676342488730e+00,1.624700504671932610e-01,-3.933919514510094140e-01,-1.336550314943931950e+00,-5.003672087789854395e-01
1.364864305035856373e-01,1.030215946665058890e+00,1.626004976108789135e-01,-3.933350070188024183e-01,-1.336527170420826138e+00,-5.003375623997688981e-01
1.364611059319084108e-01,1.030326180088735999e+00,1.627310674995242901e-01,-3.932773547162380368e-01,-1.336503772423643266e+00,-5.003073471477023082e-01
1.364359181830859524e-01,1.030436383298941161e+00,1.628617478103769056e-01,-3.932190992539797980e-01,-1.336480161386943921e+00,-5.002766487685748054e-01
1.364108475054005010e-01,1.030546561924529980e+00,1.629925279953417516e-01,-3.931603297941142494e-01,-1.336456371593409687e+00,-5.002455401345559105e-01
1.363858771024993033e-01,1.030656720721507824e+00,1.631233990584849691e-01,-3.931011222230865743e-01,-1.336432432147685923e+00,-5.002140831629324769e-01
1.363609926948556594e-01,1.030766863715609771e+00,1.632543533420894311e-01,-3.930415411091951472e-01,-1.336408367774419403e+00,-5.001823304540443660e-01
1.363361821447859612e-01,1.030876994318015383e+00,1.633853843349922508e-01,-3.929816413803204900e-01,-1.336384199485050495e+00,-5.001503266923192914e-01
1.363114351343590047e-01,1.030987115423687150e+00,1.635164865064300255e-01,-3.929214697611810303e-01,-1.336359945141827765e+00,-5.001181098350103715e-01
1.362867428954707971e-01,1.031097229487119904e+00,1.636476551579077454e-01,-3.928610659904168134e-01,-1.336335619927393026e+00,-5.000857121268494909e-01
1.362620979757825368e-01,1.031207338592234235e+00,1.637788863006812146e-01,-3.928004638660948511e-01,-1.336311236749897713e+00,-5.000531609584233372e-01
1.362374940417415692e-01,1.031317444508540682e+00,1.639101765493241603e-01,-3.927396921320601142e-01,-1.336286806583915077e+00,-5.000204795988699713e-01
1.362129257112303649e-01,1.031427548737543054e+00,1.640415230294968718e-01,-3.926787752314654933e-01,-1.336262338758088530e+00,-4.999876878138220238e-01
1.361883884108524012e-01,1.031537652554256335e+00,1.641729233024797063e-01,-3.926177339497510244e-01,-1.336237841203526511e+00,-4.999548023965597054e-01
1.361638782539069115e-01,1.031647757042031266e+00,1.643043752995003159e-01,-3.925565859620619436e-01,-1.336213320663249160e+00,-4.999218376122014917e-01
1.361393919382397066e-01,1.031757863120084773e+00,1.644358772648493727e-01,-3.924953462969167362e-01,-1.336188782868504621e+00,-4.998888055798507701e-01
1.361149266574105121e-01,1.031867971570337827e+00,1.645674277104537675e-01,-3.924340277339324334e-01,-1.336164232692897302e+00,-4.998557165951411085e-01
1.360904800276876991e-01,1.031978083055914208e+00,1.646990253737271870e-01,-3.923726411374452439e-01,-1.336139674278207901e+00,-4.998225794050243365e-01
1.360660500235178483e-01,1.032088198141057456e+00,1.648306691853178851e-01,-3.923111957452335985e-01,-1.336115111146600531e+00,-4.997894014411978225e-01
1.367899435400796448e-01,1.028804062580933598e+00,1.608982445269905859e-01,-3.940457896694458673e-01,-1.336763123221013538e+00,-5.004571866102809352e-01
1.367594550268076969e-01,1.028919240251114697e+00,1.610310340734960877e-01,-3.940107492692831448e-01,-1.336758048394297571e+00,-5.004470087482152385e-01
1.367293913462200583e-01,1.029032426893155883e+00,1.611612109422152495e-01,-3.939740703007341138e-01,-1.336747168677764552e+00,-5.004346793348010136e-01
1.366999403862170503e-01,1.029144553233585890e+00,1.612903863425868278e-01,-3.939347765269557433e-01,-1.336732832593086950e+00,-5.004198132929168485e-01
1.366711303995017113e-01,1.029256079929206313e+00,1.614192938714229808e-01,-3.938926764894982169e-01,-1.336716262739745087e+00,-5.004024558857582683e-01
1.366429228254162909e-01,1.029367241176740055e+00,1.615482543407369964e-01,-3.938479115906887151e-01,-1.336698130136348306e+00,-5.003828225968529608e-01
1.366152551013564143e-01,1.029478161111162748e+00,1.616773963567355310e-01,-3.938007470094042617e-01,-1.336678829976094551e+00,-5.003611805750086683e-01
1.365880598710781102e-01,1.029588909560351428e+00,1.618067606822844173e-01,-3.937514773415040081e-01,-1.336658614870190442e+00,-5.003377966626966211e-01
1.365612731353572085e-01,1.029699528872722203e+00,1.619363493616255978e-01,-3.937003860779969000e-01,-1.336637659946602552e+00,-5.003129164453137268e-01
1.365348372850038183e-01,1.029810046935413004e+00,1.620661486356275438e-01,-3.936477300588212547e-01,-1.336616095266345505e+00,-5.002867574813392171e-01
1.365087018245517980e-01,1.029920483579926493e+00,1.621961394490407105e-01,-3.935937352576419634e-01,-1.336594022468001075e+00,-5.002595087893697556e-01
1.364828231058378694e-01,1.030030853810581570e+00,1.623263021169231435e-01,-3.935385974840752699e-01,-1.336571523730549327e+00,-5.002313329089560501e-01
1.364571636838487756e-01,1.030141169487994723e+00,1.624566182556214100e-01,-3.934824850191607215e-01,-1.336548666917376282e+00,-5.002023688306020954e-01
1.364316915662028840e-01,1.030251440262391016e+00,1.625870714623615931e-01,-3.934255418365332768e-01,-1.336525508781822857e+00,-5.001727350426389274e-01
1.364063794816161579e-01,1.030361674125500171e+00,1.627176474326982314e-01,-3.933678908047681944e-01,-1.336502097133297040e+00,-5.001425323875983153e-01
1.363812042133731861e-01,1.030471877764618682e+00,1.628483338413825032e-01,-3.933096366313502124e-01,-1.336478472412911955e+00,-5.001118466108963601e-01
1.363561460106920697e-01,1.030582056809406177e+00,1.629791201375168364e-01,-3.932508684748927674e-01,-1.336454668907943510e+00,-5.000807505844930834e-01
1.363311880780142815e-01,1.030692216016265927e+00,1.631099973223291144e-01,-3.931916622187499599e-01,-1.336430715726390384e+00,-5.000493062244173448e-01
1.363063161365414833e-01,1.030802359411326030e+00,1.632409577358644448e-01,-3.931320824287692917e-01,-1.336406637595955793e+00,-5.000175661313097653e-01
1.362815180484616973e-01,1.030912490407562387e+00,1.633719948664220933e-01,-3.930721840321590999e-01,-1.336382455532673319e+00,-4.999855749896287560e-01
1.362567834972932823e-01,1.031022611898552155e+00,1.635031031801436607e-01,-3.930120137499095723e-01,-1.336358187398851927e+00,-4.999533707563061924e-01
1.362321037142998070e-01,1.031132726340952210e+00,1.636342779788295121e-01,-3.929516113211928285e-01,-1.336333848381480616e+00,-4.999209856757069192e-01
1.362074712477500671e-01,1.031242835818240389e+00,1.637655152718438811e-01,-3.928910105423237265e-01,-1.336309451389338321e+00,-4.998884471380121708e-01
1.361828797642164190e-01,1.031352942100573156e+00,1.638968116732684721e-01,-3.928302401564386925e-01,-1.336285007399104163e+00,-4.998557784123868197e-01
1.361583238822230424e-01,1.031463046689299556e+00,1.640281643078974338e-01,-3.927693246050232290e-01,-1.336260525740425864e+00,-4.998229992652614695e-01
1.361337990277796672e-01,1.031573150860525478e+00,1.641595707367717039e-01,-3.927082846741455913e-01,-1.336236014346255496e+00,-4.997901264882632644e-01
1.361093013149053399e-01,1.031683255697001256e+00,1.642910288900765181e-01,-3.926471380374440545e-01,-1.336211479959798609e+00,-4.997571743473664396e-01
1.360848274413378467e-01,1.031793362118375468e+00,1.644225370117616825e-01,-3.925858997232340997e-01,-1.336186928313305433e+00,-4.997241549609521272e-01
1.360603746010246029e-01,1.031903470906561093e+00,1.645540936134980425e-01,-3.925245825102889885e-01,-1.336162364281181292e+00,-4.996910786256518744e-01
1.360359404101036673e-01,1.032013582724878642e+00,1.646856974322151168e-01,-3.924631972629106236e-01,-1.336137792005646530e+00,-4.996579540874684922e-01
1.360115228430613388e-01,1.032123698137547452e+00,1.648173473980550641e-01,-3.924017532186953594e-01,-1.336113215009124833e+00,-4.996247887776784635e-01
1.367359857716828886e-01,1.028838950573934152e+00,1.608849780287461562e-01,-3.941347586540449588e-01,-1.336761658726361768e+00,-5.002949990943741376e-01
1.367055100451809724e-01,1.028954128416209812e+00,1.610177723546389883e-01,-3.940997175360290705e-01,-1.336756570892758456e+00,-5.002848346267920743e-01
1.366754590142077175e-01,1.029067315600968202e+00,1.611479545288062865e-01,-3.940630383583750285e-01,-1.336745678718722852e+00,-5.002725179213159956e-01
1.366460206019772250e-01,1.029179442584770676e+00,1.612771354378558786e-01,-3.940237447806607674e-01,-1.336731330220079172e+00,-5.002576643254716959e-01
1.366172230903580365e-01,1.029290969927561639e+00,1.614060485699804481e-01,-3.939816452337467911e-01,-1.336714747834505612e+00,-5.002403192713604785e-01
1.365890279404988472e-01,1.029402131795332132e+00,1.615350147039605333e-01,-3.939368810324406223e-01,-1.336696602546245449e+00,-5.002206983102374105e-01
1.365613726039367204e-01,1.029513052317358346e+00,1.616641624363213403e-01,-3.938897172951014714e-01,-1.336677289557016923e+00,-5.001990686136827957e-01
1.365341897338932242e-01,1.029623801323092946e+00,1.617935325252522483e-01,-3.938404485774781305e-01,-1.336657061496832943e+00,-5.001756970323965046e-01
1.365074153379151334e-01,1.029734421164290037e+00,1.619231270110680354e-01,-3.937893583427322097e-01,-1.336636093512942436e+00,-5.001508291546817864e-01
1.364809918100763353e-01,1.029844939733432829e+00,1.620529321315079263e-01,-3.937367034143919864e-01,-1.336614515685236926e+00,-5.001246825382177352e-01
1.364548686587393755e-01,1.029955376864207572e+00,1.621829288260216717e-01,-3.936827097515970819e-01,-1.336592429665349524e+00,-5.000974462012547361e-01
1.364290022379286982e-01,1.030065747563688738e+00,1.623130974051643360e-01,-3.936275731547179135e-01,-1.336569917644037764e+00,-5.000692826830737125e-01
1.364033551044562254e-01,1.030176063694735022e+00,1.624434194812025556e-01,-3.935714618973444878e-01,-1.336547047494533125e+00,-5.000403309740033553e-01
1.363778952670078315e-01,1.030286334909506829e+00,1.625738786473680253e-01,-3.935145199481983047e-01,-1.336523875978202103e+00,-5.000107095615613506e-01
1.363525954559549336e-01,1.030396569200451307e+00,1.627044605952539247e-01,-3.934568701700298932e-01,-1.336500450910308002e+00,-4.999805192877101456e-01
1.363274324547106009e-01,1.030506773256973929e+00,1.628351529970297473e-01,-3.933986172680860594e-01,-1.336476812738384146e+00,-4.999498458964445891e-01
1.363023865139646740e-01,1.030616952709075385e+00,1.629659452990381008e-01,-3.933398503966922810e-01,-1.336452995754079387e+00,-4.999187622612735193e-01
1.362774408384906377e-01,1.030727112314135496e+00,1.630968285000752305e-01,-3.932806454370340599e-01,-1.336429029069244656e+00,-4.998873302966806431e-01
1.362525811500096828e-01,1.030837256099003563e+00,1.632277949382657245e-01,-3.932210669528161118e-01,-1.336404937415036853e+00,-4.998556026028476151e-01
1.362277953107991768e-01,1.030947387477714861e+00,1.633588381005354473e-01,-3.931611698701155122e-01,-1.336380741810844208e+00,-4.998236238636767359e-01
1.362030730054712424e-01,1.031057509343789258e+00,1.634899524516183478e-01,-3.931010009070285416e-01,-1.336356460121206347e+00,-4.997914320375252961e-01
1.361784054651532239e-01,1.031167624154594842e+00,1.636211332920041173e-01,-3.930405998023182024e-01,-1.336332107535223246e+00,-4.997590593674579584e-01
1.361537852383760683e-01,1.031277733994341528e+00,1.637523766305974682e-01,-3.929800003512123885e-01,-1.336307696964166070e+00,-4.997265332442055175e-01
1.361292059923868425e-01,1.031387840632431940e+00,1.638836790794983567e-01,-3.929192312949532084e-01,-1.336283239384659316e+00,-4.996938769360708132e-01
1.361046623452882298e-01,1.031497945571552721e+00,1.640150377636961643e-01,-3.928583170755027831e-01,-1.336258744129061204e+00,-4.996611102092747836e-01
1.360801497239484958e-01,1.031608050087046591e+00,1.641464502429222372e-01,-3.927972784769403480e-01,-1.336234219130340906e+00,-4.996282498560677410e-01
1.360556642421957563e-01,1.031718155262091541e+00,1.642779144467874930e-01,-3.927361331728783655e-01,-1.336209671132670973e+00,-4.995953101413787567e-01
1.360312025973979544e-01,1.031828262017788544e+00,1.644094286202091026e-01,-3.926748961921912584e-01,-1.336185105871058099e+00,-4.995623031845046191e-01
1.360067619845760079e-01,1.031938371134146104e+00,1.645409912724777601e-01,-3.926135803111779343e-01,-1.336160528217751331e+00,-4.995292392809523307e-01
1.359823400194862530e-01,1.032048483275667561e+00,1.646726011413034707e-01,-3.925521963948789272e-01,-1.336135942317126180e+00,-4.994961271775603673e-01
1.359579346764250574e-01,1.032158599007061195e+00,1.648042571568271442e-01,-3.924907536810344211e-01,-1.336111351692506943e+00,-4.994629743052917403e-01
1.366829567995165862e-01,1.028873249845685622e+00,1.608719418269634882e-01,-3.942221983594899060e-01,-1.336760219541442529e+00,-5.001355679255143905e-01
1.366524936409253543e-01,1.028988427853262166e+00,1.610047408504586830e-01,-3.941871565403318733e-01,-1.336755118921823193e+00,-5.001254166213492391e-01
1.366224550437559193e-01,1.029101615566313299e+00,1.611349282381189518e-01,-3.941504771607222124e-01,-1.336744214500137140e+00,-5.001131124059545741e-01
1.365930289640723827e-01,1.029213743178684970e+00,1.612641145610159976e-01,-3.941111837813491836e-01,-1.336729853797771206e+00,-5.000982710407148035e-01
1.365642437138225029e-01,1.029325271154198251e+00,1.613930332009068935e-01,-3.940690847217066528e-01,-1.336713259093347705e+00,-5.000809381272955934e-01
1.365360607752599542e-01,1.029436433628230008e+00,1.615220049028317784e-01,-3.940243212107553128e-01,-1.336695101335997560e+00,-5.000613292804132470e-01
1.365084176142350447e-01,1.029547354723691743e+00,1.616511582532458302e-01,-3.939771583075598604e-01,-1.336675775735121752e+00,-5.000397116968056110e-01
1.364812468934706591e-01,1.029658104271888419e+00,1.617805340063975528e-01,-3.939278905275739318e-01,-1.336655534939876766e+00,-5.000163522352707446e-01
1.364544846261531996e-01,1.029768724629104515e+00,1.619101341994413634e-01,-3.938768013084976705e-01,-1.336634554117705154e+00,-4.999914964855939337e-01
1.364280732111258498e-01,1.029879243690542179e+00,1.620399450650163720e-01,-3.938241474547053422e-01,-1.336612963363991824e+00,-4.999653620051206504e-01
1.364019621586394504e-01,1.029989681295141679e+00,1.621699475399187296e-01,-3.937701549149182911e-01,-1.336590864347005247e+00,-4.999381378122052522e-01
1.363761078259971837e-01,1.030100052450877435e+00,1.623001219288311425e-01,-3.937150194780353885e-01,-1.336568339266918537e+00,-4.999099864454090159e-01
1.363504727708155229e-01,1.030210369023691008e+00,1.624304498401692165e-01,-3.936589094122121546e-01,-1.336545456007172339e+00,-4.998810468929804629e-01
1.363250250036512623e-01,1.030320640667230947e+00,1.625609148635844547e-01,-3.936019686796512485e-01,-1.336522271337141188e+00,-4.998514376435175266e-01
1.362997372554204112e-01,1.030430875375746957e+00,1.626915026871790793e-01,-3.935443201396894297e-01,-1.336498833078719528e+00,-4.998212595374860734e-01
1.362745863115132905e-01,1.030541079838394714e+00,1.628222009792281155e-01,-3.934860684916923201e-01,-1.336475181683462798e+00,-4.997905983192099111e-01
1.362495524225581789e-01,1.030651259687277443e+00,1.629529991842490200e-01,-3.934273028885482693e-01,-1.336451351448873170e+00,-4.997595268614088981e-01
1.362246187943502163e-01,1.030761419680058744e+00,1.630838882984892990e-01,-3.933680992082831396e-01,-1.336427371490252147e+00,-4.997281070789228452e-01
1.361997711489539575e-01,1.030871563844846239e+00,1.632148606588191553e-01,-3.933085220127868209e-01,-1.336403266542946611e+00,-4.996963915721776561e-01
1.361749973495395838e-01,1.030981695595418968e+00,1.633459097497753088e-01,-3.932486262253463427e-01,-1.336379057628081179e+00,-4.996644250243980068e-01
1.361502870800133103e-01,1.031091817827095802e+00,1.634770300354164707e-01,-3.931884585646283070e-01,-1.336354762613848113e+00,-4.996322453923859319e-01
1.361256315726574184e-01,1.031201932996729465e+00,1.636082168146218707e-01,-3.931280587664808812e-01,-1.336330396690585287e+00,-4.995998849203009406e-01
1.361010233762637855e-01,1.031312043188645999e+00,1.637394660949152703e-01,-3.930674606250132985e-01,-1.336305972770865047e+00,-4.995673709978837862e-01
1.360764561582809284e-01,1.031422150172881302e+00,1.638707744880358030e-01,-3.930066928806751347e-01,-1.336281501833443741e+00,-4.995347268941531804e-01
1.360519245372671937e-01,1.031532255451730995e+00,1.640021391175541798e-01,-3.929457799740811441e-01,-1.336256993210955590e+00,-4.995019723749048457e-01
1.360274239398186757e-01,1.031642360301497252e+00,1.641335575432069094e-01,-3.928847426894302441e-01,-1.336232454838384820e+00,-4.994691242318019531e-01
1.360029504798298816e-01,1.031752465806012875e+00,1.642650276947446863e-01,-3.928235987001179597e-01,-1.336207893461708318e+00,-4.994361967309789985e-01
1.359785008554035279e-01,1.031862572884779672e+00,1.643965478146502124e-01,-3.927623630331450455e-01,-1.336183314814006096e+00,-4.994032019897744479e-01
1.359540722608128804e-01,1.031972682319963752e+00,1.645281164139557883e-01,-3.927010484661848655e-01,-1.336158723771130763e+00,-4.993701503050388957e-01
1.359296623122680792e-01,1.032082794775387002e+00,1.646597322292534249e-01,-3.926396658630792458e-01,-1.336134124476902052e+00,-4.993370504228966666e-01
1.359052689844978401e-01,1.032192910815221909e+00,1.647913941898725143e-01,-3.925782244605734439e-01,-1.336109520454336730e+00,-4.993039097742825727e-01
1.366308401896234870e-01,1.028906970481355820e+00,1.608591318822175931e-01,-3.943081357890390604e-01,-1.336758805341323075e+00,-4.999788456704600814e-01
1.366003893841154782e-01,1.029022148647411594e+00,1.609919355228405513e-01,-3.942730932852095971e-01,-1.336753692152640394e+00,-4.999687073048145747e-01
1.365703630075128239e-01,1.029135336876777496e+00,1.611221280353427598e-01,-3.942364137124522716e-01,-1.336742775692066232e+00,-4.999564153641489761e-01
1.365409490500284762e-01,1.029247465102920200e+00,1.612513196796783177e-01,-3.941971205313538062e-01,-1.336728402993215825e+00,-4.999415860210069118e-01
1.365121758527020335e-01,1.029358993694900359e+00,1.613802437319445393e-01,-3.941550219524725396e-01,-1.336711796177181055e+00,-4.999242650406163224e-01
1.364840049179354697e-01,1.029470156759282551e+00,1.615092209053661521e-01,-3.941102591221560814e-01,-1.336693626160558424e+00,-4.999046681020677396e-01
1.364563737246131392e-01,1.029581078414333328e+00,1.616383797776733133e-01,-3.940630970425771928e-01,-1.336674288162018387e+00,-4.998830624245420018e-01
1.364292149450702374e-01,1.029691828492612427e+00,1.617677610987335313e-01,-3.940138301892952000e-01,-1.336654034848838490e+00,-4.998597148753830544e-01
1.364024645989597162e-01,1.029802449353540261e+00,1.618973669016719186e-01,-3.939627419731567826e-01,-1.336633041406868116e+00,-4.998348710463103028e-01
1.363760650888823367e-01,1.029912968896518288e+00,1.620271834153428625e-01,-3.939100891814318883e-01,-1.336611437948536985e+00,-4.998087484938984471e-01
1.363499659283208265e-01,1.030023406962971233e+00,1.621571915714464240e-01,-3.938560977498477556e-01,-1.336589326154895785e+00,-4.997815362358827285e-01
1.363241234768581278e-01,1.030133778563756541e+00,1.622873716708591041e-01,-3.938009634580402207e-01,-1.336566788238122250e+00,-4.997533968115425163e-01
1.362985002937699419e-01,1.030244095566849261e+00,1.624177053177378593e-01,-3.937448545672309064e-01,-1.336543892090845009e+00,-4.997244692082962736e-01
1.362730643904022099e-01,1.030354367628103507e+00,1.625481760980654333e-01,-3.936879150350470757e-01,-1.336520694490443750e+00,-4.996948719129745697e-01
1.362477884991616373e-01,1.030464602742965585e+00,1.626787696967955943e-01,-3.936302677156933161e-01,-1.336497243265397206e+00,-4.996647057669966752e-01
1.362226494063480120e-01,1.030574807601439602e+00,1.628094737788308710e-01,-3.935720173049472304e-01,-1.336473578872121371e+00,-4.996340565141025869e-01
1.361976273631804180e-01,1.030684987836537836e+00,1.629402777858752482e-01,-3.935132529527800571e-01,-1.336449735612380785e+00,-4.996029970253610397e-01
1.361727055759204830e-01,1.030795148207371170e+00,1.630711727128095201e-01,-3.934540505351073469e-01,-1.336425742606424993e+00,-4.995715892164956928e-01
1.361478697672979243e-01,1.030905292742441803e+00,1.632021508943668486e-01,-3.933944746113340885e-01,-1.336401624592503667e+00,-4.995398856872776960e-01
1.361231078011242435e-01,1.031015424855530993e+00,1.633332058128564857e-01,-3.933345801026368327e-01,-1.336377402593673436e+00,-4.995079311205562478e-01
1.360984093618523294e-01,1.031125547442548251e+00,1.634643319313678900e-01,-3.932744137259235884e-01,-1.336353094480960291e+00,-4.994757634739718233e-01
1.360737656819631380e-01,1.031235662960602761e+00,1.635955245472313635e-01,-3.932140152158762336e-01,-1.336328715446266635e+00,-4.994434149904233844e-01
1.360491693105697342e-01,1.031345773494413143e+00,1.637267796671285913e-01,-3.931534183654761261e-01,-1.336304278404036650e+00,-4.994109130600168367e-01
1.360246139149071665e-01,1.031455880814905468e+00,1.638580939023379646e-01,-3.930926519149968712e-01,-1.336279794335099913e+00,-4.993782809508318654e-01
1.360000941138675146e-01,1.031565986424534564e+00,1.639894643757746073e-01,-3.930317403041952429e-01,-1.336255272573395381e+00,-4.993455384294215316e-01
1.359756053343560422e-01,1.031676091599592615e+00,1.641208886463861594e-01,-3.929707043161795865e-01,-1.336230721054681991e+00,-4.993127022869757181e-01
1.359511436906703230e-01,1.031786197423360640e+00,1.642523646425980144e-01,-3.929095616232488597e-01,-1.336206146524731908e+00,-4.992797867889554042e-01
1.359267058803552974e-01,1.031896304817377041e+00,1.643838906085723084e-01,-3.928483272534507575e-01,-1.336181554720287989e+00,-4.992468040546611530e-01
1.359022890980938758e-01,1.032006414562867569e+00,1.645154650536654883e-01,-3.927870139832024821e-01,-1.336156950516108610e+00,-4.992137643790011126e-01
1.358778909605533602e-01,1.032116527323208910e+00,1.646470867137680150e-01,-3.927256326754314797e-01,-1.336132338055978863e+00,-4.991806765087162812e-01
1.358535094421884637e-01,1.032226643663098242e+00,1.647787545181719215e-01,-3.926641925671485178e-01,-1.336107720863782156e+00,-4.991475478739884619e-01
1.365796197900523701e-01,1.028940122375240129e+00,1.608465441766341320e-01,-3.943925974787764188e-01,-1.336757415743030419e+00,-4.998247855929027761e-01
1.365491811265271416e-01,1.029055300693024977e+00,1.609793523549680194e-01,-3.943575543060180988e-01,-1.336752290198016002e+00,-4.998146599433399562e-01
1.365191667625207383e-01,1.029168489425528854e+00,1.611095499047314750e-01,-3.943208745459230169e-01,-1.336741361902613390e+00,-4.998023800691327456e-01
1.364897647201430697e-01,1.029280618251275703e+00,1.612387467795629858e-01,-3.942815815635904442e-01,-1.336726977410902961e+00,-4.997875625419755385e-01
1.364610033687742308e-01,1.029392147447016237e+00,1.613676761527518544e-01,-3.942394834633892731e-01,-1.336710358690535339e+00,-4.997702532897815852e-01
1.364328442313562650e-01,1.029503311089999151e+00,1.614966587055530756e-01,-3.941947213085638668e-01,-1.336692176624974193e+00,-4.997506680541560220e-01
1.364052248011983770e-01,1.029614233291576086e+00,1.616258230054902767e-01,-3.941475600425871639e-01,-1.336672826439432082e+00,-4.997290740786290431e-01
1.363780777591181992e-01,1.029724983886529444e+00,1.617552097984713833e-01,-3.940982941035087173e-01,-1.336652560819787006e+00,-4.997057382367086631e-01
1.363513391301375277e-01,1.029835605239017404e+00,1.618848211150377137e-01,-3.940472068777816639e-01,-1.336631554971947633e+00,-4.996809061223259629e-01
1.363249513217290876e-01,1.029946125251119948e+00,1.620146431795387032e-01,-3.939945551338376872e-01,-1.336609939023801319e+00,-4.996547952933658165e-01
1.362988638499601779e-01,1.030056563767915323e+00,1.621446569198054799e-01,-3.939405647955620537e-01,-1.336587814670586072e+00,-4.996275947663816885e-01
1.362730330764793940e-01,1.030166935802519390e+00,1.622748426318539883e-01,-3.938854316336654615e-01,-1.336565264134902842e+00,-4.995994670791114589e-01
1.362474215622240803e-01,1.030277253225235334e+00,1.624051819162177224e-01,-3.938293239026638415e-01,-1.336542355319120912e+00,-4.995705512195285358e-01
1.362219973199510215e-01,1.030387525693240214e+00,1.625356583547367673e-01,-3.937723855544561502e-01,-1.336519145007607268e+00,-4.995409656733882930e-01
1.361967330830964051e-01,1.030497761203329032e+00,1.626662576289924778e-01,-3.937147394389174937e-01,-1.336495681035086980e+00,-4.995108112813960721e-01
1.361716056388853624e-01,1.030607966446648094e+00,1.627969674010929790e-01,-3.936564902482278527e-01,-1.336472003863395042e+00,-4.994801737873632574e-01
1.361465952388319633e-01,1.030718147058025336e+00,1.629277771110743123e-01,-3.935977271302574798e-01,-1.336448147799971009e+00,-4.994491260622780926e-01
1.361216850902928488e-01,1.030828307796521237e+00,1.630586777509646368e-01,-3.935385259575384653e-01,-1.336424141967833101e+00,-4.994177300217717552e-01
1.360968609167452770e-01,1.030938452690604912e+00,1.631896616528590860e-01,-3.934789512869139028e-01,-1.336400011107369279e+00,-4.993860382648349083e-01
1.360721105816554422e-01,1.031048585156156605e+00,1.633207222989296048e-01,-3.934190580392381009e-01,-1.336375776246440550e+00,-4.993540954739449922e-01
1.360474237704031308e-01,1.031158708088534492e+00,1.634518541500156741e-01,-3.933588929288097114e-01,-1.336351455257059229e+00,-4.993219396065116666e-01
1.360227917157615374e-01,1.031268823945288515e+00,1.635830525023625193e-01,-3.932984956891978356e-01,-1.336327063333206278e+00,-4.992896029055350904e-01
1.359982069668855265e-01,1.031378934812008152e+00,1.637143133622358526e-01,-3.932379001127616069e-01,-1.336302613391788796e+00,-4.992571127612979165e-01
1.359736631911608318e-01,1.031489042459972083e+00,1.638456333401159815e-01,-3.931771349391129933e-01,-1.336278116415149153e+00,-4.992244924418018370e-01
1.359491550080535738e-01,1.031599148391307397e+00,1.639770095577685605e-01,-3.931162246062201437e-01,-1.336253581737735674e+00,-4.991917617129178475e-01
1.359246778445255821e-01,1.031709253882386879e+00,1.641084395732450019e-01,-3.930551898969283364e-01,-1.336229017296025168e+00,-4.991589373656586948e-01
1.359002278146864973e-01,1.031819360017612652e+00,1.642399213155173177e-01,-3.929940484835166559e-01,-1.336204429838082630e+00,-4.991260336659299468e-01
1.358758016168303273e-01,1.031929467717099369e+00,1.643714530266516538e-01,-3.929328153922759248e-01,-1.336179825099125029e+00,-4.990930627317650692e-01
1.358513964453833822e-01,1.032039577763087523e+00,1.645030332166088349e-01,-3.928715034001501460e-01,-1.336155207955904478e+00,-4.990600348592414415e-01
1.358270099169432144e-01,1.032149690819388343e+00,1.646346606212690522e-01,-3.928101233698707562e-01,-1.336130582553169965e+00,-4.990269587946719598e-01
1.358026400063603312e-01,1.032259807450208067e+00,1.647663341691549821e-01,-3.927486845375061097e-01,-1.336105952414527565e+00,-4.989938419680855497e-01
1.365292799261458301e-01,1.028972714945405764e+00,1.608341745120880073e-01,-3.944756091389234332e-01,-1.336756049990640571e+00,-4.996733418532380289e-01
1.364988531963786667e-01,1.029087893409177834e+00,1.609669871503522365e-01,-3.944405653141490053e-01,-1.336750912298999561e+00,-4.996632287000180583e-01
1.364688506388882505e-01,1.029201082632636544e+00,1.610971896502004230e-01,-3.944038853752894203e-01,-1.336739972368462981e+00,-4.996509606819359850e-01
1.364394603076681256e-01,1.029313212044447923e+00,1.612263916660172935e-01,-3.943645925928161433e-01,-1.336725576283906980e+00,-4.996361547670700731e-01
1.364107106001648251e-01,1.029424741829440215e+00,1.613553262684824241e-01,-3.943224949663864387e-01,-1.336708945860238362e+00,-4.996188570414691332e-01
1.363825630596341432e-01,1.029535906035884629e+00,1.614843141073653843e-01,-3.942777334775327547e-01,-1.336690751948206746e+00,-4.995992833091694729e-01
1.363549551915202163e-01,1.029646828771084710e+00,1.616134837418904679e-01,-3.942305730155433730e-01,-1.336671389782283281e+00,-4.995777008342777714e-01
1.363278196861677505e-01,1.029757579870784534e+00,1.617428759136561311e-01,-3.941813079795977171e-01,-1.336651112065654345e+00,-4.995543764994952451e-01
1.363010925744643775e-01,1.029868201702685448e+00,1.618724926496390160e-01,-3.941302217308602085e-01,-1.336630094022536408e+00,-4.995295559000688668e-01
1.362747162677591384e-01,1.029978722172340433e+00,1.620023201699309912e-01,-3.940775710207742866e-01,-1.336608465796454315e+00,-4.995034565929019066e-01
1.362486402851797729e-01,1.030089161128040942e+00,1.621323393986459915e-01,-3.940235817609734625e-01,-1.336586329096555836e+00,-4.994762675958828724e-01
1.362228209897755615e-01,1.030199533586043215e+00,1.622625306276762047e-01,-3.939684497145114483e-01,-1.336563766156723565e+00,-4.994481514443142589e-01
1.361972209447883386e-01,1.030309851417882339e+00,1.623928754531443475e-01,-3.939123431277780640e-01,-1.336540844887566193e+00,-4.994192471264725652e-01
1.361718081643338851e-01,1.030420124282391381e+00,1.625233574533843095e-01,-3.938554059474939639e-01,-1.336517622081107248e+00,-4.993896731286646684e-01
1.361465553826924357e-01,1.030530360177543736e+00,1.626539623062049356e-01,-3.937977610193608702e-01,-1.336494145577654447e+00,-4.993595302893374943e-01
1.361214393876709894e-01,1.030640565796384411e+00,1.627846776717815913e-01,-3.937395130327785986e-01,-1.336470455845521821e+00,-4.993289043531133897e-01
1.360964404318329990e-01,1.030750746773757776e+00,1.629154929866823698e-01,-3.936807511319513342e-01,-1.336446587195163405e+00,-4.992978681897473070e-01
1.360715417231688207e-01,1.030860907869830534e+00,1.630463992413790364e-01,-3.936215511869167183e-01,-1.336422568754020768e+00,-4.992664837154291435e-01
1.360467289853670714e-01,1.030971053114092983e+00,1.631773887663788558e-01,-3.935619777530421914e-01,-1.336398425266045020e+00,-4.992348035284278063e-01
1.360219900829502115e-01,1.031081185921962406e+00,1.633084550415145331e-01,-3.935020857483175205e-01,-1.336374177760570436e+00,-4.992028723117127309e-01
1.359973147010505035e-01,1.031191309190164551e+00,1.634395925269520877e-01,-3.934419218866029855e-01,-1.336349844112910468e+00,-4.991707280215045839e-01
1.359726940727888633e-01,1.031301425376778269e+00,1.635707965181037449e-01,-3.933815259003632936e-01,-1.336325439519372882e+00,-4.991384029016153190e-01
1.359481207475790598e-01,1.031411536567449883e+00,1.637020630198448568e-01,-3.933209315808047779e-01,-1.336300976897958126e+00,-4.991059243412839797e-01
1.359235883934301614e-01,1.031521644533233806e+00,1.638333886415189455e-01,-3.932601676656442558e-01,-1.336276467231839682e+00,-4.990733156083929645e-01
1.358990916296667351e-01,1.031631750776851986e+00,1.639647705043928427e-01,-3.931992585930274564e-01,-1.336251919857075254e+00,-4.990405964688405249e-01
1.358746258836393828e-01,1.031741856574932559e+00,1.640962061662823435e-01,-3.931382251446279286e-01,-1.336227342711520993e+00,-4.990077837143053197e-01
1.358501872692962631e-01,1.031851963012146989e+00,1.642276935554592698e-01,-3.930770849927977539e-01,-1.336202742543952882e+00,-4.989748916098192821e-01
1.358257724850789327e-01,1.031962071008935222e+00,1.643592309138785235e-01,-3.930158531632526597e-01,-1.336178125090722091e+00,-4.989419322736263207e-01
1.358013787259816363e-01,1.032072181346889606e+00,1.644908167505141350e-01,-3.929545424315920576e-01,-1.336153495228266985e+00,-4.989089160018075897e-01
1.357770036085833021e-01,1.032182294689773849e+00,1.646224498005685877e-01,-3.928931636603094635e-01,-1.336128857101408940e+00,-4.988758515397566096e-01
1.357526451072569029e-01,1.032292411603163096e+00,1.647541289936638453e-01,-3.928317260865980542e-01,-1.336104214236160770e+00,-4.988427463188567224e-01
1.364798049173228944e-01,1.029004757972510786e+00,1.608220192232087120e-01,-3.945571965677123205e-01,-1.336754708008096815e+00,-4.995244693480130893e-01
1.364493899175060754e-01,1.029119936576328831e+00,1.609548362452682679e-01,-3.945221521060783276e-01,-1.336749558376027602e+00,-4.995143684775904536e-01
1.364193989648794791e-01,1.029233126279558874e+00,1.610850436115826290e-01,-3.944854719953765354e-01,-1.336738607008892465e+00,-4.995021121139378018e-01
1.363900201452235006e-01,1.029345256263456410e+00,1.612142506801892416e-01,-3.944461794125302401e-01,-1.336724199527604684e+00,-4.994873176131681136e-01
1.363612818825734596e-01,1.029456786624306064e+00,1.613431904224671420e-01,-3.944040822558192438e-01,-1.336707557599081220e+00,-4.994700312160287869e-01
1.363331457402202074e-01,1.029567951382321267e+00,1.614721834580245541e-01,-3.943593214265878055e-01,-1.336689352042933931e+00,-4.994504687894926187e-01
1.363055492367626076e-01,1.029678874638518593e+00,1.616013583358550387e-01,-3.943121617586153316e-01,-1.336669978099724876e+00,-4.994288976184516060e-01
1.362784250708136968e-01,1.029789626231420119e+00,1.617307557948014507e-01,-3.942628976146901332e-01,-1.336649688491864163e+00,-4.994055845932472426e-01
1.362517092796619034e-01,1.029900248530874807e+00,1.618603778570706087e-01,-3.942118123300801247e-01,-1.336628658459787733e+00,-4.993807753105498071e-01
1.362253442779974011e-01,1.030010769447278873e+00,1.619902107402415858e-01,-3.941591626407131010e-01,-1.336607018164651217e+00,-4.993546873283628007e-01
1.361992795878375351e-01,1.030121208831722868e+00,1.621202353640194549e-01,-3.941051744458767825e-01,-1.336584869328330205e+00,-4.993275096630260257e-01
1.361734715751570235e-01,1.030231581701682719e+00,1.622504320152637625e-01,-3.940500434983914002e-01,-1.336562294194083345e+00,-4.992994048502836235e-01
1.361478828036100097e-01,1.030341899932187388e+00,1.623807822870617923e-01,-3.939939380403946201e-01,-1.336539360682866384e+00,-4.992705118770520145e-01
1.361224812891800029e-01,1.030452173182578424e+00,1.625112697531574946e-01,-3.939370020119692395e-01,-1.336516125592553950e+00,-4.992409492283319539e-01
1.360972397672724210e-01,1.030562409452685957e+00,1.626418800891529792e-01,-3.938793582547102656e-01,-1.336492636770799214e+00,-4.992108177445653272e-01
1.360721350259344320e-01,1.030672615437076667e+00,1.627726009523469408e-01,-3.938211114555243975e-01,-1.336468934691116273e+00,-4.991802031679447027e-01
1.360471473189620584e-01,1.030782796770959298e+00,1.629034217767032777e-01,-3.937623507548356216e-01,-1.336445053667891125e+00,-4.991491783691738848e-01
1.360222598547148609e-01,1.030892958215211319e+00,1.630343335502597579e-01,-3.937031520205808710e-01,-1.336421022831849159e+00,-4.991178052628199024e-01
1.359974583576727958e-01,1.031003103800018916e+00,1.631653286022153870e-01,-3.936435798057419388e-01,-1.336396866930572580e+00,-4.990861364486856022e-01
1.359727306922640100e-01,1.031113236941548994e+00,1.632964004105638134e-01,-3.935836890274156397e-01,-1.336372606995798851e+00,-4.990542166074198871e-01
1.359480665441197833e-01,1.031223360537031564e+00,1.634275434344528988e-01,-3.935235263979514064e-01,-1.336348260905411589e+00,-4.990220836962837581e-01
1.359234571471342190e-01,1.031333477044370950e+00,1.635587529678786678e-01,-3.934631316475216689e-01,-1.336323843857067262e+00,-4.989897699591279157e-01
1.358988950505396198e-01,1.031443588550231549e+00,1.636900250153200398e-01,-3.934025385671665043e-01,-1.336299368771220353e+00,-4.989573027848820397e-01
1.358743739230613423e-01,1.031553696824750288e+00,1.638213561840957677e-01,-3.933417758928211549e-01,-1.336274846630764346e+00,-4.989247054406962256e-01
1.358498883836430915e-01,1.031663803372160348e+00,1.639527435960762003e-01,-3.932808680629504838e-01,-1.336250286774700369e+00,-4.988919976929545030e-01
1.358254338597911226e-01,1.031773909469092976e+00,1.640841848081962540e-01,-3.932198358585881071e-01,-1.336225697141505409e+00,-4.988591963327586587e-01
1.358010064659752603e-01,1.031884016199945187e+00,1.642156777480152652e-01,-3.931586969507057105e-01,-1.336201084480419743e+00,-4.988263156252453756e-01
1.357766029007766995e-01,1.031994124484981512e+00,1.643472206566271299e-01,-3.930974663646233935e-01,-1.336176454527952862e+00,-4.987933676884087064e-01
1.357522203591363386e-01,1.032104235106173107e+00,1.644788120428529732e-01,-3.930361568757175794e-01,-1.336151812161455288e+00,-4.987603628178406412e-01
1.357278564571272883e-01,1.032214348728929032e+00,1.646104506433176407e-01,-3.929747793477138540e-01,-1.336127161528688490e+00,-4.987273097610451233e-01
1.357035091702644136e-01,1.032324465916704792e+00,1.647421353852188131e-01,-3.929133430149380768e-01,-1.336102506152985203e+00,-4.986942159473813918e-01
1.364311796409246602e-01,1.029036260643555689e+00,1.608100743838286051e-01,-3.946373845912919953e-01,-1.336753389220501687e+00,-4.993781239658567350e-01
1.364007761709513378e-01,1.029151439380737720e+00,1.609428957135416727e-01,-3.946023395068269934e-01,-1.336748227848872039e+00,-4.993680351662573846e-01
1.363707966252484804e-01,1.029264629551651877e+00,1.610731078625759760e-01,-3.945656592306612254e-01,-1.336737265238322259e+00,-4.993557902571614249e-01
1.363414291203252082e-01,1.029376760094858234e+00,1.612023198977513283e-01,-3.945263668482043573e-01,-1.336722846553795696e+00,-4.993410069743807744e-01
1.363127021078094359e-01,1.029488291017943480e+00,1.613312646921072624e-01,-3.944842701556933173e-01,-1.336706193315443603e+00,-4.993237317134531783e-01
1.362845771685338714e-01,1.029599456315069883e+00,1.614602628353005165e-01,-3.944395099792979420e-01,-1.336687976312502801e+00,-4.993041803973929382e-01
1.362569918358872700e-01,1.029710380079856380e+00,1.615894428667109251e-01,-3.943923510950951838e-01,-1.336668590791579181e+00,-4.992826203366539373e-01
1.362298788161548091e-01,1.029821132153213137e+00,1.617188455213928178e-01,-3.943430878309797660e-01,-1.336648289492746722e+00,-4.992593184269580875e-01
1.362031741520214334e-01,1.029931754909680919e+00,1.618484728197561451e-01,-3.942920034983787847e-01,-1.336627247676247077e+00,-4.992345202680827376e-01
1.361768202625328050e-01,1.030042276261733614e+00,1.619783109740303428e-01,-3.942393548156058469e-01,-1.336605595516618727e+00,-4.992084434166112472e-01
1.361507666722866217e-01,1.030152716063652107e+00,1.621083408999936248e-01,-3.941853676707258725e-01,-1.336583434748841448e+00,-4.991812768887138319e-01
1.361249697489441135e-01,1.030263089336348026e+00,1.622385428815798503e-01,-3.941302378087969127e-01,-1.336560847628331494e+00,-4.991531832206633212e-01
1.360993920586229811e-01,1.030373407954881415e+00,1.623688985060828538e-01,-3.940741334633781068e-01,-1.336537902082001628e+00,-4.991243013972596065e-01
1.360740016173255795e-01,1.030483681582355926e+00,1.624993913456186101e-01,-3.940171985719675973e-01,-1.336514654917695832e+00,-4.990947499036407775e-01
1.360487711621801432e-01,1.030593918218711380e+00,1.626300070717031643e-01,-3.939595559707427253e-01,-1.336491153987690916e+00,-4.990646295802008137e-01
1.360236774822435046e-01,1.030704124559395751e+00,1.627607333387937338e-01,-3.939013103427210227e-01,-1.336467439770325116e+00,-4.990340261687545298e-01
1.359987008319520352e-01,1.030814306240548595e+00,1.628915595785002668e-01,-3.938425508257905605e-01,-1.336443546584328068e+00,-4.990030125400924388e-01
1.359738244201784407e-01,1.030924468023685536e+00,1.630224767765489080e-01,-3.937833532854393970e-01,-1.336419503563691658e+00,-4.989716506072885416e-01
1.359490339716378227e-01,1.031034613940043698e+00,1.631534772607418082e-01,-3.937237822732386205e-01,-1.336395335459576339e+00,-4.989399929701903158e-01
1.359243173515463921e-01,1.031144747406069540e+00,1.632845545076598015e-01,-3.936638927039706748e-01,-1.336371063306307949e+00,-4.989080843103591012e-01
1.358996642457682702e-01,1.031254871319465805e+00,1.634157029750611945e-01,-3.936037312886617734e-01,-1.336346704983865097e+00,-4.988759625840395451e-01
1.358750658881059670e-01,1.031364988138820049e+00,1.635469179558615427e-01,-3.935433377570318747e-01,-1.336322275691925299e+00,-4.988436600339828941e-01
1.358505148286494046e-01,1.031475099950245999e+00,1.636781954530119043e-01,-3.934827458979821557e-01,-1.336297788351584970e+00,-4.988112040496482935e-01
1.358260047357038591e-01,1.031585208525652719e+00,1.638095320746150996e-01,-3.934219844479678319e-01,-1.336273253949297857e+00,-4.987786178992213437e-01
1.358015302287424175e-01,1.031695315368676980e+00,1.639409249409964631e-01,-3.933610778438344502e-01,-1.336248681823989815e+00,-4.987459213479131792e-01
1.357770867357891431e-01,1.031805421755560115e+00,1.640723716080696448e-01,-3.933000468653571335e-01,-1.336224079914451801e+00,-4.987131311870707795e-01
1.357526703713545502e-01,1.031915528770712687e+00,1.642038700025726106e-01,-3.932389091831907102e-01,-1.336199454970371958e+00,-4.986802616812148758e-01
1.357282778336588724e-01,1.032025637335727275e+00,1.643354183664538504e-01,-3.931776798231000347e-01,-1.336174812730724470e+00,-4.986473249487510806e-01
1.357039063175136395e-01,1.032135748233107053e+00,1.644670152085692394e-01,-3.931163715606766362e-01,-1.336150158074027594e+00,-4.986143312858257737e-01
1.356795534394950042e-01,1.032245862127029623e+00,1.645986592636527746e-01,-3.930549952580509321e-01,-1.336125495146375464e+00,-4.985812894372878001e-01
1.356552171752251346e-01,1.032355979581457861e+00,1.647303494593919115e-01,-3.929935601495805897e-01,-1.336100827472504138e+00,-4.985482068346658302e-01
1.363833891296050704e-01,1.029067232169718293e+00,1.607983362729493160e-01,-3.947161978056495379e-01,-1.336752093267003172e+00,-4.992342622516661721e-01
1.363529969931137065e-01,1.029182411034780698e+00,1.609311618374161257e-01,-3.946811521122324251e-01,-1.336746920355693202e+00,-4.992241853190319545e-01
1.363230286596015806e-01,1.029295601662312709e+00,1.610613786876278486e-01,-3.946444716769019201e-01,-1.336735946692484411e+00,-4.992119516682473335e-01
1.362936722765840936e-01,1.029407732751769000e+00,1.611905956044152877e-01,-3.946051794944330782e-01,-1.336721516994406889e+00,-4.991971794118368888e-01
1.362649563216168092e-01,1.029519264224892261e+00,1.613195453647505440e-01,-3.945630832627100015e-01,-1.336704852638418428e+00,-4.991799150950167463e-01
1.362368423951082486e-01,1.029630430047747014e+00,1.614485485278920884e-01,-3.945183237299924595e-01,-1.336686624382011690e+00,-4.991603747007219982e-01
1.362092680421145008e-01,1.029741354310007573e+00,1.615777336253820251e-01,-3.944711656206845163e-01,-1.336667227480532016e+00,-4.991388255596900803e-01
1.361821659781059790e-01,1.029852106852962690e+00,1.617071413875264541e-01,-3.944219032253929447e-01,-1.336646914689701093e+00,-4.991155345751571715e-01
1.361554722511970072e-01,1.029962730054912567e+00,1.618367738318098326e-01,-3.943708198319201275e-01,-1.336625861287723760e+00,-4.990907473489646362e-01
1.361291292842736755e-01,1.030073251831925996e+00,1.619666171670764987e-01,-3.943181721421507580e-01,-1.336604197464773991e+00,-4.990646814379395835e-01
1.361030866042450549e-01,1.030183692041617860e+00,1.620966523052846386e-01,-3.942641860335626691e-01,-1.336582024968861360e+00,-4.990375258575786011e-01
1.360773005811159730e-01,1.030294065706599094e+00,1.622268595256803336e-01,-3.942090572418948669e-01,-1.336559426064791722e+00,-4.990094431428633848e-01
1.360517337824164452e-01,1.030404384704166620e+00,1.623572204121041251e-01,-3.941529539946513894e-01,-1.336536468688515944e+00,-4.989805722784910191e-01
1.360263542259400049e-01,1.030514658698046926e+00,1.624877185324690165e-01,-3.940960202233466658e-01,-1.336513209653861001e+00,-4.989510317498926928e-01
1.360011346488756434e-01,1.030624895690756215e+00,1.626183395560595046e-01,-3.940383787616138500e-01,-1.336489696820333251e+00,-4.989209223955085593e-01
1.359760518416111563e-01,1.030735102377953183e+00,1.627490711339782403e-01,-3.939801342882749968e-01,-1.336465970670273062e+00,-4.988903299573180239e-01
1.359510860592859083e-01,1.030845284396797901e+00,1.628799026957444829e-01,-3.939213759383524138e-01,-1.336442065526873835e+00,-4.988593273060906719e-01
1.359262205113090927e-01,1.030955446509838502e+00,1.630108252255243195e-01,-3.938621795753148302e-01,-1.336418010528271694e+00,-4.988279763558501334e-01
1.359014409224932607e-01,1.031065592749196069e+00,1.631418310493260027e-01,-3.938026097492780542e-01,-1.336393830428646234e+00,-4.987963297044497590e-01
1.358767351588165695e-01,1.031175726531421644e+00,1.632729136420498495e-01,-3.937427213726937825e-01,-1.336369546264500219e+00,-4.987644320337754067e-01
1.358520929064883365e-01,1.031285850754595446e+00,1.634040674601297538e-01,-3.936825611553445570e-01,-1.336345175917913464e+00,-4.987323213001596534e-01
1.358275054000492865e-01,1.031395967877022368e+00,1.635352877949397543e-01,-3.936221688248668915e-01,-1.336320734589656167e+00,-4.987000297464663223e-01
1.358029651889118838e-01,1.031506079986586277e+00,1.636665706496440720e-01,-3.935615781708860506e-01,-1.336296235204105010e+00,-4.986675847613226686e-01
1.357784659420340212e-01,1.031616188854638461e+00,1.637979126308400646e-01,-3.935008179281329066e-01,-1.336271688747995734e+00,-4.986350096125554687e-01
1.357540022792753931e-01,1.031726295984668029e+00,1.639293108578788460e-01,-3.934399125323969071e-01,-1.336247104560933652e+00,-4.986023240655112487e-01
1.357295696284055719e-01,1.031836402654037421e+00,1.640607628870709433e-01,-3.933788827637029750e-01,-1.336222490584015210e+00,-4.985695449120791656e-01
1.357051641042439083e-01,1.031946509946878532e+00,1.641922666441968381e-01,-3.933177462916505607e-01,-1.336197853567074656e+00,-4.985366864158392031e-01
1.356807824052451428e-01,1.032056618784962243e+00,1.643238203710322975e-01,-3.932565181414883759e-01,-1.336173199250042964e+00,-4.985037606963031998e-01
1.356564217267022809e-01,1.032166729949819173e+00,1.644554225748633136e-01,-3.931952110874893380e-01,-1.336148532510370357e+00,-4.984707780480398531e-01
1.356320796848666244e-01,1.032276844106822189e+00,1.645870719913666014e-01,-3.931338359925179993e-01,-1.336123857496366751e+00,-4.984377472174352786e-01
1.356077542551152315e-01,1.032386961820141114e+00,1.647187675477601032e-01,-3.930724020909764915e-01,-1.336099177732980481e+00,-4.984046756341994344e-01
1.363364186772709485e-01,1.029097681566941924e+00,1.607868011638693972e-01,-3.947936603693594781e-01,-1.336750819700250004e+00,-4.990928413615954851e-01
1.363060376806696228e-01,1.029212860554372444e+00,1.609196308902436923e-01,-3.947586140812959221e-01,-1.336745635444284819e+00,-4.990827760919793743e-01
1.362760803679913812e-01,1.029326051627521776e+00,1.610498523611693100e-01,-3.947219334932146051e-01,-1.336734650915563760e+00,-4.990705535068483689e-01
1.362467349178948794e-01,1.029438183249725469e+00,1.611790740754538431e-01,-3.946826415091096441e-01,-1.336720210389405583e+00,-4.990557920882111587e-01
1.362180298321455374e-01,1.029549715259984399e+00,1.613080287167102111e-01,-3.946405457333042044e-01,-1.336703535103808793e+00,-4.990385385292212539e-01
1.361899267298078697e-01,1.029660881597593169e+00,1.614370368148809742e-01,-3.945957868380661759e-01,-1.336685295785929872e+00,-4.990190088692816883e-01
1.361623631694445224e-01,1.029771806345103347e+00,1.615662268912878841e-01,-3.945486294933727711e-01,-1.336665887695977162e+00,-4.989974704609253520e-01
1.361352718744456014e-01,1.029882559346347204e+00,1.616956396735751977e-01,-3.944993679552016852e-01,-1.336645563607827603e+00,-4.989741902149871233e-01
1.361085888978696423e-01,1.029993182983672595e+00,1.618252771764085440e-01,-3.944482854887769729e-01,-1.336624498817551299e+00,-4.989494137342263547e-01
1.360822566668382638e-01,1.030103705175722473e+00,1.619551256044141907e-01,-3.943956387792282858e-01,-1.336602823529466688e+00,-4.989233585762255507e-01
1.360562247114026901e-01,1.030214145782190949e+00,1.620851658649589411e-01,-3.943416536916174997e-01,-1.336580639503013979e+00,-4.988962137556888221e-01
1.360304494027107514e-01,1.030324519829242114e+00,1.622153782342303785e-01,-3.942865259550917267e-01,-1.336558029014586646e+00,-4.988681418067628659e-01
1.360048933100733437e-01,1.030434839195841334e+00,1.623457442923223748e-01,-3.942304237904183384e-01,-1.336535060008443132e+00,-4.988392817144394198e-01
1.359795244522185587e-01,1.030545113547379099e+00,1.624762476036008818e-01,-3.941734911244263451e-01,-1.336511789305257158e+00,-4.988097519621456089e-01
1.359543155677557791e-01,1.030655350887311306e+00,1.626068738343988407e-01,-3.941158507861391436e-01,-1.336488264770299361e+00,-4.987796533899506723e-01
1.359292434477953893e-01,1.030765557912304287e+00,1.627376106330257477e-01,-3.940576074511906168e-01,-1.336464526890635440e+00,-4.987490717388727846e-01
1.359042883476658248e-01,1.030875740260752904e+00,1.628684474266875459e-01,-3.939988502526373115e-01,-1.336440609993686968e+00,-4.987180798777966495e-01
1.358794334778680168e-01,1.030985902695409573e+00,1.629993751974371796e-01,-3.939396550507866523e-01,-1.336416543220747988e+00,-4.986867397218191500e-01
1.358546645634737260e-01,1.031096049249046187e+00,1.631303862693960494e-01,-3.938800863941993580e-01,-1.336392351328761219e+00,-4.986551038678292413e-01
1.358299694710296546e-01,1.031206183338943427e+00,1.632614741165911987e-01,-3.938201991935455504e-01,-1.336368055357433526e+00,-4.986232169988752405e-01
1.358053378870479333e-01,1.031316307863320514e+00,1.633926331937087528e-01,-3.937600401571560438e-01,-1.336343673190321102e+00,-4.985911170700148554e-01
1.357807610460923797e-01,1.031426425281622095e+00,1.635238587919550513e-01,-3.936996490119982761e-01,-1.336319220031202626e+00,-4.985588363244123355e-01
1.357562314983730978e-01,1.031536537680899146e+00,1.636551469125278324e-01,-3.936390595457739394e-01,-1.336294708804495190e+00,-4.985264021506342624e-01
1.357317429128088448e-01,1.031646646833056291e+00,1.637864941613964287e-01,-3.935783004927013717e-01,-1.336270150498459763e+00,-4.984938378157363625e-01
1.357072899091911200e-01,1.031756754242436402e+00,1.639178976579604152e-01,-3.935173962884006005e-01,-1.336245554454792206e+00,-4.984611630854423048e-01
1.356828679156494855e-01,1.031866861185784190e+00,1.640493549569849718e-01,-3.934563677118112501e-01,-1.336220928614214154e+00,-4.984283947504217771e-01
1.356584730466755540e-01,1.031976968748894441e+00,1.641808639855807106e-01,-3.933952324331054240e-01,-1.336196279729801706e+00,-4.983955470761430306e-01
1.356341020015472409e-01,1.032087077851855605e+00,1.643124229831667005e-01,-3.933340054755358195e-01,-1.336171613539464342e+00,-4.983626321804979220e-01
1.356097519753569347e-01,1.032197189276967686e+00,1.644440304573541733e-01,-3.932726996136041153e-01,-1.336146934922171070e+00,-4.983296603583102780e-01
1.355854205845809790e-01,1.032307303689478095e+00,1.645756851433654577e-01,-3.932113257095458114e-01,-1.336122248026472947e+00,-4.982966403558981572e-01
1.355611058043265371e-01,1.032417421654475920e+00,1.647073859690884878e-01,-3.931498929983729407e-01,-1.336097556379029827e+00,-4.982635796040512655e-01
1.362902539108890587e-01,1.029127617655091420e+00,1.607754654150680418e-01,-3.948697958956288168e-01,-1.336749568082672646e+00,-4.989538193972644642e-01
1.362598838636521759e-01,1.029242796759959777e+00,1.609082992319938177e-01,-3.948347490272908766e-01,-1.336744372674097070e+00,-4.989437655894446433e-01
1.362299373841918682e-01,1.029355988267556477e+00,1.610385252443359005e-01,-3.947980682916189532e-01,-1.336733377463282579e+00,-4.989315538808397621e-01
1.362006026791381663e-01,1.029468120412344811e+00,1.611677516755027073e-01,-3.947587765085905920e-01,-1.336718926294575782e+00,-4.989168031135761128e-01
1.361719082768823585e-01,1.029579652947917312e+00,1.612967111144242849e-01,-3.947166811846440915e-01,-1.336702240264762809e+00,-4.988995601269908819e-01
1.361438158144156196e-01,1.029690819787935085e+00,1.614257240628426959e-01,-3.946719229186849143e-01,-1.336683990072120576e+00,-4.988800410177177125e-01
1.361162628625171844e-01,1.029801745009835345e+00,1.615549190336612040e-01,-3.946247663290107788e-01,-1.336664570983980616e+00,-4.988585131587537358e-01
1.360891821525530010e-01,1.029912498459236048e+00,1.616843367510311102e-01,-3.945755056372117209e-01,-1.336644235790920066e+00,-4.988352434678194891e-01
1.360625097434890463e-01,1.030023122520664414e+00,1.618139792253657783e-01,-3.945244240844922867e-01,-1.336623159804421368e+00,-4.988104775492229193e-01
1.360361880652176114e-01,1.030133645117430108e+00,1.619438326587027410e-01,-3.944717783417447943e-01,-1.336601473244993343e+00,-4.987844329594961490e-01
1.360101666504994478e-01,1.030244086112304336e+00,1.620738779550802144e-01,-3.944177942629044642e-01,-1.336579277885000083e+00,-4.987572987139840541e-01
1.359844018730406445e-01,1.030354460532677097e+00,1.622040953859045231e-01,-3.943626675677902593e-01,-1.336556656009527888e+00,-4.987292373464804474e-01
1.359588563034192232e-01,1.030464780259555013e+00,1.623344665276049426e-01,-3.943065664713366614e-01,-1.336533675571147883e+00,-4.987003878409925206e-01
1.359334979617079497e-01,1.030575054959850689e+00,1.624649749414343869e-01,-3.942496348953085650e-01,-1.336510393397623453e+00,-4.986708686816037073e-01
1.359082995871421784e-01,1.030685292638133133e+00,1.625956062901458832e-01,-3.941919956652166768e-01,-1.336486857359266978e+00,-4.986407807057017250e-01
1.358832379721222616e-01,1.030795499991847386e+00,1.627263482196960320e-01,-3.941337534526518360e-01,-1.336463107948107742e+00,-4.986102096559062447e-01
1.358582933722680963e-01,1.030905682660863132e+00,1.628571901555785628e-01,-3.940749973887953117e-01,-1.336439179496418994e+00,-4.985792284009344377e-01
1.358334489980550230e-01,1.031015845409255283e+00,1.629881230781384249e-01,-3.940158033326875420e-01,-1.336415101149376117e+00,-4.985478988543631251e-01
1.358086905761311802e-01,1.031125992268849600e+00,1.631191393087955965e-01,-3.939562358287857502e-01,-1.336390897665163058e+00,-4.985162736135804185e-01
1.357840059725743953e-01,1.031236126658584329e+00,1.632502323209224226e-01,-3.938963497880175746e-01,-1.336366590087213480e+00,-4.984843973610894596e-01
1.357593848750206500e-01,1.031346251475975473e+00,1.633813965671949697e-01,-3.938361919156850299e-01,-1.336342196299902474e+00,-4.984523080520315008e-01
1.357348185174864497e-01,1.031456369181801502e+00,1.635126273383023798e-01,-3.937758019392996189e-01,-1.336317731509711670e+00,-4.984200379284731142e-01
1.357102994510179517e-01,1.031566481862959517e+00,1.636439206345838004e-01,-3.937152136444516115e-01,-1.336293208642427288e+00,-4.983876143801359571e-01
1.356858213447088291e-01,1.031676591291475154e+00,1.637752730610141094e-01,-3.936544557645305642e-01,-1.336268638687286403e+00,-4.983550606733822552e-01
1.356613788183914371e-01,1.031786698972013916e+00,1.639066817363673823e-01,-3.935935527347949048e-01,-1.336244030987137954e+00,-4.983223965738643457e-01
1.356369673003186838e-01,1.031896806181923143e+00,1.640381442154851543e-01,-3.935325253335799078e-01,-1.336219393484433082e+00,-4.982896388726033576e-01
1.356125829050600640e-01,1.032006914006583287e+00,1.641696584240793788e-01,-3.934713912306524453e-01,-1.336194732931861973e+00,-4.982568018337920623e-01
1.355882223321236701e-01,1.032117023366650788e+00,1.643012226020182376e-01,-3.934101654486603095e-01,-1.336170055069067608e+00,-4.982238975765584388e-01
1.355638827762831733e-01,1.032227135044996302e+00,1.644328352567772378e-01,-3.933488607624367472e-01,-1.336145364775938704e+00,-4.981909363949520997e-01
1.355395618542947211e-01,1.032337249706620552e+00,1.645644951230325337e-01,-3.932874880336438839e-01,-1.336120666201144225e+00,-4.981579270356298328e-01
1.355152575419092398e-01,1.032447367915533487e+00,1.646962011273211679e-01,-3.932260564957215099e-01,-1.336095962870158305e+00,-4.981248769285456790e-01
1.362448807060722689e-01,1.029157049168946125e+00,1.607643255392203763e-01,-3.949446276025226910e-01,-1.336748338098495692e+00,-4.988171552898675309e-01
1.362145214210540856e-01,1.029272228386973520e+00,1.608971633774014531e-01,-3.949095801678140782e-01,-1.336743131727104794e+00,-4.988071127472899491e-01
1.361845855891642143e-01,1.029385420319838929e+00,1.610273938543073380e-01,-3.948728992919958158e-01,-1.336732126016321409e+00,-4.987949117279644740e-01
1.361552614463350241e-01,1.029497552974717900e+00,1.611566249212751378e-01,-3.948336077089865115e-01,-1.336717664384514226e+00,-4.987801714299046063e-01
1.361265775448913529e-01,1.029609086024519726e+00,1.612855890765511613e-01,-3.947915128335357515e-01,-1.336700967793472028e+00,-4.987629388348761017e-01
1.360984955414674680e-01,1.029720253354874826e+00,1.614146067922014594e-01,-3.947467551882217762e-01,-1.336682706909909202e+00,-4.987434300966313017e-01
1.360709530169947057e-01,1.029831179040188838e+00,1.615438065736772844e-01,-3.946995993441330119e-01,-1.336663277009756623e+00,-4.987219126059558305e-01
1.360438827115842686e-01,1.029941932926885073e+00,1.616732291413731093e-01,-3.946503394875393034e-01,-1.336642930899370363e+00,-4.986986532890288482e-01
1.360172206891349100e-01,1.030052557403235536e+00,1.618028765029042859e-01,-3.945992588374438448e-01,-1.336621843907325191e+00,-4.986738977510675186e-01
1.359909093836100258e-01,1.030163080395521513e+00,1.619327348569518932e-01,-3.945466140485164863e-01,-1.336600146268699607e+00,-4.986478635500220524e-01
1.359648983305097036e-01,1.030273521768414913e+00,1.620627851025995270e-01,-3.944926309633503547e-01,-1.336577939766347090e+00,-4.986207396994880026e-01
1.359391439047740735e-01,1.030383896552606648e+00,1.621930075082405054e-01,-3.944375052950506166e-01,-1.336555306696425305e+00,-4.985926887323652301e-01
1.359136086791413733e-01,1.030494216630174931e+00,1.623233836463786606e-01,-3.943814052511331880e-01,-1.336532315019010708e+00,-4.985638496332373548e-01
1.358882606742188026e-01,1.030604491670296774e+00,1.624538970754373091e-01,-3.943244747498449998e-01,-1.336509021569367572e+00,-4.985343408852594416e-01
1.358630726304840552e-01,1.030714729678307240e+00,1.625845334549067267e-01,-3.942668366121219181e-01,-1.336485474222880443e+00,-4.985042633252881883e-01
1.358380213406100157e-01,1.030824937353293613e+00,1.627152804285728060e-01,-3.942085955074002279e-01,-1.336461713476934543e+00,-4.984737026951960859e-01
1.358130870615841534e-01,1.030935120334925070e+00,1.628461274189922370e-01,-3.941498405628747204e-01,-1.336437773666659279e+00,-4.984427318641568849e-01
1.357882530046352065e-01,1.031045283387706846e+00,1.629770654044472022e-01,-3.940906476349163579e-01,-1.336413683940311792e+00,-4.984114127455568366e-01
1.357635048961054469e-01,1.031155430545402929e+00,1.631080867059283013e-01,-3.940310812678911034e-01,-1.336389469060751845e+00,-4.983797979371407672e-01
1.357388306031677705e-01,1.031265565225861325e+00,1.632391847937663953e-01,-3.939711963693142693e-01,-1.336365150071462393e+00,-4.983479321193809986e-01
1.357142198127579968e-01,1.031375690328997230e+00,1.633703541213037680e-01,-3.939110396454352236e-01,-1.336340744861576502e+00,-4.983158532482117598e-01
1.356896637603928202e-01,1.031485808314031916e+00,1.635015899767432723e-01,-3.938506508202403444e-01,-1.336316268637098847e+00,-4.982835935661276694e-01
1.356651549965900982e-01,1.031595921269298444e+00,1.636328883603972995e-01,-3.937900636798481457e-01,-1.336291734326582548e+00,-4.982511804621645446e-01
1.356406871905380396e-01,1.031706030967254328e+00,1.637642458766663534e-01,-3.937293069571084492e-01,-1.336267152920803225e+00,-4.982186372026453647e-01
1.356162549628371627e-01,1.031816138911789693e+00,1.638956596428894907e-01,-3.936684050853412886e-01,-1.336242533762468598e+00,-4.981859835529733327e-01
1.355918537412922897e-01,1.031926246381395629e+00,1.640271272141509973e-01,-3.936073788434858445e-01,-1.336217884796112809e+00,-4.981532363040225286e-01
1.355674796411578675e-01,1.032036354460821759e+00,1.641586465151829433e-01,-3.935462458997122104e-01,-1.336193212774366534e+00,-4.981204097203016934e-01
1.355431293617164468e-01,1.032146464071110881e+00,1.642902157854559120e-01,-3.934850212768366551e-01,-1.336168523437609945e+00,-4.980875159201244018e-01
1.355188000981076557e-01,1.032256575995029069e+00,1.644218335321455948e-01,-3.934237177489364745e-01,-1.336143821666274656e+00,-4.980545651983759869e-01
1.354944894674399158e-01,1.032366690897041694e+00,1.645534984889910624e-01,-3.933623461766284635e-01,-1.336119111608569776e+00,-4.980215663008275562e-01
1.354701954443646994e-01,1.032476809343409352e+00,1.646852095842715469e-01,-3.933009157956253166e-01,-1.336094396793254369e+00,-4.979885266583172765e-01
1.362002851599111997e-01,1.029185984675482501e+00,1.607533780393204381e-01,-3.950181783373172273e-01,-1.336747129352819696e+00,-4.986828084792078175e-01
1.361699364541239243e-01,1.029301164000659741e+00,1.608862198288265322e-01,-3.949831303482294609e-01,-1.336741912202545679e+00,-4.986727770092057033e-01
1.361400110888237591e-01,1.029414356348054893e+00,1.610164546937317975e-01,-3.949464493368080586e-01,-1.336730896168960125e+00,-4.986605864971974666e-01
1.361106973287750654e-01,1.029526489500754982e+00,1.611456903169353472e-01,-3.949071579522922537e-01,-1.336716424250493196e+00,-4.986458564898229029e-01
1.360820237497775698e-01,1.029638023052471096e+00,1.612746591076799352e-01,-3.948650635195569136e-01,-1.336699717276390365e+00,-4.986286341095065855e-01
1.360539520262482038e-01,1.029749190862969899e+00,1.614036815096329402e-01,-3.948203064890968839e-01,-1.336681445883807884e+00,-4.986091355639541978e-01
1.360264197515273776e-01,1.029860117000890085e+00,1.615328860195855976e-01,-3.947731513809718540e-01,-1.336662005354720018e+00,-4.985876282644922664e-01
1.359993596733315990e-01,1.029970871314696002e+00,1.616623133549327518e-01,-3.947238923484026607e-01,-1.336641648512126190e+00,-4.985643791441024542e-01
1.359727078609413442e-01,1.030081496195519586e+00,1.617919655199363538e-01,-3.946728125876972082e-01,-1.336620550700481802e+00,-4.985396338097255464e-01
1.359464067514332686e-01,1.030192019573304751e+00,1.619218287100503417e-01,-3.946201687393308122e-01,-1.336598842169547385e+00,-4.985136098191658705e-01
1.359204058831145756e-01,1.030302461315224960e+00,1.620518838206115031e-01,-3.945661866345210322e-01,-1.336576624713879724e+00,-4.984864961857817245e-01
1.358946616325500401e-01,1.030412836454460468e+00,1.621821111163617990e-01,-3.945110619787920436e-01,-1.336553980639511252e+00,-4.984584554410254609e-01
1.358691365741708512e-01,1.030523156874258328e+00,1.623124921656207975e-01,-3.944549629733785645e-01,-1.336530977913607421e+00,-4.984296265693679562e-01
1.358437987298169447e-01,1.030633432245612768e+00,1.624430105242566091e-01,-3.943980335316725760e-01,-1.336507673378884986e+00,-4.984001280546396795e-01
1.358186208406035045e-01,1.030743670575166915e+00,1.625736518487099769e-01,-3.943403964713397825e-01,-1.336484114916097976e+00,-4.983700607325581844e-01
1.357935797002716161e-01,1.030853878562565384e+00,1.627044037799560416e-01,-3.942821564580131777e-01,-1.336460343026800279e+00,-4.983395103445455443e-01
1.357686555665365002e-01,1.030964061848141711e+00,1.628352557382553301e-01,-3.942234026161603455e-01,-1.336436392049844546e+00,-4.983085497596634328e-01
1.357438316504041564e-01,1.031074225198171934e+00,1.629661987007828550e-01,-3.941642108014818402e-01,-1.336412291138018960e+00,-4.982772408904656003e-01
1.357190936792362912e-01,1.031184372646046121e+00,1.630972249861345202e-01,-3.941046455553192662e-01,-1.336388065055774454e+00,-4.982456363345703076e-01
1.356944295205504691e-01,1.031294507610491129e+00,1.632283280638640310e-01,-3.940447617839006322e-01,-1.336363734849785434e+00,-4.982137807732806012e-01
1.356698288620573623e-01,1.031404632991015591e+00,1.633595023854260697e-01,-3.939846061912382069e-01,-1.336339318410151966e+00,-4.981817121622559852e-01
1.356452829386635417e-01,1.031514751248452821e+00,1.634907432389142157e-01,-3.939242185018928533e-01,-1.336314830946004006e+00,-4.981494627429042255e-01
1.356207843016305481e-01,1.031624864470508385e+00,1.636220466229761084e-01,-3.938636324999335581e-01,-1.336290285386148691e+00,-4.981170599039000946e-01
1.355963266204232298e-01,1.031734974430042140e+00,1.637534091416486537e-01,-3.938028769174232169e-01,-1.336265692723048293e+00,-4.980845269124956065e-01
1.355719045153157831e-01,1.031845082631865029e+00,1.638848279121611351e-01,-3.937419761879837887e-01,-1.336241062301291471e+00,-4.980518835336069650e-01
1.355475134150390115e-01,1.031955190353349039e+00,1.640163004880167974e-01,-3.936809510884072827e-01,-1.336216402064712927e+00,-4.980191465581583765e-01
1.355231494346506860e-01,1.032065298679887944e+00,1.641478247938725488e-01,-3.936198192869031498e-01,-1.336191718767273162e+00,-4.979863302501259525e-01
1.354988092733248051e-01,1.032175408532924443e+00,1.642793990689979111e-01,-3.935585958063647638e-01,-1.336167018150300700e+00,-4.979534467277657028e-01
1.354744901259366252e-01,1.032285520696060832e+00,1.644110218209485497e-01,-3.934972934212159767e-01,-1.336142305095782801e+00,-4.979205062860672659e-01
1.354501896098996849e-01,1.032395635833336156e+00,1.645426917826709190e-01,-3.934359229912984812e-01,-1.336117583751673443e+00,-4.978875176704576910e-01
1.354259057005187394e-01,1.032505754510194107e+00,1.646744078815394752e-01,-3.933744937508917294e-01,-1.336092857646116405e+00,-4.978544883119828679e-01
1.361564536141158799e-01,1.029214432586201600e+00,1.607426194583027046e-01,-3.950904705433067043e-01,-1.336745941427609274e+00,-4.985507390527998406e-01
1.361261153073773100e-01,1.029329612013782924e+00,1.608754651316287310e-01,-3.950554220122254323e-01,-1.336740713680920400e+00,-4.985407184661844737e-01
1.360962002303918728e-01,1.029442804765612340e+00,1.610057043093264806e-01,-3.950187408703748071e-01,-1.336729687498892982e+00,-4.985285382815710653e-01
1.360668966749563891e-01,1.029554938406777476e+00,1.611349444123946761e-01,-3.949794496864605375e-01,-1.336715205470078827e+00,-4.985138183885448049e-01
1.360382332427350072e-01,1.029666472448770076e+00,1.612639177592093964e-01,-3.949373556913792216e-01,-1.336698488288274422e+00,-4.984966060481594297e-01
1.360101716235679603e-01,1.029777640728902099e+00,1.613929447676356599e-01,-3.948925992688392950e-01,-1.336680206564922146e+00,-4.984771175199199655e-01
1.359826494238835504e-01,1.029888567309424463e+00,1.615221539259525940e-01,-3.948454448872979472e-01,-1.336660755587657068e+00,-4.984556202381588697e-01
1.359555993991080625e-01,1.029999322039636622e+00,1.616515859470653571e-01,-3.947961866668964204e-01,-1.336640388193822027e+00,-4.984323811406852767e-01
1.359289576225695684e-01,1.030109947315609231e+00,1.617812428337370989e-01,-3.947451077840833933e-01,-1.336619279746153799e+00,-4.984076458358066564e-01
1.359026665353957608e-01,1.030220471069471344e+00,1.619111107772197855e-01,-3.946924648630996679e-01,-1.336597560507184923e+00,-4.983816318809065060e-01
1.358766756781695229e-01,1.030330913171456197e+00,1.620411706695350507e-01,-3.946384837251327715e-01,-1.336575332283616691e+00,-4.983545282892486994e-01
1.358509414296734941e-01,1.030441288656603449e+00,1.621714027717216788e-01,-3.945833600674144570e-01,-1.336552677390856481e+00,-4.983264975931115948e-01
1.358254263653005667e-01,1.030551609410554459e+00,1.623017886490230599e-01,-3.945272620860169610e-01,-1.336529663804586265e+00,-4.982976787755590276e-01
1.358000985086273704e-01,1.030661885104228848e+00,1.624323118525289322e-01,-3.944703336883467748e-01,-1.336506348371764963e+00,-4.982681903188420081e-01
1.357749306010861967e-01,1.030772123746972690e+00,1.625629580375472227e-01,-3.944126976898275627e-01,-1.336482778980934594e+00,-4.982381330602108638e-01
1.357498994369532308e-01,1.030882332039561033e+00,1.626937148425502966e-01,-3.943544587532394341e-01,-1.336458996138198074e+00,-4.982075927397536796e-01
1.357249852750056496e-01,1.030992515622065175e+00,1.628245716845236057e-01,-3.942957059995212954e-01,-1.336435034184681347e+00,-4.981766422252840720e-01
1.357001713271699106e-01,1.031102679261054700e+00,1.629555195387177857e-01,-3.942365152816725837e-01,-1.336410922276201507e+00,-4.981453434304511929e-01
1.356754433210314859e-01,1.031212826990964171e+00,1.630865507226270106e-01,-3.941769511396251424e-01,-1.336386685180644962e+00,-4.981137489526009654e-01
1.356507891239601693e-01,1.031322962231886464e+00,1.632176587052133476e-01,-3.941170684792138501e-01,-1.336362343948147124e+00,-4.980819034730846195e-01
1.356261984244523933e-01,1.031433087882764221e+00,1.633488379358344900e-01,-3.940569140020476757e-01,-1.336337916469455989e+00,-4.980498449464020316e-01
1.356016624575666907e-01,1.031543206405074464e+00,1.634800837019480257e-01,-3.939965274319745525e-01,-1.336313417955858895e+00,-4.980176056145825814e-01
1.355771737746480077e-01,1.031653319887090525e+00,1.636113920016355194e-01,-3.939359425524754377e-01,-1.336288861338013279e+00,-4.979852128662238808e-01
1.355527260456356464e-01,1.031763430101094947e+00,1.637427594372717066e-01,-3.938751880940662975e-01,-1.336264257608297701e+00,-4.979526899672009899e-01
1.355283138907277252e-01,1.031873538552873448e+00,1.638741831263947624e-01,-3.938142884902802177e-01,-1.336239616113559014e+00,-4.979200566833042463e-01
1.355039327389069848e-01,1.031983646519623710e+00,1.640056606215899160e-01,-3.937532645171274992e-01,-1.336214944797995408e+00,-4.978873298050853768e-01
1.354795787055013134e-01,1.032093755086801234e+00,1.641371898471518931e-01,-3.936921338421751626e-01,-1.336190250416400493e+00,-4.978545235970368021e-01
1.354552484894332998e-01,1.032203865176694046e+00,1.642687690426495595e-01,-3.936309114885265248e-01,-1.336165538711667100e+00,-4.978216501774804237e-01
1.354309392860496009e-01,1.032313977571890806e+00,1.644003967140579281e-01,-3.935696102294234389e-01,-1.336140814564624746e+00,-4.977887198401083069e-01
1.354066487127182083e-01,1.032424092937084925e+00,1.645320715947883872e-01,-3.935082409247284696e-01,-1.336116082124654048e+00,-4.977557413313662971e-01
1.353823747446470382e-01,1.032534211838025628e+00,1.646637926121557738e-01,-3.934468128087794114e-01,-1.336091344920556923e+00,-4.977227220820233389e-01
1.361133727280567363e-01,1.029242401144296437e+00,1.607320464526834358e-01,-3.951615261484200392e-01,-1.336744773956521470e+00,-4.984209080564218630e-01
1.360830446422433559e-01,1.029357580671384165e+00,1.608648959447779303e-01,-3.951264770893641032e-01,-1.336739535794613243e+00,-4.984108981670652971e-01
1.360531396784447622e-01,1.029470773818258245e+00,1.609951393621200655e-01,-3.950897958219472539e-01,-1.336728499636390843e+00,-4.983987281344459674e-01
1.360238461551772082e-01,1.029582907934820435e+00,1.611243838670842476e-01,-3.950505048354647220e-01,-1.336714007665970039e+00,-4.983840181838761207e-01
1.359951926967620517e-01,1.029694442456153602e+00,1.612533616921723867e-01,-3.950084112735905428e-01,-1.336697280449201664e+00,-4.983668157111492691e-01
1.359671410111692735e-01,1.029805611193481907e+00,1.613823932273335260e-01,-3.949636554490776330e-01,-1.336678988568120952e+00,-4.983473370308601491e-01
1.359396287152929983e-01,1.029916538205756460e+00,1.615116069541308874e-01,-3.949165017837880098e-01,-1.336659527318729834e+00,-4.983258495954649980e-01
1.359125885718102666e-01,1.030027293343864558e+00,1.616410435818762537e-01,-3.948672443662348264e-01,-1.336639149553593420e+00,-4.983026203487105898e-01
1.358859566598186464e-01,1.030137919005981395e+00,1.617707051097596882e-01,-3.948161663497388729e-01,-1.336618030650206679e+00,-4.982778949008982439e-01
1.358596754243167615e-01,1.030248443126933200e+00,1.619005777256668777e-01,-3.947635243431689145e-01,-1.336596300884725474e+00,-4.982518908106554623e-01
1.358336944073297858e-01,1.030358885580826778e+00,1.620306423187016232e-01,-3.947095441591116916e-01,-1.336574062076402614e+00,-4.982247970892821898e-01
1.358079699902520754e-01,1.030469261403523573e+00,1.621608791452214537e-01,-3.946544214857371502e-01,-1.336551396548450121e+00,-4.981967762690951984e-01
1.357824647494511594e-01,1.030579582483199808e+00,1.622912697677807714e-01,-3.945983245141267415e-01,-1.336528372285294308e+00,-4.981679673327634172e-01
1.357571467095131656e-01,1.030689858492259470e+00,1.624217977343508923e-01,-3.945413971473027415e-01,-1.336505046140308961e+00,-4.981384887620033952e-01
1.357319886135060216e-01,1.030800097440232044e+00,1.625524486968514537e-01,-3.944837621954354612e-01,-1.336481466006349761e+00,-4.981084413940123357e-01
1.357069672562092877e-01,1.030910306028934187e+00,1.626832102912074973e-01,-3.944255243189575544e-01,-1.336457672393950302e+00,-4.980779109685166683e-01
1.356820628964710285e-01,1.031020489900442261e+00,1.628140719335250119e-01,-3.943667726374009419e-01,-1.336433699649712148e+00,-4.980469703537022119e-01
1.356572587467013979e-01,1.031130653821589416e+00,1.629450245965678445e-01,-3.943075830015166372e-01,-1.336409576931798959e+00,-4.980156814613588834e-01
1.356325405352702407e-01,1.031240801827050912e+00,1.630760605962278675e-01,-3.942480199488606618e-01,-1.336385329010644218e+00,-4.979840968893954889e-01
1.356078961302793207e-01,1.031350937336556139e+00,1.632071733992936369e-01,-3.941881383830249663e-01,-1.336360976937492895e+00,-4.979522613185487501e-01
1.355833152195848601e-01,1.031461063251128518e+00,1.633383574554616302e-01,-3.941279850063458268e-01,-1.336336538607211022e+00,-4.979202127034672021e-01
1.355587890394791550e-01,1.031571182031234546e+00,1.634696080503232063e-01,-3.940675995396674125e-01,-1.336312029231314868e+00,-4.978879832866433541e-01
1.355343101409463291e-01,1.031681295766015305e+00,1.636009211813267139e-01,-3.940070157666054063e-01,-1.336287461742291294e+00,-4.978556004552430747e-01
1.355098721945638962e-01,1.031791406227803742e+00,1.637322934504232830e-01,-3.939462624162307636e-01,-1.336262847133937948e+00,-4.978230874769093983e-01
1.354854698205310848e-01,1.031901514922370477e+00,1.638637219740141093e-01,-3.938853639216257085e-01,-1.336238194753489816e+00,-4.977904641160037502e-01
1.354610984477976621e-01,1.032011623127626176e+00,1.639952043048229502e-01,-3.938243410586362292e-01,-1.336213512546892135e+00,-4.977577471634953010e-01
1.354367541914712203e-01,1.032121731929345421e+00,1.641267383665504787e-01,-3.937632114948414475e-01,-1.336188807269546475e+00,-4.977249508825272173e-01
1.354124337515528187e-01,1.032231842248416243e+00,1.642583223972541862e-01,-3.937019902511466607e-01,-1.336164084663259199e+00,-4.976920873920608335e-01
1.353881343229246248e-01,1.032341954869004486e+00,1.643899549042231178e-01,-3.936406901016626381e-01,-1.336139349611622285e+00,-4.976591669871787138e-01
1.353638535230063389e-01,1.032452070455477156e+00,1.645216346199233626e-01,-3.935793219058231207e-01,-1.336114606263603344e+00,-4.976261984127451909e-01
1.353395893270753214e-01,1.032562189573599687e+00,1.646533604713633914e-01,-3.935178948977097191e-01,-1.336089858148294063e+00,-4.975931890994675921e-01
1.360710293526078973e-01,1.029269898515110970e+00,1.607216557757673581e-01,-3.952313667727854751e-01,-1.336743626637924898e+00,-4.982932771338049460e-01
1.360407113147313884e-01,1.029385078135760523e+00,1.608545090202722627e-01,-3.951963171955235610e-01,-1.336738378235255098e+00,-4.982832777597724361e-01
1.360108162917308128e-01,1.029498271668155773e+00,1.609847566044055045e-01,-3.951596358075888382e-01,-1.336727332269013191e+00,-4.982711177042041806e-01
1.359815326282506065e-01,1.029610406251789678e+00,1.611140054379021636e-01,-3.951203450206095535e-01,-1.336712830527846174e+00,-4.982564175245077776e-01
1.359528889732597723e-01,1.029721941242740746e+00,1.612429876657787697e-01,-3.950782518884038974e-01,-1.336696093447262923e+00,-4.982392247511183703e-01
1.359248470511707496e-01,1.029833110428618692e+00,1.613720236519779194e-01,-3.950334966562792927e-01,-1.336677791582601804e+00,-4.982197557506454211e-01
1.358973444895164306e-01,1.029944037863710582e+00,1.615012418696832874e-01,-3.949863436995704746e-01,-1.336658320235706077e+00,-4.981982779919323923e-01
1.358703140593821579e-01,1.030054793399829638e+00,1.616306830252727533e-01,-3.949370870733637795e-01,-1.336637932274506335e+00,-4.981750584280755789e-01
1.358436918443393648e-01,1.030165419438419550e+00,1.617603491148332240e-01,-3.948860099105896415e-01,-1.336616803091886574e+00,-4.981503426695242931e-01
1.358174202924171403e-01,1.030275943918062875e+00,1.618902263236820793e-01,-3.948333688063014879e-01,-1.336595062978505499e+00,-4.981243482751527840e-01
1.357914489486317933e-01,1.030386386714510660e+00,1.620202955366418229e-01,-3.947793895617543458e-01,-1.336572813763743817e+00,-4.980972642560329011e-01
1.357657341959294939e-01,1.030496762866250915e+00,1.621505370070559782e-01,-3.947242678581955322e-01,-1.336550137780775360e+00,-4.980692531445059523e-01
1.357402386113492065e-01,1.030607084263819306e+00,1.622809322942599664e-01,-3.946681718822014906e-01,-1.336527103021986074e+00,-4.980404539212002768e-01
1.357149302211484720e-01,1.030717360580374109e+00,1.624114649428918811e-01,-3.946112455311381328e-01,-1.336503766346501143e+00,-4.980109850682146178e-01
1.356897817694204256e-01,1.030827599825934859e+00,1.625421206013385189e-01,-3.945536116113626535e-01,-1.336480175651369340e+00,-4.979809474218696574e-01
1.356647700514654054e-01,1.030937808703857872e+00,1.626728869038245318e-01,-3.944953747807392053e-01,-1.336456371452439118e+00,-4.979504267221395719e-01
1.356398753266288004e-01,1.031047992857164752e+00,1.628037532645237040e-01,-3.944366241565475106e-01,-1.336432388100250890e+00,-4.979194958367408885e-01
1.356150808083895487e-01,1.031158157052730617e+00,1.629347106541669254e-01,-3.943774355864135273e-01,-1.336408254755605762e+00,-4.978882166781680718e-01
1.355903722249748589e-01,1.031268305326521029e+00,1.630657513875894138e-01,-3.943178736073379431e-01,-1.336383996192376467e+00,-4.978566418437541663e-01
1.355657374450815189e-01,1.031378441098042220e+00,1.631968689294824304e-01,-3.942579931207856325e-01,-1.336359633462983254e+00,-4.978248160128680433e-01
1.355411661569760340e-01,1.031488567268708856e+00,1.633280577285848856e-01,-3.941978408278221102e-01,-1.336335184464389148e+00,-4.977927771409019209e-01
1.355166495967664309e-01,1.031598686299914247e+00,1.634593130699135144e-01,-3.941374564489777965e-01,-1.336310664410345517e+00,-4.977605574694042301e-01
1.354921803162313643e-01,1.031708800280279448e+00,1.635906309495921973e-01,-3.940768737659778309e-01,-1.336286086233901216e+00,-4.977281843862216282e-01
1.354677519857305779e-01,1.031818910983192783e+00,1.637220079696675434e-01,-3.940161215079436285e-01,-1.336261460931175593e+00,-4.976956811590315111e-01
1.354433592257582308e-01,1.031929019914179957e+00,1.638534412454240585e-01,-3.939552241069279037e-01,-1.336236797849674307e+00,-4.976630675513325497e-01
1.354189974650732153e-01,1.032039128351804225e+00,1.639849283294414206e-01,-3.938942023388694591e-01,-1.336212104936738809e+00,-4.976303603538549947e-01
1.353946628197009172e-01,1.032149237380984186e+00,1.641164671444568790e-01,-3.938330738695125510e-01,-1.336187388947605470e+00,-4.975975738310446927e-01
1.353703519890397944e-01,1.032259347923941917e+00,1.642480559291832898e-01,-3.937718537206459923e-01,-1.336162655626181639e+00,-4.975647201014598009e-01
1.353460621686979060e-01,1.032369460763375546e+00,1.643796931889436319e-01,-3.937105546646603726e-01,-1.336137909854279826e+00,-4.975318094589258888e-01
1.353217909751427417e-01,1.032479576565682677e+00,1.645113776577223907e-01,-3.936491875628060910e-01,-1.336113155783899664e+00,-4.974988506486801576e-01
1.352975363847134238e-01,1.032589695895050008e+00,1.646431082609731700e-01,-3.935877616469980467e-01,-1.336088396942514800e+00,-4.974658511018879015e-01
1.360294106542958847e-01,1.029296932602946413e+00,1.607114441472746458e-01,-3.953000135034652196e-01,-1.336742499033884979e+00,-4.981678086571439956e-01
1.359991024926543723e-01,1.029412112313761618e+00,1.608443010805815088e-01,-3.952649634208735274e-01,-1.336737240564480844e+00,-4.981578196185764140e-01
1.359692172403848542e-01,1.029525306223760150e+00,1.609745527612411187e-01,-3.952282819187118990e-01,-1.336726184957467867e+00,-4.981456693688783854e-01
1.359399432701773880e-01,1.029637441261783470e+00,1.611038058476398360e-01,-3.951889913279612587e-01,-1.336711673608178330e+00,-4.981309787938699163e-01
1.359113092520737309e-01,1.029748976711252872e+00,1.612327924027311954e-01,-3.951468986203013900e-01,-1.336694926830007013e+00,-4.981137955549505003e-01
1.358832769273507490e-01,1.029860146334918181e+00,1.613618327631247129e-01,-3.951021439726615792e-01,-1.336676615149474001e+00,-4.980943360670667674e-01
1.358557839348726870e-01,1.029971074182692181e+00,1.614910553952832728e-01,-3.950549917140437906e-01,-1.336657133875966963e+00,-4.980728678218232508e-01
1.358287630524422362e-01,1.030081830107861141e+00,1.616205010016004417e-01,-3.950057358688573994e-01,-1.336636735891499006e+00,-4.980496577748178000e-01
1.358021503687664722e-01,1.030192456515075294e+00,1.617501715760410741e-01,-3.949546595489423217e-01,-1.336615596605064349e+00,-4.980249515404542859e-01
1.357758883354365509e-01,1.030302981345150970e+00,1.618800532998429520e-01,-3.949020193345234575e-01,-1.336593846319441115e+00,-4.979989666765199940e-01
1.357499264998872912e-01,1.030413424476269935e+00,1.620101270542539940e-01,-3.948480410168295762e-01,-1.336571586874910844e+00,-4.979718921940698984e-01
1.357242212462642372e-01,1.030523800949744606e+00,1.621403730895945861e-01,-3.947929202706027541e-01,-1.336548900614439983e+00,-4.979438906238752294e-01
1.356987351535728914e-01,1.030634122657173579e+00,1.622707729617197114e-01,-3.947368252757787466e-01,-1.336525855537458840e+00,-4.979151009476069367e-01
1.356734362487560519e-01,1.030744399273627598e+00,1.624013102126514452e-01,-3.946798999260896501e-01,-1.336502508509907594e+00,-4.978856416466959089e-01
1.356482972767850959e-01,1.030854638809817869e+00,1.625319704874470250e-01,-3.946222670241935626e-01,-1.336478907433145347e+00,-4.978556135560066598e-01
1.356232950339802956e-01,1.030964847969977338e+00,1.626627414183025866e-01,-3.945640312245406456e-01,-1.336455092827646629e+00,-4.978251024166227001e-01
1.355984097803022703e-01,1.031075032397543056e+00,1.627936124168365417e-01,-3.945052816418493369e-01,-1.336431099046929916e+00,-4.977941810950297641e-01
1.355736247294698771e-01,1.031185196860453290e+00,1.629245744523953043e-01,-3.944460941223829065e-01,-1.336406955255449613e+00,-4.977629115038472163e-01
1.355489256100248507e-01,1.031295345395246255e+00,1.630556198382185906e-01,-3.943865332014497849e-01,-1.336382686229575123e+00,-4.977313462393991861e-01
1.355243002908627092e-01,1.031405481422615900e+00,1.631867420386936551e-01,-3.943266537795780402e-01,-1.336358313025262978e+00,-4.976995299822563057e-01
1.354997384610182598e-01,1.031515607843242810e+00,1.633179355002831734e-01,-3.942665025554640823e-01,-1.336333853539707794e+00,-4.976675006863398032e-01
1.354752313570043998e-01,1.031625727118390401e+00,1.634491955065793256e-01,-3.942061192485095122e-01,-1.336309322987610848e+00,-4.976352905933285609e-01
1.354507715305870719e-01,1.031735841338133897e+00,1.635805180544800119e-01,-3.941455376401372113e-01,-1.336284734305470900e+00,-4.976029270927387338e-01
1.354263526521465033e-01,1.031845952275496803e+00,1.637118997441932289e-01,-3.940847864586495830e-01,-1.336260098489082448e+00,-4.975704334492769276e-01
1.354019693423066661e-01,1.031956061436601457e+00,1.638433376910530814e-01,-3.940238901358167345e-01,-1.336235424887787682e+00,-4.975378294278730573e-01
1.353776170306271454e-01,1.032066170099416480e+00,1.639748294468000023e-01,-3.939628694458210956e-01,-1.336210721449132999e+00,-4.975051318202949324e-01
1.353532918324339696e-01,1.032176279349958037e+00,1.641063729342142341e-01,-3.939017420552332061e-01,-1.336185994929858012e+00,-4.974723548889926072e-01
1.353289904474876681e-01,1.032286390109853125e+00,1.642379663908940801e-01,-3.938405229850526768e-01,-1.336161251073469058e+00,-4.974395107522507353e-01
1.353047100709555972e-01,1.032396503163029333e+00,1.643696083229745919e-01,-3.937792250083912426e-01,-1.336136494763852989e+00,-4.974066097043768897e-01
1.352804483205039543e-01,1.032506619174421658e+00,1.645012974631790137e-01,-3.937178589841232590e-01,-1.336111730151845034e+00,-4.973736604918543858e-01
1.352562031716371127e-01,1.032616738709530191e+00,1.646330327375621627e-01,-3.936564341455200955e-01,-1.336086960766597498e+00,-4.973406705445030385e-01
1.359885039043398913e-01,1.029323511327948637e+00,1.607014084231811746e-01,-3.953674872728618062e-01,-1.336741390847925759e+00,-4.980444654362434775e-01
1.359582054503415405e-01,1.029438691125518446e+00,1.608342689826778305e-01,-3.953324366970371595e-01,-1.336736122482632627e+00,-4.980344865557060352e-01
1.359283298039195009e-01,1.029551885402486322e+00,1.609645246890095138e-01,-3.952957550826974864e-01,-1.336725057396207283e+00,-4.980223459468212099e-01
1.358990653614427779e-01,1.029664020885837417e+00,1.610937819568042662e-01,-3.952564646886411737e-01,-1.336710536602778499e+00,-4.980076648130085104e-01
1.358704408161726107e-01,1.029775556783509627e+00,1.612227727650806242e-01,-3.952143724006499381e-01,-1.336693780290722833e+00,-4.979904909444767824e-01
1.358424179251575825e-01,1.029886726836022337e+00,1.613518174261397709e-01,-3.951696183310277610e-01,-1.336675458961870566e+00,-4.979710408081397532e-01
1.358149343386391150e-01,1.029997655087450115e+00,1.614810443976313625e-01,-3.951224667617194708e-01,-1.336655967929996525e+00,-4.979495819128793022e-01
1.357879228415360684e-01,1.030108411392603562e+00,1.616104943788487791e-01,-3.950732116866281785e-01,-1.336635560091901986e+00,-4.979263812206075057e-01
1.357613195276891893e-01,1.030219038158414202e+00,1.617401693604063606e-01,-3.950221361964758593e-01,-1.336614410870785585e+00,-4.979016843474868836e-01
1.357350668507902591e-01,1.030329563330486087e+00,1.618700555218492987e-01,-3.949694968597170508e-01,-1.336592650584693454e+00,-4.978757088507362871e-01
1.357091143617236706e-01,1.030440006788214902e+00,1.620001337403918495e-01,-3.949155194555445392e-01,-1.336570381083649117e+00,-4.978486437423897404e-01
1.356834184456995052e-01,1.030550383575416395e+00,1.621303842628372960e-01,-3.948603996526754978e-01,-1.336547684719588291e+00,-4.978206515511756636e-01
1.356579416837204732e-01,1.030660705584369063e+00,1.622607886411127076e-01,-3.948043056242405702e-01,-1.336524629498208494e+00,-4.977918712589133876e-01
1.356326521028700383e-01,1.030770982492713594e+00,1.623913304150734205e-01,-3.947473812613294109e-01,-1.336501272292775377e+00,-4.977624213457057523e-01
1.356075224494688036e-01,1.030881222311956336e+00,1.625219952273080914e-01,-3.946897493623411912e-01,-1.336477661009783269e+00,-4.977324026479115759e-01
1.355825295205055347e-01,1.030991431746787867e+00,1.626527707069775619e-01,-3.946315145788522050e-01,-1.336453836173070897e+00,-4.977019009049028497e-01
1.355576535762841317e-01,1.031101616442099633e+00,1.627836462644941806e-01,-3.945727660236468815e-01,-1.336429832140799245e+00,-4.976709889834985967e-01
1.355328778315216254e-01,1.031211781165653596e+00,1.629146128668485516e-01,-3.945135795399183909e-01,-1.336405678079484849e+00,-4.976397287960140914e-01
1.355081880150664497e-01,1.031321929954502448e+00,1.630456628256764795e-01,-3.944540196616126426e-01,-1.336381398767959805e+00,-4.976081729384302377e-01
1.354835719962606544e-01,1.031432066229511335e+00,1.631767896037941978e-01,-3.943941412875983099e-01,-1.336357015263931469e+00,-4.975763660908071873e-01
1.354590194640447609e-01,1.031542192892711984e+00,1.633079876476416781e-01,-3.943339911162263012e-01,-1.336332545467910249e+00,-4.975443462077062118e-01
1.354345216553087816e-01,1.031652312405764160e+00,1.634392522401754699e-01,-3.942736088656604854e-01,-1.336308004596500565e+00,-4.975121455312825347e-01
1.354100711219095587e-01,1.031762426858427339e+00,1.635705793764390403e-01,-3.942130283164690385e-01,-1.336283405586196960e+00,-4.974797914486872030e-01
1.353856615344802283e-01,1.031872538024230401e+00,1.637019656565318060e-01,-3.941522781963661681e-01,-1.336258759434660659e+00,-4.974473072260517381e-01
1.353612875142103100e-01,1.031982647408942855e+00,1.638334081948634169e-01,-3.940913829355191522e-01,-1.336234075491597562e+00,-4.974147126280722975e-01
1.353369444902563223e-01,1.032092756291278723e+00,1.639649045429527052e-01,-3.940303633086769119e-01,-1.336209361705877230e+00,-4.973820244458810880e-01
1.353126285782012550e-01,1.032202865757245958e+00,1.640964526231305509e-01,-3.939692369817208717e-01,-1.336184624834849899e+00,-4.973492569422223730e-01
1.352883364779362552e-01,1.032312976728774423e+00,1.642280506729716927e-01,-3.939080189751052452e-01,-1.336159870623020218e+00,-4.973164222354523600e-01
1.352640653848968810e-01,1.032423089989416232e+00,1.643596971978216470e-01,-3.938467220613355302e-01,-1.336135103954104064e+00,-4.972835306198212235e-01
1.352398129168474461e-01,1.032533206204098608e+00,1.644913909300455002e-01,-3.937853570989268692e-01,-1.336110328979232209e+00,-4.972505908416295362e-01
1.352155770491814957e-01,1.032643325938651602e+00,1.646231307956771972e-01,-3.937239333211878800e-01,-1.336085549228219760e+00,-4.972176103302822225e-01
1.359482967274055210e-01,1.029349642335829929e+00,1.606915454543554056e-01,-3.954338084196144520e-01,-1.336740301672474596e+00,-4.979232111545160988e-01
1.359180078164310690e-01,1.029464822215170994e+00,1.608244095771808324e-01,-3.953987573605449168e-01,-1.336735023577239945e+00,-4.979132422590666907e-01
1.358881416115770013e-01,1.029578016851436795e+00,1.609546692409493662e-01,-3.953620756397215885e-01,-1.336723949172404780e+00,-4.979011111246234300e-01
1.358588865345792540e-01,1.029690152770284195e+00,1.610839306188184827e-01,-3.953227854416009879e-01,-1.336709419094534335e+00,-4.978864392699854924e-01
1.358302713008372187e-01,1.029801689106460083e+00,1.612129256080203077e-01,-3.952806935688482071e-01,-1.336692653410187948e+00,-4.978692746120468304e-01
1.358022576833321227e-01,1.029912859577480688e+00,1.613419744956999802e-01,-3.952359400692239122e-01,-1.336674322595177156e+00,-4.978498336672415037e-01
1.357747833425559936e-01,1.030023788223356052e+00,1.614712057323061944e-01,-3.951887891802943753e-01,-1.336654821969739393e+00,-4.978283839617496098e-01
1.357477810707292398e-01,1.030134544900216165e+00,1.616006600142048111e-01,-3.951395348655192818e-01,-1.336634404445316671e+00,-4.978051924646610393e-01
1.357211869664678994e-01,1.030245172017501654e+00,1.617303393287738422e-01,-3.950884601951409891e-01,-1.336613245459165267e+00,-4.977805047927573168e-01
1.356949434871087268e-01,1.030355697523149816e+00,1.618602298521407412e-01,-3.950358217229925084e-01,-1.336591475341645241e+00,-4.977545385037355774e-01
1.356690001848399052e-01,1.030466141300382832e+00,1.619903124590976462e-01,-3.949818452205208774e-01,-1.336569195954922407e+00,-4.977274826086011683e-01
1.356433134473792324e-01,1.030576518393993890e+00,1.621205673924883406e-01,-3.949267263478188350e-01,-1.336546489658720027e+00,-4.976994996365944335e-01
1.356178458565200085e-01,1.030686840698345597e+00,1.622509762011329348e-01,-3.948706332734832070e-01,-1.336523424466172560e+00,-4.976707285679414783e-01
1.355925654413410453e-01,1.030797117891099068e+00,1.623815224211616892e-01,-3.948137098826103863e-01,-1.336500057255198382e+00,-4.976412878837273568e-01
1.355674449480530619e-01,1.030907357986215356e+00,1.625121916935484967e-01,-3.947560789719097851e-01,-1.336476435938787288e+00,-4.976112784189897775e-01
1.355424611744051322e-01,1.031017567689119785e+00,1.626429716450207841e-01,-3.946978451898565665e-01,-1.336452601044695321e+00,-4.975807859124118382e-01
1.355175943817976680e-01,1.031127752644634521e+00,1.627738516834324745e-01,-3.946390976460475430e-01,-1.336428586933720020e+00,-4.975498832313210440e-01
1.354928277846491891e-01,1.031237917622181532e+00,1.629048227747570687e-01,-3.945799121832618273e-01,-1.336404422776459544e+00,-4.975186322870933653e-01
1.354681471125144254e-01,1.031348066659143914e+00,1.630358772292488934e-01,-3.945203533331755885e-01,-1.336380133354254207e+00,-4.974870856761938742e-01
1.354435402352527351e-01,1.031458203176407240e+00,1.631670085080589860e-01,-3.944604759928819759e-01,-1.336355739726378777e+00,-4.974552880779741781e-01
1.354189968421469492e-01,1.031568330076467976e+00,1.632982110567911815e-01,-3.944003268595503986e-01,-1.336331259795437765e+00,-4.974232774475854102e-01
1.353945081701339592e-01,1.031678449821290533e+00,1.634294801572380440e-01,-3.943399456505945477e-01,-1.336306708779301688e+00,-4.973910860258384248e-01
1.353700667714480832e-01,1.031788564501000538e+00,1.635608118040544068e-01,-3.942793661455201715e-01,-1.336282099616226127e+00,-4.973587412008544928e-01
1.353456663165758245e-01,1.031898675889677319e+00,1.636922025968036154e-01,-3.942186170719796934e-01,-1.336257443305239656e+00,-4.973262662382988419e-01
1.353213014276791470e-01,1.032008785492028791e+00,1.638236496484019589e-01,-3.941577228578713732e-01,-1.336232749195573888e+00,-4.972936809029610550e-01
1.352969675331878174e-01,1.032118894588096358e+00,1.639551505106595641e-01,-3.940967042790342045e-01,-1.336208025238126984e+00,-4.972610019849264540e-01
1.352726607492523991e-01,1.032229004263777616e+00,1.640867031057050007e-01,-3.940355790002154635e-01,-1.336183278191078072e+00,-4.972282437486598150e-01
1.352483777754922567e-01,1.032339115441103239e+00,1.642183056702857247e-01,-3.939743620420008696e-01,-1.336158513798987091e+00,-4.971954183105281588e-01
1.352241158080607075e-01,1.032449228903111305e+00,1.643499567093016644e-01,-3.939130661754279283e-01,-1.336133736945701589e+00,-4.971625359660548082e-01
1.351998724641251537e-01,1.032559345315504196e+00,1.644816549551291196e-01,-3.938517022599520856e-01,-1.336108951783306908e+00,-4.971296054601021530e-01
1.351756457194145666e-01,1.032669465243998719e+00,1.646133993336579837e-01,-3.937902795282172130e-01,-1.336084161841967433e+00,-4.970966342231823987e-01
1.359087768508765171e-01,1.029375333322580355e+00,1.606818522811980510e-01,-3.954989971377154134e-01,-1.336739231310372533e+00,-4.978040100133146462e-01
1.358784973200278801e-01,1.029490513280640229e+00,1.608147199068899746e-01,-3.954639456069453662e-01,-1.336733943650204592e+00,-4.977940509314535134e-01
1.358486403956869482e-01,1.029603708268499673e+00,1.609449834611746677e-01,-3.954272637848763039e-01,-1.336722860085346465e+00,-4.977819291100015753e-01
1.358193945248037104e-01,1.029715844613347864e+00,1.610742488792726856e-01,-3.953879737819565032e-01,-1.336708320880266365e+00,-4.977672663768654693e-01
1.357907884444220781e-01,1.029827381378233486e+00,1.612032479783010730e-01,-3.953458823194749838e-01,-1.336691545982258811e+00,-4.977501107732459351e-01
1.357627839425522842e-01,1.029938552258812923e+00,1.613323010210425401e-01,-3.953011293828034844e-01,-1.336673205842174417e+00,-4.977306788634738299e-01
1.357353186906505027e-01,1.030049481289833091e+00,1.614615364500314454e-01,-3.952539791644117950e-01,-1.336653695785293250e+00,-4.977092381917921360e-01
1.357083254875921519e-01,1.030160238329408173e+00,1.615909949591606276e-01,-3.952047255987007901e-01,-1.336633268738074642e+00,-4.976860557337139945e-01
1.356817404367416657e-01,1.030270865789417067e+00,1.617206785326445739e-01,-3.951536517356294409e-01,-1.336612100151605143e+00,-4.976613771066890624e-01
1.356555059981783551e-01,1.030381391621499665e+00,1.618505733444498551e-01,-3.951010141165524625e-01,-1.336590320370165896e+00,-4.976354198691880226e-01
1.356295717272031909e-01,1.030491835709422377e+00,1.619806602642009374e-01,-3.950470385015160124e-01,-1.336568031263753564e+00,-4.976083730308248354e-01
1.356038940126902126e-01,1.030602213101114994e+00,1.621109195326205510e-01,-3.949919205446126846e-01,-1.336545315202349649e+00,-4.975803991208794796e-01
1.355784354372958633e-01,1.030712535693059539e+00,1.622413326957113100e-01,-3.949358284100150107e-01,-1.336522240206708290e+00,-4.975516371190079057e-01
1.355531640313821229e-01,1.030822813164003593e+00,1.623718832867446782e-01,-3.948789059780268840e-01,-1.336498863160529460e+00,-4.975222055061759296e-01
1.355280525422764282e-01,1.030933053527932186e+00,1.625025569428943939e-01,-3.948212760413077338e-01,-1.336475231979990408e+00,-4.974922051159518799e-01
1.355030777682880161e-01,1.031043263491908224e+00,1.626333412897393027e-01,-3.947630432460813021e-01,-1.336451387198401175e+00,-4.974617216885711679e-01
1.354782199710467538e-01,1.031153448701571218e+00,1.627642257329170450e-01,-3.947042967000984892e-01,-1.336427363179746530e+00,-4.974308280895020640e-01
1.354534623661876880e-01,1.031263613926177936e+00,1.628952012364513480e-01,-3.946451122427960256e-01,-1.336403189096957655e+00,-4.973995862312017846e-01
1.354287906830873578e-01,1.031373763204389116e+00,1.630262601096727215e-01,-3.945855544053987196e-01,-1.336378889734694653e+00,-4.973680487092942415e-01
1.354041927920577870e-01,1.031483899957378769e+00,1.631573958124351575e-01,-3.945256780834232035e-01,-1.336354486154192500e+00,-4.973362602033505331e-01
1.353796583826473998e-01,1.031594027087829657e+00,1.632886027890064762e-01,-3.944655299728776487e-01,-1.336329996259483677e+00,-4.973042586677230426e-01
1.353551786917768229e-01,1.031704147058664311e+00,1.634198763209925021e-01,-3.944051497906748138e-01,-1.336305435270914943e+00,-4.972720763433344793e-01
1.353307462725256705e-01,1.031814261959076218e+00,1.635512124012288293e-01,-3.943445713142468834e-01,-1.336280816126505844e+00,-4.972397406181644497e-01
1.353063547953528845e-01,1.031924373563697372e+00,1.636826076289158161e-01,-3.942838232709734436e-01,-1.336256149826819728e+00,-4.972072747577092611e-01
1.352819988819630448e-01,1.032034483378551970e+00,1.638140591174389316e-01,-3.942229300893243527e-01,-1.336231445723477629e+00,-4.971746985267895824e-01
1.352576739616919432e-01,1.032144592682393558e+00,1.639455644168588411e-01,-3.941619125431119475e-01,-1.336206711766331434e+00,-4.971420287152599760e-01
1.352333761505493670e-01,1.032254702561535398e+00,1.640771214490396035e-01,-3.941007882970496423e-01,-1.336181954714473541e+00,-4.971092795868916614e-01
1.352091021486102607e-01,1.032364813938075443e+00,1.642087284507799672e-01,-3.940395723707889042e-01,-1.336157180313417125e+00,-4.970764632597731714e-01
1.351848491511058736e-01,1.032474927596349401e+00,1.643403839273374634e-01,-3.939782775369591872e-01,-1.336132393448636213e+00,-4.970435900279025487e-01
1.351606147759800147e-01,1.032585044201328239e+00,1.644720866104588397e-01,-3.939169146534153287e-01,-1.336107598271920160e+00,-4.970106686372806060e-01
1.351363969989470559e-01,1.032695164318579106e+00,1.646038354253925029e-01,-3.938554929525863169e-01,-1.336082798313264153e+00,-4.969777065172086838e-01
1.358699323075507337e-01,1.029400591699892509e+00,1.606723258640774810e-01,-3.955630730987422794e-01,-1.336738179371601554e+00,-4.976868268510627469e-01
1.358396619971336816e-01,1.029515771733614304e+00,1.608051969335507481e-01,-3.955280211072427776e-01,-1.336732882309127346e+00,-4.976768774165057918e-01
1.358098141958682947e-01,1.029628967064278866e+00,1.609354643115954442e-01,-3.954913391872527662e-01,-1.336721789738393174e+00,-4.976647647494499282e-01
1.357805773752744916e-01,1.029741103824891146e+00,1.610647337007351798e-01,-3.954520493771550016e-01,-1.336707241559766723e+00,-4.976501109832163205e-01
1.357519802923694285e-01,1.029852641009449510e+00,1.611937368399463111e-01,-3.954099583205838986e-01,-1.336690457604411186e+00,-4.976329642790418006e-01
1.357239847516590603e-01,1.029963812289743208e+00,1.613227939665232424e-01,-3.953652059386403850e-01,-1.336672108296196315e+00,-4.976135412509503642e-01
1.356965284341309363e-01,1.030074741697169172e+00,1.614520335165089970e-01,-3.953180563816730553e-01,-1.336652588967399913e+00,-4.975921094594885630e-01
1.356695441457141105e-01,1.030185499090765067e+00,1.615814961803757888e-01,-3.952688035542714640e-01,-1.336632152557777120e+00,-4.975689358854950561e-01
1.356429679939914201e-01,1.030296126886107944e+00,1.617111839407605334e-01,-3.952177304878702890e-01,-1.336610974534164331e+00,-4.975442661494696162e-01
1.356167424429149948e-01,1.030406653035793596e+00,1.618410829667158990e-01,-3.951650937087289317e-01,-1.336589185250558698e+00,-4.975183178082218660e-01
1.355908170490849607e-01,1.030517097427730677e+00,1.619711741262661320e-01,-3.951111189693476966e-01,-1.336566886589631409e+00,-4.974912798713014284e-01
1.355651482033816968e-01,1.030627475111121072e+00,1.621014376563068293e-01,-3.950560019163248948e-01,-1.336544160928977210e+00,-4.974633148679940553e-01
1.355396984901761637e-01,1.030737797983467541e+00,1.622318550994649167e-01,-3.949999107076361260e-01,-1.336521076295800858e+00,-4.974345617778131445e-01
1.355144359403050447e-01,1.030848075725213864e+00,1.623624099862314707e-01,-3.949429892205441051e-01,-1.336497689579766446e+00,-4.974051390805354633e-01
1.354893333018125645e-01,1.030958316352054815e+00,1.624930879522145100e-01,-3.948853602446168454e-01,-1.336474048703085948e+00,-4.973751476104912861e-01
1.354643673737954968e-01,1.031068526571331301e+00,1.626238766200404640e-01,-3.948271284230342459e-01,-1.336450194202091657e+00,-4.973446731067920346e-01
1.354395184191546919e-01,1.031178712028672839e+00,1.627547653932033267e-01,-3.947683828598854139e-01,-1.336426160443636268e+00,-4.973137884357679561e-01
1.354147696529419687e-01,1.031288877495184053e+00,1.628857452347614310e-01,-3.947091993947602906e-01,-1.336401976604718600e+00,-4.972825555082449611e-01
1.353901068060895940e-01,1.031399027007989577e+00,1.630168084508996640e-01,-3.946496425549724241e-01,-1.336377667469851094e+00,-4.972510269197815691e-01
1.353655177479568261e-01,1.031509163991043643e+00,1.631479485023783760e-01,-3.945897672372914444e-01,-1.336353254105413724e+00,-4.972192473500422483e-01
1.353409921690136852e-01,1.031619291346276945e+00,1.632791598315074810e-01,-3.945296201352714305e-01,-1.336328754415825992e+00,-4.971872547530247766e-01
1.353165213067654415e-01,1.031729411536429719e+00,1.634104377187039214e-01,-3.944692409642692188e-01,-1.336304183622435193e+00,-4.971550813701337002e-01
1.352920977140133485e-01,1.031839526651602945e+00,1.635417781564887374e-01,-3.944086635017902687e-01,-1.336279554665212643e+00,-4.971227545886246491e-01
1.352677150618558366e-01,1.031949638466445274e+00,1.636731777437042124e-01,-3.943479164736923281e-01,-1.336254878546005997e+00,-4.970902976754604796e-01
1.352433679716860127e-01,1.032059748487301087e+00,1.638046335928562136e-01,-3.942870243087153725e-01,-1.336230164617089544e+00,-4.970577303937889213e-01
1.352190518730909674e-01,1.032169857993276318e+00,1.639361432539996333e-01,-3.942260077798261930e-01,-1.336205420829602364e+00,-4.970250695340130420e-01
1.351947628822493530e-01,1.032279968070549225e+00,1.640677046482891810e-01,-3.941648845512776278e-01,-1.336180653942894869e+00,-4.969923293597899860e-01
1.351704976989638596e-01,1.032390079641754665e+00,1.641993160124193829e-01,-3.941036696430849084e-01,-1.336155869703463228e+00,-4.969595219886018267e-01
1.351462535191652603e-01,1.032500193490215823e+00,1.643309758503940232e-01,-3.940423758261714093e-01,-1.336131072995816682e+00,-4.969266577139381802e-01
1.351220279603957408e-01,1.032610310282028321e+00,1.644626828947877983e-01,-3.939810139591981009e-01,-1.336106267973662387e+00,-4.968937452826766576e-01
1.350978189986008215e-01,1.032720430582392712e+00,1.645944360701850073e-01,-3.939195932739831818e-01,-1.336081458166699765e+00,-4.968607921237078728e-01
1.358317513513702945e-01,1.029425424747443030e+00,1.606629632171057420e-01,-3.956260556106940274e-01,-1.336737145468694044e+00,-4.975716271277787484e-01
1.358014901047466250e-01,1.029540604852765995e+00,1.607958376708634451e-01,-3.955910031681260097e-01,-1.336731839161765079e+00,-4.975616871746992853e-01
1.357716512715881896e-01,1.029653800518159246e+00,1.609261088075289170e-01,-3.955543211538886106e-01,-1.336720737737318698e+00,-4.975495835062521688e-01
1.357424233466535957e-01,1.029765937686014432e+00,1.610553821001377284e-01,-3.955150315367744751e-01,-1.336706180737103233e+00,-4.975349385518403333e-01
1.357138351082070871e-01,1.029877475280605248e+00,1.611843892100494890e-01,-3.954729408817209135e-01,-1.336689387876696333e+00,-4.975178005950492421e-01
1.356858483750882638e-01,1.029988646953438280e+00,1.613134503520701202e-01,-3.954281890495275897e-01,-1.336671029557203960e+00,-4.974983862957200187e-01
1.356584008398966923e-01,1.030099576728969124e+00,1.614426939529750027e-01,-3.953810401451341439e-01,-1.336651501113425233e+00,-4.974769632325192759e-01
1.356314253138541093e-01,1.030210334469285449e+00,1.615721607012157168e-01,-3.953317880472062007e-01,-1.336631055500458354e+00,-4.974537983904577798e-01
1.356048579098843299e-01,1.030320962591769973e+00,1.617018525764478409e-01,-3.952807157661328286e-01,-1.336609868198362916e+00,-4.974291373921385651e-01
1.355786410945534759e-01,1.030431489052645810e+00,1.618317557456639688e-01,-3.952280798161763586e-01,-1.336588069574610405e+00,-4.974031977952576566e-01
1.355527244267135389e-01,1.030541933741943694e+00,1.619618510734620043e-01,-3.951741059403944822e-01,-1.336565761521671947e+00,-4.973761686087321277e-01
1.355270642993584018e-01,1.030652311709604252e+00,1.620921187923489992e-01,-3.951189897776070659e-01,-1.336543026423802516e+00,-4.973482123607204652e-01
1.355016232973975110e-01,1.030762634856079218e+00,1.622225404432665052e-01,-3.950628994821042128e-01,-1.336519932316956094e+00,-4.973194680309729887e-01
1.354763694529529661e-01,1.030872912862405455e+00,1.623530995532747045e-01,-3.950059789263188903e-01,-1.336496536095505894e+00,-4.972900540982340689e-01
1.354512755149558378e-01,1.030983153745122838e+00,1.624837817553747010e-01,-3.949483508964721779e-01,-1.336472885686188272e+00,-4.972600713967775810e-01
1.354263182832857459e-01,1.031093364211939978e+00,1.626145746694452054e-01,-3.948901200326606631e-01,-1.336449021628498546e+00,-4.972296056644575080e-01
1.354014780205080037e-01,1.031203549910908457e+00,1.627454676987409032e-01,-3.948313754387349217e-01,-1.336424978294988630e+00,-4.971987297683826412e-01
1.353767379430561302e-01,1.031313715612187432e+00,1.628764518034495345e-01,-3.947721929504750538e-01,-1.336400784863587043e+00,-4.971675056190901221e-01
1.353520837816348521e-01,1.031423865354680558e+00,1.630075192896434655e-01,-3.947126370949231022e-01,-1.336376466123018858e+00,-4.971359858124447806e-01
1.353275034069698901e-01,1.031534002560771546e+00,1.631386636150864433e-01,-3.946527627653632631e-01,-1.336352043139063195e+00,-4.971042150273765614e-01
1.353029865089882822e-01,1.031644130134276471e+00,1.632698792224873408e-01,-3.945926166560168036e-01,-1.336327533819916313e+00,-4.970722312184084335e-01
1.352785243256901249e-01,1.031754250537448625e+00,1.634011613904973459e-01,-3.945322384805887150e-01,-1.336302953387158876e+00,-4.970400666255144206e-01
1.352541094094544261e-01,1.031864365861929533e+00,1.635325061121589152e-01,-3.944716620170797272e-01,-1.336278314783778010e+00,-4.970077486365460095e-01
1.352297354319779155e-01,1.031974477881616892e+00,1.636639099847195244e-01,-3.944109159896919126e-01,-1.336253629011335819e+00,-4.969753005174079585e-01
1.352053970149797724e-01,1.032084588102911260e+00,1.637953701202030932e-01,-3.943500248263624441e-01,-1.336228905423009206e+00,-4.969427420320681743e-01
1.351810895877617602e-01,1.032194697805643546e+00,1.639268840686159412e-01,-3.942890093003936780e-01,-1.336204151971366327e+00,-4.969100899705275465e-01
1.351568092670322740e-01,1.032304808075606317e+00,1.640584497504530281e-01,-3.942278870747677466e-01,-1.336179375415913473e+00,-4.968773585968606632e-01
1.351325527527183212e-01,1.032414919835397349e+00,1.641900654019013972e-01,-3.941666731690505188e-01,-1.336154581503474326e+00,-4.968445600282364594e-01
1.351083172406035426e-01,1.032525033868887387e+00,1.643217295271275080e-01,-3.941053803543313472e-01,-1.336129775119649699e+00,-4.968117045583149149e-01
1.350841003479521796e-01,1.032635150842582838e+00,1.644534408585607843e-01,-3.940440194895757919e-01,-1.336104960418758258e+00,-4.967788009330410537e-01
1.350599000514523529e-01,1.032745271321027669e+00,1.645851983203328317e-01,-3.939825998052509104e-01,-1.336080140930351101e+00,-4.967458565828773986e-01
1.357942223756663791e-01,1.029449839766625407e+00,1.606537615477444392e-01,-3.956879637763971447e-01,-1.336736129419510366e+00,-4.974583769293358659e-01
1.357639700388912629e-01,1.029565019940253734e+00,1.607866393283036432e-01,-3.956529108925725402e-01,-1.336730814024579717e+00,-4.974484462970475418e-01
1.357341400214829852e-01,1.029678215932226415e+00,1.609169141590142127e-01,-3.956162287874654404e-01,-1.336719703895281608e+00,-4.974363514726018454e-01
1.357049208406793106e-01,1.029790353498975408e+00,1.610461912891774927e-01,-3.955769393629786634e-01,-1.336705138223363010e+00,-4.974217151802674541e-01
1.356763412966901505e-01,1.029901891494559685e+00,1.611752023025032343e-01,-3.955348491040747705e-01,-1.336688336608714334e+00,-4.974045858224884764e-01
1.356483632223169367e-01,1.030013063549815922e+00,1.613042673904387936e-01,-3.954900978128961242e-01,-1.336669969428547766e+00,-4.973851801037015297e-01
1.356209243198867043e-01,1.030123993685480466e+00,1.614335149733825414e-01,-3.954429495527496119e-01,-1.336650432024108603e+00,-4.973637656194783152e-01
1.355939574076973908e-01,1.030234751764451673e+00,1.615629857367053834e-01,-3.953936981732500966e-01,-1.336629977363580801e+00,-4.973406093615105883e-01
1.355673986028811118e-01,1.030345380207055461e+00,1.616926816577048953e-01,-3.953426266664356592e-01,-1.336608780941120234e+00,-4.973159569540909208e-01
1.355411903750237124e-01,1.030455906971589730e+00,1.618225888995369899e-01,-3.952899915334355252e-01,-1.336586973134979983e+00,-4.972900259530506628e-01
1.355152822853296080e-01,1.030566351950491288e+00,1.619526883241231285e-01,-3.952360185079531463e-01,-1.336564655848101246e+00,-4.972630053683153584e-01
1.354896307276724499e-01,1.030676730196525392e+00,1.620829601614311166e-01,-3.951809032233888908e-01,-1.336541911473878574e+00,-4.972350577266239080e-01
1.354641982888811769e-01,1.030787053610190851e+00,1.622133859480115181e-01,-3.951248138276218791e-01,-1.336518808052985285e+00,-4.972063220070681577e-01
1.354389530019280696e-01,1.030897331874337297e+00,1.623439492089924219e-01,-3.950678941894468221e-01,-1.336495402486399531e+00,-4.971769166891354952e-01
1.354138676161821819e-01,1.031007573007032496e+00,1.624746355753483029e-01,-3.950102670924959813e-01,-1.336471742706102583e+00,-4.971469426064211161e-01
1.353889189325881148e-01,1.031117783716185343e+00,1.626054326643822101e-01,-3.949520371734111523e-01,-1.336447869254776766e+00,-4.971164854967872193e-01
1.353640872141446683e-01,1.031227969650354570e+00,1.627363298771113964e-01,-3.948932935340527806e-01,-1.336423816507794404e+00,-4.970856182263002077e-01
1.353393556778374751e-01,1.031338135580592175e+00,1.628673181727645636e-01,-3.948341120082048405e-01,-1.336399613646622075e+00,-4.970544027063903414e-01
1.353147100543930781e-01,1.031448285546365806e+00,1.629983898557435251e-01,-3.947745571219867800e-01,-1.336375285462034324e+00,-4.970228915314562346e-01
1.352901382144482967e-01,1.031558422971506683e+00,1.631295383837791380e-01,-3.947146837682713461e-01,-1.336350853023385188e+00,-4.969911293810180819e-01
1.352656298495590881e-01,1.031668550757737224e+00,1.632607581964661270e-01,-3.946545386374200604e-01,-1.336326334237456948e+00,-4.969591542091229552e-01
1.352411761965910120e-01,1.031778671369920630e+00,1.633920445735428661e-01,-3.945941614448696955e-01,-1.336301744330122832e+00,-4.969269982553908838e-01
1.352167698091391035e-01,1.031888786898523591e+00,1.635233935064130117e-01,-3.945335859660669686e-01,-1.336277096244171458e+00,-4.968946889088984298e-01
1.351924043586531232e-01,1.031998899117950286e+00,1.636548015916568510e-01,-3.944728409252177270e-01,-1.336252400982236299e+00,-4.968622494342914697e-01
1.351680744669756240e-01,1.032109009535157940e+00,1.637862659413476252e-01,-3.944119507496757771e-01,-1.336227667899113181e+00,-4.968296995959157192e-01
1.351437755641457239e-01,1.032219119428802845e+00,1.639177841037481320e-01,-3.943509362109971494e-01,-1.336202904946281578e+00,-4.967970561831203113e-01
1.351195037660579967e-01,1.032329229886362443e+00,1.640493540002943285e-01,-3.942898149736951963e-01,-1.336178118885867905e+00,-4.967643334601690719e-01
1.350952557728290204e-01,1.032439341830485136e+00,1.641809738668813246e-01,-3.942286020566806437e-01,-1.336153315465222313e+00,-4.967315435441521099e-01
1.350710287807175281e-01,1.032549456044427716e+00,1.643126422068237891e-01,-3.941673102301015974e-01,-1.336128499569587902e+00,-4.966986967290371036e-01
1.350468204071037237e-01,1.032659573194792513e+00,1.644443577523999056e-01,-3.941059503524488861e-01,-1.336103675353748743e+00,-4.966658017606417896e-01
1.350226286283552624e-01,1.032769693846579129e+00,1.645761194276928185e-01,-3.940445316546587473e-01,-1.336078846347893645e+00,-4.966328660686522012e-01
1.357573342089059554e-01,1.029473843551415246e+00,1.606447177982801566e-01,-3.957488159307173126e-01,-1.336735130574684849e+00,-4.973470430369714146e-01
1.357270906313829684e-01,1.029589023788820779e+00,1.607775988479260010e-01,-3.957137626137586239e-01,-1.336729806243743823e+00,-4.973371215673194068e-01
1.356972692794375379e-01,1.029702220100844778e+00,1.609078773108304494e-01,-3.956770804225833160e-01,-1.336718687558148932e+00,-4.973250354373555115e-01
1.356680586948050826e-01,1.029814358056927226e+00,1.610371582127763934e-01,-3.956377911884016996e-01,-1.336704113360335455e+00,-4.973104076604559776e-01
1.356394876966625085e-01,1.029925896446073796e+00,1.611661730641154588e-01,-3.955957013225440688e-01,-1.336687303140968286e+00,-4.972932867543951030e-01
1.356115181339568321e-01,1.030037068875349293e+00,1.612952420309704538e-01,-3.955509505650768864e-01,-1.336668927250097560e+00,-4.972738894699961221e-01
1.355840877172973247e-01,1.030147999363771216e+00,1.614244935289300964e-01,-3.955038029409884137e-01,-1.336649381037527062e+00,-4.972524834191950349e-01
1.355571292726614474e-01,1.030258757773497180e+00,1.615539682388260900e-01,-3.954545522698017512e-01,-1.336628917482195034e+00,-4.972293355993433472e-01
1.355305789208060552e-01,1.030369386528294129e+00,1.616836681358125305e-01,-3.954034815260895619e-01,-1.336607712092414246e+00,-4.972046916345208012e-01
1.355043791345158510e-01,1.030479913589481322e+00,1.618135793811540935e-01,-3.953508471982806749e-01,-1.336585895259411849e+00,-4.971787690833604501e-01
1.354784794768586764e-01,1.030590358851208421e+00,1.619436828325259703e-01,-3.952968750112641483e-01,-1.336563568894476139e+00,-4.971517569524682711e-01
1.354528363433567528e-01,1.030700737368574815e+00,1.620739587177145724e-01,-3.952417605919839039e-01,-1.336540815400172111e+00,-4.971238177703048433e-01
1.354274123221613224e-01,1.030811061043147125e+00,1.622043885698336019e-01,-3.951856720829211578e-01,-1.336517702823091902e+00,-4.970950905145603560e-01
1.354021754470424721e-01,1.030921339559166539e+00,1.623349559114549145e-01,-3.951287533493632043e-01,-1.336494288069876690e+00,-4.970656936646951074e-01
1.353770984685938039e-01,1.031031580935078740e+00,1.624656463707944698e-01,-3.950711271708915451e-01,-1.336470619076469246e+00,-4.970357280542684331e-01
1.353521581876891422e-01,1.031141791880723968e+00,1.625964475639489482e-01,-3.950128981829538755e-01,-1.336446736390696888e+00,-4.970052794207364677e-01
1.353273348683373400e-01,1.031251978044571249e+00,1.627273488895219222e-01,-3.949541554842049829e-01,-1.336422674390230325e+00,-4.969744206298160605e-01
1.353026117274703788e-01,1.031362144198738395e+00,1.628583413053630302e-01,-3.948949749076018922e-01,-1.336398462259642317e+00,-4.969432135919633620e-01
1.352779744968441999e-01,1.031472294382336230e+00,1.629894171140669479e-01,-3.948354209765191913e-01,-1.336374124791259499e+00,-4.969117109020236289e-01
1.352534110476732443e-01,1.031582432019076734e+00,1.631205697717494907e-01,-3.947755485820893528e-01,-1.336349683055700899e+00,-4.968799572395763420e-01
1.352289110703021047e-01,1.031692560013536930e+00,1.632517937191267365e-01,-3.947154044164500886e-01,-1.336325154964510542e+00,-4.968479905581725253e-01
1.352044658031370250e-01,1.031802680828720620e+00,1.633830842334068056e-01,-3.946550281916060832e-01,-1.336300555742462759e+00,-4.968158430976583051e-01
1.351800677999440148e-01,1.031912796555177536e+00,1.635144373049836619e-01,-3.945944536819831483e-01,-1.336275898333132206e+00,-4.967835422459127570e-01
1.351557107319383833e-01,1.032022908968355690e+00,1.636458495306930272e-01,-3.945337096122106813e-01,-1.336251193741423426e+00,-4.967511112685584207e-01
1.351313892208605427e-01,1.032133019575577793e+00,1.637773180220948865e-01,-3.944728204094969937e-01,-1.336226451323067055e+00,-4.967185699292615553e-01
1.351070986968503362e-01,1.032243129656004177e+00,1.639088403275537897e-01,-3.944118068449393166e-01,-1.336201679030966982e+00,-4.966859350178913224e-01
1.350828352765752471e-01,1.032353240295891705e+00,1.640404143668683368e-01,-3.943506865812426154e-01,-1.336176883626084999e+00,-4.966532207979649227e-01
1.350585956598194526e-01,1.032463352418891089e+00,1.641720383765269964e-01,-3.942894746379952964e-01,-1.336152070857603791e+00,-4.966204393874333878e-01
1.350343770433165280e-01,1.032573466807728435e+00,1.643037108590786888e-01,-3.942281837840357905e-01,-1.336127245610430503e+00,-4.965876010798588314e-01
1.350101770439818272e-01,1.032683584129495458e+00,1.644354305465908217e-01,-3.941668248787392748e-01,-1.336102412039943177e+00,-4.965547146201426121e-01
1.349859936384251446e-01,1.032793704949432456e+00,1.645671963634655066e-01,-3.941054071525331715e-01,-1.336077573677264319e+00,-4.965217874392354180e-01
1.357210755191492757e-01,1.029497443396076628e+00,1.606358294796224051e-01,-3.958086307595937714e-01,-1.336734149056981291e+00,-4.972375926512990763e-01
1.356908405505539428e-01,1.029612623696250617e+00,1.607687137439525182e-01,-3.957735770216322391e-01,-1.336728815943055704e+00,-4.972276801862263729e-01
1.356610277176241441e-01,1.029725820319747465e+00,1.608989957762654854e-01,-3.957368947464006137e-01,-1.336717688844276664e+00,-4.972156026030267184e-01
1.356318255829500885e-01,1.029837958656943941e+00,1.610282803860227097e-01,-3.956976057014799375e-01,-1.336703106264923058e+00,-4.972009831959112724e-01
1.356032629861513017e-01,1.029949497430109107e+00,1.611572990093941282e-01,-3.956555162228228006e-01,-1.336686287585206356e+00,-4.971838705985369700e-01
1.355753017899294366e-01,1.030060670226011776e+00,1.612863717897602689e-01,-3.956107659932174836e-01,-1.336667903131795621e+00,-4.971644816046004167e-01
1.355478797153790160e-01,1.030171601058230468e+00,1.614156271350117577e-01,-3.955636189953049553e-01,-1.336648348258409058e+00,-4.971430838428617105e-01
1.355209295945419556e-01,1.030282359791048430e+00,1.615451057241596988e-01,-3.955143690221168407e-01,-1.336627875958365630e+00,-4.971199443170568055e-01
1.354943875520941976e-01,1.030392988850852953e+00,1.616748095295371668e-01,-3.954632990306338747e-01,-1.336606661752921754e+00,-4.970953086516338160e-01
1.354681960636648919e-01,1.030503516201937364e+00,1.618047247101221942e-01,-3.954106654968227996e-01,-1.336584836045545233e+00,-4.970693944053507507e-01
1.354423046946557352e-01,1.030613961740374229e+00,1.619348321204646390e-01,-3.953566941364831666e-01,-1.336562500756964145e+00,-4.970423905854028379e-01
1.354166698425737780e-01,1.030724340521942395e+00,1.620651119841104437e-01,-3.953015805691185713e-01,-1.336539738295974944e+00,-4.970144597187344804e-01
1.353912540958048805e-01,1.030834664451427463e+00,1.621955458328687705e-01,-3.952454929341724377e-01,-1.336516616717925210e+00,-4.969857407830275964e-01
1.353660254895747428e-01,1.030944943213240039e+00,1.623261171857523499e-01,-3.951885750920214324e-01,-1.336493192933508656e+00,-4.969563522570035197e-01
1.353409567755587961e-01,1.031055184826203508e+00,1.624568116681155971e-01,-3.951309498184587543e-01,-1.336469514882364429e+00,-4.969263949738844111e-01
1.353160247544185624e-01,1.031165396002173829e+00,1.625876168948747202e-01,-3.950727217480118902e-01,-1.336445623117445525e+00,-4.968959546703065056e-01
1.352912096911833839e-01,1.031275582389838297e+00,1.627185222628041161e-01,-3.950139799764170734e-01,-1.336421552019399606e+00,-4.968651042131049800e-01
1.352664948032312742e-01,1.031385748761720178e+00,1.628495187280093737e-01,-3.949548003348221092e-01,-1.336397330775210390e+00,-4.968339055121833714e-01
1.352418658226288428e-01,1.031495899157711893e+00,1.629805985921815026e-01,-3.948952473451177725e-01,-1.336372984179982737e+00,-4.968024111624692596e-01
1.352173106208086062e-01,1.031606037001778109e+00,1.631117553100051853e-01,-3.948353758974154637e-01,-1.336348533305941721e+00,-4.967706658426804811e-01
1.351928188890578197e-01,1.031716165197892776e+00,1.632429833206208158e-01,-3.947752326814079060e-01,-1.336323996065271302e+00,-4.967387075066401203e-01
1.351683818655156633e-01,1.031826286210143717e+00,1.633742779010796398e-01,-3.947148574092671502e-01,-1.336299387685119466e+00,-4.967065683944609233e-01
1.351439921032744906e-01,1.031936402130440467e+00,1.635056350417713467e-01,-3.946542838562759892e-01,-1.336274721111395891e+00,-4.966742758926169787e-01
1.351196432748718312e-01,1.032046514732818610e+00,1.636370513378563041e-01,-3.945935407440980258e-01,-1.336250007348277036e+00,-4.966418532675282438e-01
1.350953300019584746e-01,1.032156625525206595e+00,1.637685239007942717e-01,-3.945326524998269968e-01,-1.336225255752933050e+00,-4.966093202828126274e-01
1.350710477147501476e-01,1.032266735786925071e+00,1.639000502785273039e-01,-3.944716398943745039e-01,-1.336200474279057193e+00,-4.965766937286159588e-01
1.350467925297037242e-01,1.032376846604785348e+00,1.640316283907571893e-01,-3.944105205904249734e-01,-1.336175669688616896e+00,-4.965439878676314311e-01
1.350225611470965703e-01,1.032486958901721819e+00,1.641632564728966737e-01,-3.943493096064233927e-01,-1.336150847730241065e+00,-4.965112148174816720e-01
1.349983507630970192e-01,1.032597073461791304e+00,1.642949330284041998e-01,-3.942880197123422303e-01,-1.336126013290992232e+00,-4.964783848723512971e-01
1.349741589955804066e-01,1.032707190950740817e+00,1.644266567880105778e-01,-3.942266617654185401e-01,-1.336101170524938153e+00,-4.964455067770953134e-01
1.349499838208594316e-01,1.032817311934117743e+00,1.645584266758738645e-01,-3.941652449964825333e-01,-1.336076322963539953e+00,-4.964125879616905213e-01
1.356854354931089079e-01,1.029520645885759089e+00,1.606270936267190919e-01,-3.958674260111973986e-01,-1.336733184228027227e+00,-4.971299935652175317e-01
1.356552089874782374e-01,1.029635826245276498e+00,1.607599810506428195e-01,-3.958323718611006514e-01,-1.336727842479008554e+00,-4.971200899521685534e-01
1.356254045275010478e-01,1.029749023175077216e+00,1.608902665930176112e-01,-3.957956895075717130e-01,-1.336716707111330393e+00,-4.971080207682902485e-01
1.355962106989911375e-01,1.029861161885491150e+00,1.610195548478372263e-01,-3.957564006512204746e-01,-1.336702116292550313e+00,-4.970934095884339543e-01
1.355676563606809104e-01,1.029972701034050253e+00,1.611485771784604282e-01,-3.957143115554076496e-01,-1.336685289294721413e+00,-4.970763051570553648e-01
1.355397033895164860e-01,1.030083874187665005e+00,1.612776537069652016e-01,-3.956695618453742180e-01,-1.336666896422618711e+00,-4.970569243132293424e-01
1.355122895151989471e-01,1.030194805356472454e+00,1.614069128345608228e-01,-3.956224154654744973e-01,-1.336647333035499763e+00,-4.970355347000027790e-01
1.354853475759835169e-01,1.030305564406302832e+00,1.615363952379227086e-01,-3.955731661820922063e-01,-1.336626852140017752e+00,-4.970124033269745500e-01
1.354588137015809712e-01,1.030416193764922328e+00,1.616661028861801352e-01,-3.955220969324656499e-01,-1.336605629269223883e+00,-4.969877758203776197e-01
1.354326303702458878e-01,1.030526721398969059e+00,1.617960219349972861e-01,-3.954694641809169964e-01,-1.336583794837369332e+00,-4.969618697380208117e-01
1.354067471493551611e-01,1.030637167207190341e+00,1.619261332366522255e-01,-3.954154936347317739e-01,-1.336561450775533233e+00,-4.969348740875507708e-01
1.353811204372478150e-01,1.030747546248103941e+00,1.620564170123652281e-01,-3.953603809083099385e-01,-1.336538679501300120e+00,-4.969069513948078942e-01
1.353557128246627439e-01,1.030857870425808009e+00,1.621868547892915402e-01,-3.953042941339843241e-01,-1.336515549073734155e+00,-4.968782406372523885e-01
1.353304923471719545e-01,1.030968149427073044e+00,1.623174300850350749e-01,-3.952473771695941829e-01,-1.336492116410473052e+00,-4.968488602940983045e-01
1.353054317564690023e-01,1.031078391272563399e+00,1.624481285231157424e-01,-3.951897527890202433e-01,-1.336468429456370455e+00,-4.968189111965479743e-01
1.352805078551486129e-01,1.031188602673031474e+00,1.625789377151680704e-01,-3.951315256220486183e-01,-1.336444528766102202e+00,-4.967884790828785424e-01
1.352557009079217443e-01,1.031298789279003314e+00,1.627098470570194078e-01,-3.950727847637141021e-01,-1.336420448724674026e+00,-4.967576368184693503e-01
1.352309941329523368e-01,1.031408955862944676e+00,1.628408475027763591e-01,-3.950136060426908680e-01,-1.336396218520965906e+00,-4.967264463129549279e-01
1.352063732621841818e-01,1.031519106466063818e+00,1.629719313536202030e-01,-3.949540539806409845e-01,-1.336371862953485090e+00,-4.966949601618850241e-01
1.351818261677580901e-01,1.031629244512147769e+00,1.631030920627244418e-01,-3.948941834653847960e-01,-1.336347403095686781e+00,-4.966632230433727924e-01
1.351573425413919449e-01,1.031739372905039254e+00,1.632343240678056917e-01,-3.948340411853027976e-01,-1.336322856860725938e+00,-4.966312729109756408e-01
1.351329136207616022e-01,1.031849494110211207e+00,1.633656226460026839e-01,-3.947736668529808757e-01,-1.336298239478438399e+00,-4.965991420043086024e-01
1.351085319600975054e-01,1.031959610218522672e+00,1.634969837862214337e-01,-3.947130942413009103e-01,-1.336273563894623262e+00,-4.965668577112885007e-01
1.350841912313208160e-01,1.032069723005232031e+00,1.636284040836616382e-01,-3.946523520725114254e-01,-1.336248841115447394e+00,-4.965344432965159704e-01
1.350598860566574744e-01,1.032179833977678207e+00,1.637598806486771086e-01,-3.945914647724863555e-01,-1.336224080498040534e+00,-4.965019185241503763e-01
1.350356118658493365e-01,1.032289944416248995e+00,1.638914110294869830e-01,-3.945304531126463954e-01,-1.336199289997844986e+00,-4.964693001835626118e-01
1.350113647764386859e-01,1.032400055406711870e+00,1.640229931448770329e-01,-3.944693347536392669e-01,-1.336174476376476017e+00,-4.964366025393608384e-01
1.349871414879960929e-01,1.032510167872890738e+00,1.641546252301817888e-01,-3.944081247148201741e-01,-1.336149645383575280e+00,-4.964038377069411312e-01
1.349629391971569892e-01,1.032620282598365469e+00,1.642863057882320010e-01,-3.943468357652352707e-01,-1.336124801906072079e+00,-4.963710159811625666e-01
1.349387555215072199e-01,1.032730400249732394e+00,1.644180335503187540e-01,-3.942854787625907909e-01,-1.336099950099507883e+00,-4.963381461072061684e-01
1.349145884377723759e-01,1.032840521392028643e+00,1.645498074399804611e-01,-3.942240629368776172e-01,-1.336075093495017407e+00,-4.963052355153766970e-01
1.356504032549767924e-01,1.029543457959644304e+00,1.606185077379816695e-01,-3.959252196057610473e-01,-1.336732236059485324e+00,-4.970242140900499317e-01
1.356201850690749999e-01,1.029658638375072988e+00,1.607513982673523245e-01,-3.958901650513948489e-01,-1.336726885820583854e+00,-4.970143191782260828e-01
1.355903888407218871e-01,1.029771835602550700e+00,1.608816872585948354e-01,-3.958534826213606639e-01,-1.336715742321516576e+00,-4.970022582512423903e-01
1.355612031778292426e-01,1.029883974677024749e+00,1.610109790954582509e-01,-3.958141939513170615e-01,-1.336701143401037184e+00,-4.969876551582529389e-01
1.355326569576376650e-01,1.029995514193742467e+00,1.611400050714993371e-01,-3.957721052339177037e-01,-1.336684308227143791e+00,-4.969705587547406656e-01
1.355047120702601027e-01,1.030106687699577250e+00,1.612690852860373114e-01,-3.957273560395100920e-01,-1.336665907081111548e+00,-4.969511859208144977e-01
1.354773062566138886e-01,1.030217619198151136e+00,1.613983481322491254e-01,-3.956802102695640144e-01,-1.336646335324935375e+00,-4.969298043172005741e-01
1.354503723606939602e-01,1.030328378556900626e+00,1.615278342841816872e-01,-3.956309616649041905e-01,-1.336625845978055116e+00,-4.969066809581696442e-01
1.354238465155331028e-01,1.030439008207288509e+00,1.616575457094928947e-01,-3.955798931467385260e-01,-1.336604614587794337e+00,-4.968820614708242545e-01
1.353976712024577145e-01,1.030549536118004816e+00,1.617874685607344487e-01,-3.955272611665255345e-01,-1.336582771578933126e+00,-4.968561634122662385e-01
1.353717959907618229e-01,1.030659982190166968e+00,1.619175836875645091e-01,-3.954732914235785657e-01,-1.336560418892313473e+00,-4.968291757908867567e-01
1.353461772809036456e-01,1.030770361483050568e+00,1.620478713075139687e-01,-3.954181795248066233e-01,-1.336537638951983187e+00,-4.968012611324610361e-01
1.353207776641451310e-01,1.030880685903479588e+00,1.621783129462424922e-01,-3.953620935989584084e-01,-1.336514499825094848e+00,-4.967725584142433926e-01
1.352955651767592804e-01,1.030990965139204851e+00,1.623088921183020450e-01,-3.953051775003788015e-01,-1.336491058433883605e+00,-4.967431861135913063e-01
1.352705125719287638e-01,1.031101207210673332e+00,1.624395944441342499e-01,-3.952475539988261621e-01,-1.336467362726300845e+00,-4.967132450629681006e-01
1.352455966522001785e-01,1.031211418830466631e+00,1.625704075341959931e-01,-3.951893277225068668e-01,-1.336443453261833669e+00,-4.966828209990319931e-01
1.352207976835316794e-01,1.031321605648625628e+00,1.627013207817982754e-01,-3.951305877632231844e-01,-1.336419364427336554e+00,-4.966519867881697969e-01
1.351960988838487587e-01,1.031431772439160177e+00,1.628323251403202832e-01,-3.950714099491148823e-01,-1.336395125415430263e+00,-4.966208043390722415e-01
1.351714859855649431e-01,1.031541923243325609e+00,1.629634129091877548e-01,-3.950118588000944286e-01,-1.336370761026167031e+00,-4.965893262464380897e-01
1.351469468610878022e-01,1.031652061485635485e+00,1.630945775409951559e-01,-3.949519892028843793e-01,-1.336346292335501840e+00,-4.965575971890410778e-01
1.351224712020385188e-01,1.031762190070753205e+00,1.632258134729110410e-01,-3.948918478456815429e-01,-1.336321737258787667e+00,-4.965256551204043634e-01
1.350980502474702638e-01,1.031872311462604275e+00,1.633571159798677674e-01,-3.948314744377590668e-01,-1.336297111025046558e+00,-4.964935322800940742e-01
1.350736765506135584e-01,1.031982427754077225e+00,1.634884810514574127e-01,-3.947709027535851734e-01,-1.336272426583306805e+00,-4.964612560552147391e-01
1.350493437839180300e-01,1.032092540720170870e+00,1.636199052820810906e-01,-3.947101615142146747e-01,-1.336247694940329689e+00,-4.964288497112163689e-01
1.350250465699859848e-01,1.032202651867928145e+00,1.637513857811804252e-01,-3.946492751443472224e-01,-1.336222925453443011e+00,-4.963963330116205608e-01
1.350007803389651484e-01,1.032312762477425316e+00,1.638829200962285126e-01,-3.945882644144105278e-01,-1.336198126078289139e+00,-4.963637227459549162e-01
1.349765412073777870e-01,1.032422873636113181e+00,1.640145061467246923e-01,-3.945271469868424363e-01,-1.336173303578764182e+00,-4.963310331778982287e-01
1.349523258757104605e-01,1.032532986266887942e+00,1.641461421671396859e-01,-3.944659378790756343e-01,-1.336148463704069922e+00,-4.962982764238035860e-01
1.349281315404258219e-01,1.032643101153675635e+00,1.642778266601618298e-01,-3.944046498603503981e-01,-1.336123611341789141e+00,-4.962654627781276084e-01
1.349039558193824428e-01,1.032753218962875863e+00,1.644095583567218022e-01,-3.943432937877602851e-01,-1.336098750647589206e+00,-4.962326009863177734e-01
1.348797966888696798e-01,1.032863340260319562e+00,1.645413361807007147e-01,-3.942818788919161266e-01,-1.336073885153711283e+00,-4.961996984780389086e-01
1.356159683386820858e-01,1.029565886106366790e+00,1.606100691066701391e-01,-3.959820287458958310e-01,-1.336731304139729071e+00,-4.969202232628733840e-01
1.355857583304351521e-01,1.029681066575981463e+00,1.607429626891907770e-01,-3.959469737977304726e-01,-1.336725945555292894e+00,-4.969103369037875528e-01
1.355559701939317574e-01,1.029794264094686662e+00,1.608732550711219345e-01,-3.959102912941637742e-01,-1.336714794062750844e+00,-4.968982840931207567e-01
1.355267925576364441e-01,1.029906403526229086e+00,1.610025504300378885e-01,-3.958710028097924272e-01,-1.336700187178650134e+00,-4.968836889497004750e-01
1.354982543182130794e-01,1.030017943401799307e+00,1.611315799880062016e-01,-3.958289144654022484e-01,-1.336683343964789383e+00,-4.968666004368768041e-01
1.354703173787499548e-01,1.030129117249748649e+00,1.612606638238291146e-01,-3.957841657771251076e-01,-1.336664934681612404e+00,-4.968472354766226839e-01
1.354429194888303600e-01,1.030240049070731523e+00,1.613899303252297190e-01,-3.957370206089171893e-01,-1.336645354697578281e+00,-4.968258617461285276e-01
1.354159934996165549e-01,1.030350808731399503e+00,1.615194201618563030e-01,-3.956877726733416534e-01,-1.336624857041949888e+00,-4.968027462642854442e-01
1.353894755476058864e-01,1.030461438666648188e+00,1.616491352998633557e-01,-3.956367048755872196e-01,-1.336603617275922806e+00,-4.967781346599028924e-01
1.353633081172831154e-01,1.030571966846966836e+00,1.617790618886146836e-01,-3.955840736545020442e-01,-1.336581765834499835e+00,-4.967522444901487644e-01
1.353374407793197787e-01,1.030682413176416734e+00,1.619091807754776402e-01,-3.955301047021348437e-01,-1.336559404668566264e+00,-4.967252647624549877e-01
1.353118299359332422e-01,1.030792792715431228e+00,1.620394721746005462e-01,-3.954749936186521819e-01,-1.336536616208946926e+00,-4.966973580020287438e-01
1.352864381793605630e-01,1.030903117372390154e+00,1.621699176090108940e-01,-3.954189085285421679e-01,-1.336513468529147541e+00,-4.966686631859997814e-01
1.352612335470373406e-01,1.031013396835600782e+00,1.623005005902114772e-01,-3.953619932818393523e-01,-1.336490018555710257e+00,-4.966392987909020729e-01
1.352361887921567085e-01,1.031123639127997427e+00,1.624312067379893032e-01,-3.953043706467372909e-01,-1.336466314243037523e+00,-4.966093656495771946e-01
1.352112807187714205e-01,1.031233850961303489e+00,1.625620236594831070e-01,-3.952461452473385317e-01,-1.336442396152195844e+00,-4.965789494986919128e-01
1.351864895924882182e-01,1.031344037987395046e+00,1.626929407471480460e-01,-3.951874061749920397e-01,-1.336418298674354244e+00,-4.965481232034871240e-01
1.351617986320481912e-01,1.031454204980264189e+00,1.628239489525769301e-01,-3.951282292555393094e-01,-1.336394051004158090e+00,-4.965169486733811421e-01
1.351371935707390837e-01,1.031564355980815639e+00,1.629550405733447282e-01,-3.950686790062451492e-01,-1.336369677942876422e+00,-4.964854785025014650e-01
1.351126622807257982e-01,1.031674494414591692e+00,1.630862090613666437e-01,-3.950088103138345574e-01,-1.336345200568971325e+00,-4.964537573692978101e-01
1.350881944537103974e-01,1.031784623186889904e+00,1.632174488531714651e-01,-3.949486698656626826e-01,-1.336320636799715578e+00,-4.964218232267622044e-01
1.350637813289295719e-01,1.031894744762116733e+00,1.633487552232449624e-01,-3.948882973703540245e-01,-1.336296001865913352e+00,-4.963897083149624301e-01
1.350394154605704666e-01,1.032004861232256099e+00,1.634801241597139132e-01,-3.948277266001078423e-01,-1.336271308716452832e+00,-4.963574400214768034e-01
1.350150905205928786e-01,1.032114974373243399e+00,1.636115522567873626e-01,-3.947669862765432747e-01,-1.336246568359713338e+00,-4.963250416105787766e-01
1.349908011318829704e-01,1.032225085692143107e+00,1.637430366234078061e-01,-3.947061008235426827e-01,-1.336221790153777178e+00,-4.962925328458856478e-01
1.349665427247165594e-01,1.032335196469036154e+00,1.638745748064715235e-01,-3.946450910111499177e-01,-1.336196982054770777e+00,-4.962599305170068420e-01
1.349423114158812276e-01,1.032445307791396205e+00,1.640061647251941368e-01,-3.945839745010191746e-01,-1.336172150827194649e+00,-4.962272488877589871e-01
1.349181039057013032e-01,1.032555420582485839e+00,1.641378046138844693e-01,-3.945227663108324956e-01,-1.336147302220998645e+00,-4.961945000744528711e-01
1.348939173907088840e-01,1.032665535626555720e+00,1.642694929753406863e-01,-3.944614792093641409e-01,-1.336122441124631965e+00,-4.961616943713187955e-01
1.348697494889060933e-01,1.032775653589496301e+00,1.644012285395019257e-01,-3.944001240534356079e-01,-1.336097571693129149e+00,-4.961288405233978405e-01
1.348455981767141543e-01,1.032885775037309495e+00,1.645330102303504960e-01,-3.943387100733197759e-01,-1.336072697459386838e+00,-4.960959459607712785e-01
1.355821203879237491e-01,1.029587936811860116e+00,1.606017751468340748e-01,-3.960378704686829399e-01,-1.336730388178849926e+00,-4.968179905656022743e-01
1.355519184187738979e-01,1.029703117332612328e+00,1.607346717302204075e-01,-3.960028151347083081e-01,-1.336725021389299162e+00,-4.968081126136953962e-01
1.355221382363433202e-01,1.029816315137122906e+00,1.608649674465559287e-01,-3.959661325617325756e-01,-1.336713862040156187e+00,-4.967960677827921723e-01
1.354929684901377274e-01,1.029928454918475511e+00,1.609942662680471370e-01,-3.959268442622130846e-01,-1.336699247327547413e+00,-4.967814804536140327e-01
1.354644380954716509e-01,1.030039995146621923e+00,1.611232993486617915e-01,-3.958847562873492598e-01,-1.336682396211725354e+00,-4.967643996978812204e-01
1.354365089690241775e-01,1.030151169329941663e+00,1.612523867453164450e-01,-3.958400080984535996e-01,-1.336663978930215713e+00,-4.967450424791696184e-01
1.354091188692802539e-01,1.030262101465152513e+00,1.613816568392682227e-01,-3.957928635217647928e-01,-1.336644390856377429e+00,-4.967236764893029899e-01
1.353822006520490895e-01,1.030372861421877895e+00,1.615111502987183201e-01,-3.957436162466865803e-01,-1.336623885033480619e+00,-4.967005687504419953e-01
1.353556904590627052e-01,1.030483491635658000e+00,1.616408690863380959e-01,-3.956925491591266053e-01,-1.336602637033274199e+00,-4.966759648944540917e-01
1.353295307770559508e-01,1.030594020080311424e+00,1.617707993497465024e-01,-3.956399186872684437e-01,-1.336580777302816214e+00,-4.966500824787331569e-01
1.353036711790364111e-01,1.030704466661167773e+00,1.619009219327394999e-01,-3.955859505141585131e-01,-1.336558407800899184e+00,-4.966231105102926202e-01
1.352780680681327508e-01,1.030814846441122867e+00,1.620312170471838731e-01,-3.955308402347708086e-01,-1.336535610966570031e+00,-4.965952115129045885e-01
1.352526840375863626e-01,1.030925171330209000e+00,1.621616662137626008e-01,-3.954747559693387315e-01,-1.336512454879854817e+00,-4.965665244641319642e-01
1.352274871265686518e-01,1.031035451016459659e+00,1.622922529404622893e-01,-3.954178415627284116e-01,-1.336488996470743373e+00,-4.965371678407919931e-01
1.352024500884543845e-01,1.031145693524412987e+00,1.624229628453215390e-01,-3.953602197811483254e-01,-1.336465283698515361e+00,-4.965072424746115320e-01
1.351775497276059557e-01,1.031255905566926590e+00,1.625537835338403403e-01,-3.953019952468904696e-01,-1.336441357128184126e+00,-4.964768341020548981e-01
1.351527663105627497e-01,1.031366092795631850e+00,1.626847043960086281e-01,-3.952432570482816709e-01,-1.336417251152713481e+00,-4.964460155874421687e-01
1.351280830566537750e-01,1.031476259985039334e+00,1.628157163822418207e-01,-3.951840810093455447e-01,-1.336392994969538117e+00,-4.964148488411304072e-01
1.351034856988669042e-01,1.031586411177719986e+00,1.629468117900137736e-01,-3.951245316472182245e-01,-1.336368613383656090e+00,-4.963833864573922727e-01
1.350789621101238791e-01,1.031696549798550633e+00,1.630779840691675697e-01,-3.950646638464837546e-01,-1.336344127473906740e+00,-4.963516731137724847e-01
1.350545019822580739e-01,1.031806678753321993e+00,1.632092276554872323e-01,-3.950045242937088030e-01,-1.336319555159309447e+00,-4.963197467630983128e-01
1.350300965547365506e-01,1.031916800506820442e+00,1.633405378229108584e-01,-3.949441526966494531e-01,-1.336294911672242236e+00,-4.962876396457259198e-01
1.350057383819150969e-01,1.032026917150987932e+00,1.634719105585008547e-01,-3.948835828267477366e-01,-1.336270209962171940e+00,-4.962553791483208521e-01
1.349814211358527638e-01,1.032137030462150662e+00,1.636033424561791627e-01,-3.948228434052085678e-01,-1.336245461038775728e+00,-4.962229885356184145e-01
1.349571394396255342e-01,1.032247141947403302e+00,1.637348306242953633e-01,-3.947619588552296332e-01,-1.336220674260762742e+00,-4.961904875709471363e-01
1.349328887234235719e-01,1.032357252887417198e+00,1.638663726098166240e-01,-3.947009499467841187e-01,-1.336195857585587454e+00,-4.961578930440285196e-01
1.349086651043107377e-01,1.032467364369263896e+00,1.639979663310478231e-01,-3.946398343407699905e-01,-1.336171017777569636e+00,-4.961252192180932719e-01
1.348844652828263269e-01,1.032577477316332537e+00,1.641296100222319476e-01,-3.945786270543352181e-01,-1.336146160587396992e+00,-4.960924782100176733e-01
1.348602864551663172e-01,1.032687592513495067e+00,1.642613021862834866e-01,-3.945173408569367934e-01,-1.336121290904540126e+00,-4.960596803142171551e-01
1.348361262398480864e-01,1.032797710626203846e+00,1.643930415526884958e-01,-3.944559866040885376e-01,-1.336096412883912343e+00,-4.960268342757401805e-01
1.348119826134182853e-01,1.032907832220099298e+00,1.645248270446922345e-01,-3.943945735256574325e-01,-1.336071530057982626e+00,-4.959939475238969719e-01
1.355488491837421872e-01,1.029609616497938251e+00,1.605936233317909745e-01,-3.960927615893298226e-01,-1.336729487921237691e+00,-4.967174859006751597e-01
1.355186551165627751e-01,1.029724797068376496e+00,1.607265228657853706e-01,-3.960577058791420746e-01,-1.336724113066283470e+00,-4.967076162124260952e-01
1.354888827533594076e-01,1.029837995151193786e+00,1.608568218583847076e-01,-3.960210232392618046e-01,-1.336712945991254342e+00,-4.966955792237852663e-01
1.354597207640330647e-01,1.029950135273882905e+00,1.609861240829713047e-01,-3.959817351218319903e-01,-1.336698323581282155e+00,-4.966809995765173458e-01
1.354311980809589366e-01,1.030061675846625668e+00,1.611151606256595314e-01,-3.959396475119206782e-01,-1.336681464696024113e+00,-4.966639264449135283e-01
1.354032766348171601e-01,1.030172850357707004e+00,1.612442515219457972e-01,-3.958948998157715837e-01,-1.336663039550413545e+00,-4.966445768344718292e-01
1.353758941926354320e-01,1.030283782800644365e+00,1.613735251475170995e-01,-3.958477558230078519e-01,-1.336643443523695574e+00,-4.966232184524433380e-01
1.353489836154985193e-01,1.030394543046868616e+00,1.615030221682953460e-01,-3.957985091990290916e-01,-1.336622929671571036e+00,-4.966001183251518847e-01
1.353224810498866171e-01,1.030505173532893171e+00,1.616327445435496724e-01,-3.957474428113037512e-01,-1.336601673576304661e+00,-4.965755220858616981e-01
1.352963289844726080e-01,1.030615702236088449e+00,1.617626784192917055e-01,-3.956948130781383632e-01,-1.336579805697055034e+00,-4.965496472918707327e-01
1.352704769948593067e-01,1.030726149062717534e+00,1.618928046356740147e-01,-3.956408456730372558e-01,-1.336557428000116010e+00,-4.965226829498890493e-01
1.352448814852806880e-01,1.030836529077941988e+00,1.620231034023811023e-01,-3.955857361859117516e-01,-1.336534622932655347e+00,-4.964947915842204407e-01
1.352195050502674467e-01,1.030946854192543505e+00,1.621535562367742989e-01,-3.955296527318908351e-01,-1.336511458579721534e+00,-4.964661121710381431e-01
1.351943157293119258e-01,1.031057134096853733e+00,1.622841466456534931e-01,-3.954727391533532921e-01,-1.336487991877941095e+00,-4.964367631874165854e-01
1.351692862769546255e-01,1.031167376814967174e+00,1.624148602434129229e-01,-3.954151182126334207e-01,-1.336464270788676023e+00,-4.964068454635261474e-01
1.351443934980108008e-01,1.031277589061117883e+00,1.625456846345402218e-01,-3.953568945300319215e-01,-1.336440335881527552e+00,-4.963764447367675081e-01
1.351196176595034770e-01,1.031387776487599162e+00,1.626766092075087600e-01,-3.952981571920711201e-01,-1.336416221552542583e+00,-4.963456338717739391e-01
1.350949419812161045e-01,1.031497943869077671e+00,1.628076249108153239e-01,-3.952389820207359850e-01,-1.336391957000905073e+00,-4.963144747773955423e-01
1.350703521966134246e-01,1.031608095248058632e+00,1.629387240401571901e-01,-3.951794335316313744e-01,-1.336367567032961334e+00,-4.962830200474817599e-01
1.350458361784206418e-01,1.031718234051226313e+00,1.630699000460198445e-01,-3.951195666092569558e-01,-1.336343072731581927e+00,-4.962513143610483568e-01
1.350213836190263250e-01,1.031828363183771247e+00,1.632011473622837494e-01,-3.950594279384399554e-01,-1.336318492015919235e+00,-4.962193956694675445e-01
1.349969857583718513e-01,1.031938485110083237e+00,1.633324612614627247e-01,-3.949990572256174004e-01,-1.336293840118672804e+00,-4.961872962128452413e-01
1.349726351504942634e-01,1.032048601923587272e+00,1.634638377313585578e-01,-3.949384882426463794e-01,-1.336269129992307070e+00,-4.961550433790337666e-01
1.349483254679128830e-01,1.032158715400146587e+00,1.635952733647132729e-01,-3.948777497092874067e-01,-1.336244372646514300e+00,-4.961226604316281708e-01
1.349240513335133451e-01,1.032268827047629012e+00,1.637267652700115650e-01,-3.948168660490759541e-01,-1.336219577441670081e+00,-4.960901671347032194e-01
1.348998081777444125e-01,1.032378938146736091e+00,1.638583109938549776e-01,-3.947558580312046650e-01,-1.336194752335876146e+00,-4.960575802780874954e-01
1.348755921178444173e-01,1.032489049784296231e+00,1.639899084537569662e-01,-3.946947433159194163e-01,-1.336169904093413185e+00,-4.960249141240922199e-01
1.348513998545123049e-01,1.032599162883482080e+00,1.641215558833017396e-01,-3.946335369199522880e-01,-1.336145038464955137e+00,-4.959921807895211199e-01
1.348272285842359031e-01,1.032709278228913785e+00,1.642532517849217832e-01,-3.945722516120109824e-01,-1.336120160340000362e+00,-4.959593905687307291e-01
1.348030759252207833e-01,1.032819396486671870e+00,1.643849948883129852e-01,-3.945108982480198256e-01,-1.336095273874459810e+00,-4.959265522061874765e-01
1.347789398536620997e-01,1.032929518223143051e+00,1.645167841171519263e-01,-3.944494860586831853e-01,-1.336070382602013273e+00,-4.958936731318824842e-01
1.355161447736918934e-01,1.029630931377604641e+00,1.605856111308475165e-01,-3.961467184757156423e-01,-1.336728603027877993e+00,-4.966186798376162614e-01
1.354859584758087154e-01,1.029746111993168345e+00,1.607185135636987616e-01,-3.961116623947316673e-01,-1.336723220241240684e+00,-4.966088182734510470e-01
1.354561937990940712e-01,1.029859310348471890e+00,1.608488157775095628e-01,-3.960749796907966913e-01,-1.336712045571548435e+00,-4.965967889939120194e-01
1.354270394339515959e-01,1.029971450806080435e+00,1.609781213474487382e-01,-3.960356917559653134e-01,-1.336697415594577443e+00,-4.965822168953163418e-01
1.353985243312984532e-01,1.030082991716426255e+00,1.611071612935669473e-01,-3.959936045069398225e-01,-1.336680549071353141e+00,-4.965651512571845894e-01
1.353706104348101902e-01,1.030194166548929369e+00,1.612362556307754824e-01,-3.959488572975536913e-01,-1.336662116195500349e+00,-4.965458091259503104e-01
1.353432355198008197e-01,1.030305099293392868e+00,1.613655327282271235e-01,-3.959017138813085146e-01,-1.336642512350639356e+00,-4.965244582217501201e-01
1.353163324538944889e-01,1.030415859821169233e+00,1.614950332484188511e-01,-3.958524678975857136e-01,-1.336621990602890442e+00,-4.965013655763561018e-01
1.352898373861978198e-01,1.030526490573469900e+00,1.616247591505985681e-01,-3.958014021998518817e-01,-1.336600726549654672e+00,-4.964767768250047952e-01
1.352636928089644974e-01,1.030637019528230391e+00,1.617546965766518408e-01,-3.957487731930358632e-01,-1.336578850658182382e+00,-4.964509095242513048e-01
1.352378482987299790e-01,1.030747466595065331e+00,1.618848263649781960e-01,-3.956948065446097562e-01,-1.336556464904991470e+00,-4.964239526798428503e-01
1.352122602616013525e-01,1.030857846839835945e+00,1.620151287216785863e-01,-3.956396978377452189e-01,-1.336533651743142093e+00,-4.963960688159078094e-01
1.351868912935437761e-01,1.030968172174289599e+00,1.621455851614315991e-01,-3.955836151824342339e-01,-1.336510479263343543e+00,-4.963673969087895044e-01
1.351617094338876668e-01,1.031078452291123382e+00,1.622761791894490324e-01,-3.955267024194742964e-01,-1.336487004408346113e+00,-4.963380554340872663e-01
1.351366874385492578e-01,1.031188695214536821e+00,1.624068964176847985e-01,-3.954690823071739247e-01,-1.336463275142936169e+00,-4.963081452231190016e-01
1.351118021132185487e-01,1.031298907658775077e+00,1.625377244480573913e-01,-3.954108594628416018e-01,-1.336439332039124350e+00,-4.962777520123682895e-01
1.350870337247352670e-01,1.031409095277653787e+00,1.626686526680650169e-01,-3.953521229723008790e-01,-1.336415209496779832e+00,-4.962469486657526963e-01
1.350623654933489903e-01,1.031519262846558815e+00,1.627996720252766760e-01,-3.952929486559383365e-01,-1.336390936718086397e+00,-4.962157970929011452e-01
1.350377831530784611e-01,1.031629414407998269e+00,1.629307748138389689e-01,-3.952334010275957432e-01,-1.336366538510915580e+00,-4.961843498874939362e-01
1.350132745772054943e-01,1.031739553388453023e+00,1.630619544826863998e-01,-3.951735349699603272e-01,-1.336342035959103169e+00,-4.961526517278973536e-01
1.349888294581776393e-01,1.031849682693875003e+00,1.631932054653547071e-01,-3.951133971673843059e-01,-1.336317446983989576e+00,-4.961207405661154923e-01
1.349644390354118040e-01,1.031959804789936985e+00,1.633245230343303711e-01,-3.950530273268342829e-01,-1.336292786820665324e+00,-4.960886486412309226e-01
1.349400958638853620e-01,1.032069921769063869e+00,1.634559031758466563e-01,-3.949924592178874483e-01,-1.336268068421236466e+00,-4.960564033409898821e-01
1.349157936162123650e-01,1.032180035407237684e+00,1.635873424819560273e-01,-3.949317215598415753e-01,-1.336243302796115584e+00,-4.960240279287829179e-01
1.348915269153492802e-01,1.032290147212571174e+00,1.637188380607803584e-01,-3.948708387759221061e-01,-1.336218499306582874e+00,-4.959915421689036208e-01
1.348672911920389128e-01,1.032400258465598242e+00,1.638503874583096265e-01,-3.948098316345039493e-01,-1.336193665911075357e+00,-4.959589628509848969e-01
1.348430825634283625e-01,1.032510370253499454e+00,1.639819885918777642e-01,-3.947487177957573756e-01,-1.336168809374660205e+00,-4.959263042369593255e-01
1.348188977297884728e-01,1.032620483500725772e+00,1.641136396960264643e-01,-3.946875122772281475e-01,-1.336143935450226472e+00,-4.958935784445167583e-01
1.347947338886631985e-01,1.032730598990044379e+00,1.642453392711563931e-01,-3.946262278452676853e-01,-1.336119049025093819e+00,-4.958607957671911648e-01
1.347705886572597711e-01,1.032840717389615692e+00,1.643770860486280239e-01,-3.945648753579406587e-01,-1.336094154258227640e+00,-4.958279649505594189e-01
1.347464600124489986e-01,1.032950839264758169e+00,1.645088789509449867e-01,-3.945034640442603990e-01,-1.336069254682122676e+00,-4.957950934237203011e-01
1.354839973850793799e-01,1.029651887604360772e+00,1.605777361348838528e-01,-3.961997572103492238e-01,-1.336727733261579676e+00,-4.965215435760684803e-01
1.354538187231590085e-01,1.029767068265043051e+00,1.607106414190109800e-01,-3.961647007694942269e-01,-1.336722342679815823e+00,-4.965116899969124198e-01
1.354240616030785160e-01,1.029880266885914164e+00,1.608409467987610975e-01,-3.961280180033629472e-01,-1.336711160542853216e+00,-4.964996682964952779e-01
1.353949147338035786e-01,1.029992407670766719e+00,1.609702556577262411e-01,-3.960887302479579319e-01,-1.336696523126997604e+00,-4.964851036216251234e-01
1.353664070836999300e-01,1.030103948911057943e+00,1.610992989496922434e-01,-3.960466433542513265e-01,-1.336679649094897560e+00,-4.964680453521869707e-01
1.353385006087217401e-01,1.030215124057914267e+00,1.612283966690575276e-01,-3.960018966249842509e-01,-1.336661208618967089e+00,-4.964487105720291615e-01
1.353111330931859035e-01,1.030326057097311843e+00,1.613576771794044407e-01,-3.959547537770788384e-01,-1.336641597088006783e+00,-4.964273670182060560e-01
1.352842374105288070e-01,1.030436817901839497e+00,1.614871811411356939e-01,-3.959055084255352353e-01,-1.336621067580127331e+00,-4.964042817285875819e-01
1.352577497134809237e-01,1.030547448914676867e+00,1.616169105106116666e-01,-3.958544434077036489e-01,-1.336599795703680371e+00,-4.963797003377454220e-01
1.352316124968566124e-01,1.030657978115857354e+00,1.617468514269220226e-01,-3.958018151175165533e-01,-1.336577911935795449e+00,-4.963538404017618921e-01
1.352057753389980521e-01,1.030768425417313949e+00,1.618769847263016870e-01,-3.957478492147624705e-01,-1.336555518262186881e+00,-4.963268909269631379e-01
1.351801946476590133e-01,1.030878805886168204e+00,1.620072906119981171e-01,-3.956927412764186247e-01,-1.336532697142651882e+00,-4.962990144374834767e-01
1.351548330191018887e-01,1.030989131436443662e+00,1.621377505967281918e-01,-3.956366594094680167e-01,-1.336509516674591946e+00,-4.962703499084354930e-01
1.351296584943977031e-01,1.031099411760344697e+00,1.622683481820973994e-01,-3.955797474494590626e-01,-1.336486033803658824e+00,-4.962410158150478146e-01
1.351046438299278452e-01,1.031209654883536997e+00,1.623990689786894981e-01,-3.955221281524889387e-01,-1.336462296499563607e+00,-4.962111129894203887e-01
1.350797658311546079e-01,1.031319867521995226e+00,1.625299005872391234e-01,-3.954639061351153395e-01,-1.336438345338682998e+00,-4.961807271670002351e-01
1.350550047663161002e-01,1.031430055328916184e+00,1.626608323929463473e-01,-3.954051704794034339e-01,-1.336414214722527083e+00,-4.961499312120492555e-01
1.350303438554793234e-01,1.031540223080549712e+00,1.627918553418924996e-01,-3.953459970051705907e-01,-1.336389933855644641e+00,-4.961187870325914351e-01
1.350057688331106065e-01,1.031650374820106242e+00,1.629229617276762576e-01,-3.952864502248150669e-01,-1.336365527548672771e+00,-4.960873472234459958e-01
1.349812675726260736e-01,1.031760513974371518e+00,1.630541449980064117e-01,-3.952265850202004160e-01,-1.336341016886924526e+00,-4.960556564622320419e-01
1.349568297673834349e-01,1.031870643448647540e+00,1.631853995849304462e-01,-3.951664480733544926e-01,-1.336316419792158205e+00,-4.960237527013069414e-01
1.349324466567687897e-01,1.031980765709273440e+00,1.633167207605999427e-01,-3.951060790910110310e-01,-1.336291751501289982e+00,-4.959916681799305116e-01
1.349081107955247827e-01,1.032090882849135971e+00,1.634481045105151964e-01,-3.950455118426750012e-01,-1.336267024967439987e+00,-4.959594302841886515e-01
1.348838158569424239e-01,1.032200996644085267e+00,1.635795474264015170e-01,-3.949847750462067153e-01,-1.336242251202018450e+00,-4.959270622792835148e-01
1.348595564633720822e-01,1.032311108603406025e+00,1.637110466166217526e-01,-3.949238931256732754e-01,-1.336217439568146315e+00,-4.958945839285743840e-01
1.348353280464034409e-01,1.032421220006476403e+00,1.638425996257130979e-01,-3.948628868475865805e-01,-1.336192598023334011e+00,-4.958620120216846727e-01
1.348111267223015275e-01,1.032531331942213582e+00,1.639742043720310294e-01,-3.948017738737283344e-01,-1.336167733335205554e+00,-4.958293608205206482e-01
1.347869491928155583e-01,1.032641445332791230e+00,1.641058590878783918e-01,-3.947405692184457471e-01,-1.336142851254184416e+00,-4.957966424425497842e-01
1.347627926541014598e-01,1.032751560963546922e+00,1.642375622755244402e-01,-3.946792856507731484e-01,-1.336117956671113438e+00,-4.957638671812411024e-01
1.347386547245328914e-01,1.032861679500737706e+00,1.643693126644364677e-01,-3.946179340263384350e-01,-1.336093053742797743e+00,-4.957310437821238480e-01
1.347145333807975298e-01,1.032971801510215171e+00,1.645011091774094825e-01,-3.945565235743985766e-01,-1.336068146002673984e+00,-4.956981796743319957e-01
1.354523973247469815e-01,1.029672491280690494e+00,1.605699959428051604e-01,-3.962518937455739021e-01,-1.336726878371490290e+00,-4.964260485108246135e-01
1.354222261704390307e-01,1.029787671982145714e+00,1.607029040279101817e-01,-3.962168369503069054e-01,-1.336721480123451045e+00,-4.964162027810870570e-01
1.353924764778872691e-01,1.029900870863895701e+00,1.608332125206198560e-01,-3.961801541262582882e-01,-1.336710290646513810e+00,-4.964041885294587786e-01
1.353633369774695228e-01,1.030013011968372805e+00,1.609625246118984165e-01,-3.961408665484341118e-01,-1.336695645916173403e+00,-4.963896311511235004e-01
1.353348366540048642e-01,1.030124553530688880e+00,1.610915711920859472e-01,-3.960987800045809304e-01,-1.336678764500769834e+00,-4.963725801248682346e-01
1.353069374745804188e-01,1.030235728985884558e+00,1.612206722372390155e-01,-3.960540337492500784e-01,-1.336660316554446171e+00,-4.963532525725763977e-01
1.352795772330077639e-01,1.030346662314135076e+00,1.613499561030481977e-01,-3.960068914617761449e-01,-1.336640697467837091e+00,-4.963319162451259592e-01
1.352526888081291845e-01,1.030457423389145255e+00,1.614794634473119272e-01,-3.959576467336238248e-01,-1.336620160330222351e+00,-4.963088381846278430e-01
1.352262083565339001e-01,1.030568054656538557e+00,1.616091962247395986e-01,-3.959065823860308253e-01,-1.336598880762135400e+00,-4.962842640279058748e-01
1.352000783756723001e-01,1.030678584098765560e+00,1.617391405723738740e-01,-3.958539548020046372e-01,-1.336576989251281100e+00,-4.962584113322136004e-01
1.351742484455948912e-01,1.030789031629361086e+00,1.618692773231803217e-01,-3.957999896337125456e-01,-1.336554587790983462e+00,-4.962314691020104918e-01
1.351486749750937244e-01,1.030899412317645591e+00,1.619995866783523197e-01,-3.957448824530468423e-01,-1.336531758848753970e+00,-4.962035998611680210e-01
1.351233205620506195e-01,1.031009738077788285e+00,1.621300501470943067e-01,-3.956888013616847166e-01,-1.336508570526221185e+00,-4.961749425847034600e-01
1.350981532478819913e-01,1.031120018603934874e+00,1.622606512295548808e-01,-3.956318901927149412e-01,-1.336485079774912155e+00,-4.961456157477017181e-01
1.350731457891498899e-01,1.031230261923306912e+00,1.623913755348056209e-01,-3.955742717004649966e-01,-1.336461334569276183e+00,-4.961157201815899476e-01
1.350482749928471338e-01,1.031340474751092584e+00,1.625222106606828698e-01,-3.955160504971648172e-01,-1.336437375487238954e+00,-4.960853416217030909e-01
1.350235211275396530e-01,1.031450662741144164e+00,1.626531459908332478e-01,-3.954573156635102227e-01,-1.336413236933132964e+00,-4.960545529325460778e-01
1.349988674134636746e-01,1.031560830670574580e+00,1.627841724703351090e-01,-3.953981430181324752e-01,-1.336388948114320741e+00,-4.960234160217564248e-01
1.349742995851160865e-01,1.031670982583277052e+00,1.629152823917122128e-01,-3.953385970725916687e-01,-1.336364533843597435e+00,-4.959919834831528207e-01
1.349498055165961885e-01,1.031781121905898768e+00,1.630464692014598205e-01,-3.952787327068583711e-01,-1.336340015207527543e+00,-4.959602999948014568e-01
1.349253749006500136e-01,1.031891251545324018e+00,1.631777273317821519e-01,-3.952185966037596865e-01,-1.336315410130837211e+00,-4.959284035086548581e-01
1.349009989777334717e-01,1.032001373966946467e+00,1.633090520533467815e-01,-3.951582284674773349e-01,-1.336290733850404644e+00,-4.958963262644242587e-01
1.348766703033081882e-01,1.032111491262786229e+00,1.634404393500648311e-01,-3.950976620657940530e-01,-1.336265999318954512e+00,-4.958640956482306406e-01
1.348523825495364648e-01,1.032221605211002258e+00,1.635718858149264876e-01,-3.950369261186314485e-01,-1.336241217551456195e+00,-4.958317349251417649e-01
1.348281303394017749e-01,1.032331717320131181e+00,1.637033885550723822e-01,-3.949760450483084662e-01,-1.336216397910610310e+00,-4.957992638576180222e-01
1.348039091043733428e-01,1.032441828869976375e+00,1.638349451148695679e-01,-3.949150396214445857e-01,-1.336191548354892289e+00,-4.957666992353614854e-01
1.347797149615908574e-01,1.032551940948538638e+00,1.639665534117440426e-01,-3.948539274979910862e-01,-1.336166675651446090e+00,-4.957340553212575274e-01
1.347555446119669820e-01,1.032662054479168701e+00,1.640982116782994660e-01,-3.947927236937124884e-01,-1.336141785552168448e+00,-4.957013442312631635e-01
1.347313952519429148e-01,1.032772170247195254e+00,1.642299184167234360e-01,-3.947314409770313337e-01,-1.336116882948402917e+00,-4.956685762598081468e-01
1.347072645002453661e-01,1.032882288918440139e+00,1.643616723558781745e-01,-3.946700902027168723e-01,-1.336091971996691496e+00,-4.956357601521894085e-01
1.346831503333407176e-01,1.032992411059052040e+00,1.644934724184499986e-01,-3.946086806004096004e-01,-1.336067056230906935e+00,-4.956029033371920911e-01
1.354213350957184925e-01,1.029692748398446822e+00,1.605623882162393878e-01,-3.963031437127816914e-01,-1.336726038128571936e+00,-4.963321666225845585e-01
1.353911713209304535e-01,1.029807929139855194e+00,1.606952990557928285e-01,-3.962680865722407741e-01,-1.336720632345250959e+00,-4.963223286086314578e-01
1.353614289307994434e-01,1.029921128275637976e+00,1.608256106080324654e-01,-3.962314036911711024e-01,-1.336709435651213029e+00,-4.963103216802980389e-01
1.353322966730995391e-01,1.030033269694469400e+00,1.609549258776491742e-01,-3.961921162915725825e-01,-1.336694783731347647e+00,-4.962957714726133340e-01
1.353038035509203096e-01,1.030144811573462382e+00,1.610839756911632004e-01,-3.961500300952947029e-01,-1.336677895058790533e+00,-4.962787275652215113e-01
1.352759115444772675e-01,1.030255987328389189e+00,1.612130800039166534e-01,-3.961052843052430550e-01,-1.336659439765654600e+00,-4.962594071181712918e-01
1.352485584536364804e-01,1.030366920938741826e+00,1.613423671675878746e-01,-3.960581425699202240e-01,-1.336639813250107611e+00,-4.962380778934430969e-01
1.352216771638427850e-01,1.030477682277974871e+00,1.614718778369452767e-01,-3.960088984554763214e-01,-1.336619268611435762e+00,-4.962150069401066177e-01
1.351952038355460073e-01,1.030588313793599164e+00,1.616016139643397520e-01,-3.959578347670691389e-01,-1.336597981481200792e+00,-4.961904398962361795e-01
1.351690809679163552e-01,1.030698843470989168e+00,1.617315616845672321e-01,-3.959052078784035533e-01,-1.336576082357448181e+00,-4.961645943173185747e-01
1.351432581428069768e-01,1.030809291226001845e+00,1.618617018287146769e-01,-3.958512434342243980e-01,-1.336553673242661944e+00,-4.961376592089048465e-01
1.351176917708175051e-01,1.030919672128250086e+00,1.619920145940161316e-01,-3.957961369997904377e-01,-1.336530836609235662e+00,-4.961097970933827095e-01
1.350923444506035853e-01,1.031029998093870637e+00,1.621224814880300180e-01,-3.957400566730110425e-01,-1.336507640565469446e+00,-4.960811469459067147e-01
1.350671842247136434e-01,1.031140278817484601e+00,1.622530860082393722e-01,-3.956831462831682522e-01,-1.336484142066874492e+00,-4.960518272419339181e-01
1.350421838503587657e-01,1.031250522326953911e+00,1.623838137614184718e-01,-3.956255285818694456e-01,-1.336460389091389533e+00,-4.960219388119923023e-01
1.350173201346789309e-01,1.031360735338996637e+00,1.625146523444966351e-01,-3.955673081800047952e-01,-1.336436422221355835e+00,-4.959915673917999479e-01
1.349925733460529409e-01,1.031470923508583715e+00,1.626455911396507692e-01,-3.955085741574060343e-01,-1.336412275864051091e+00,-4.959607858436570482e-01
1.349679267060317212e-01,1.031581091612200574e+00,1.627766210901249733e-01,-3.954494023296159511e-01,-1.336387979228244038e+00,-4.959296560768465256e-01
1.349433659496652449e-01,1.031691243693920512e+00,1.629077344872656152e-01,-3.953898572064116768e-01,-1.336363557128509738e+00,-4.958982306854871069e-01
1.349188789508593000e-01,1.031801383181223608e+00,1.630389247768185002e-01,-3.953299936675351844e-01,-1.336339030653484361e+00,-4.958665543465995973e-01
1.348944554028978227e-01,1.031911512980871581e+00,1.631701863899262805e-01,-3.952698583943010657e-01,-1.336314417728906356e+00,-4.958346650123124921e-01
1.348700865464841636e-01,1.032021635557938577e+00,1.633015145957491532e-01,-3.952094910898942826e-01,-1.336289733591786710e+00,-4.958025949210559391e-01
1.348457649359965371e-01,1.032131753007430319e+00,1.634329053804323695e-01,-3.951489255241853460e-01,-1.336264991199876517e+00,-4.957703714607296641e-01
1.348214842449282636e-01,1.032241867105164301e+00,1.635643553339821421e-01,-3.950881904137953926e-01,-1.336240201565464192e+00,-4.957380178943666116e-01
1.347972390965214984e-01,1.032351979359996896e+00,1.636958615635941972e-01,-3.950273101806824894e-01,-1.336215374052588167e+00,-4.957055539864742566e-01
1.347730249216455289e-01,1.032462091052813724e+00,1.638274216138764783e-01,-3.949663055921931454e-01,-1.336190516621310609e+00,-4.956729965253393044e-01
1.347488378379221308e-01,1.032572203270870848e+00,1.639590334011246653e-01,-3.949051943071802406e-01,-1.336165636038169069e+00,-4.956403597734311828e-01
1.347246745464650564e-01,1.032682316937856282e+00,1.640906951582324080e-01,-3.948439913410000668e-01,-1.336140738056179833e+00,-4.956076558481690153e-01
1.347005322440152641e-01,1.032792432838383068e+00,1.642224053862157418e-01,-3.947827094612068044e-01,-1.336115827565793612e+00,-4.955748950426890898e-01
1.346764085483747875e-01,1.032902551640072719e+00,1.643541628152564715e-01,-3.947213595243868056e-01,-1.336090908726110804e+00,-4.955420861024845691e-01
1.346523014365284820e-01,1.033012673908519918e+00,1.644859663675080907e-01,-3.946599507589864664e-01,-1.336065985070663320e+00,-4.955092364565211183e-01
1.353908014267555804e-01,1.029712664793402732e+00,1.605549106461137687e-01,-3.963535223691126985e-01,-1.336725212275275299e+00,-4.962398705065907967e-01
1.353606449068292805e-01,1.029827845571922085e+00,1.606878241926678608e-01,-3.963184648898220308e-01,-1.336719799082820348e+00,-4.962300400776427645e-01
1.353309096943187684e-01,1.029941044956899310e+00,1.608181387525206285e-01,-3.962817819558783206e-01,-1.336708595293780943e+00,-4.962180403455733746e-01
1.353017845573954436e-01,1.030053186682690525e+00,1.609474571464594161e-01,-3.962424947315633106e-01,-1.336693936305392683e+00,-4.962034971890265656e-01
1.352732985141995581e-01,1.030164728872037250e+00,1.610765101387054143e-01,-3.962004088785949230e-01,-1.336677040498540192e+00,-4.961864602787348089e-01
1.352454135574868432e-01,1.030275904922598906e+00,1.612056176651334438e-01,-3.961556635503106771e-01,-1.336658577985015306e+00,-4.961671468139890462e-01
1.352180674963923412e-01,1.030386838808739602e+00,1.613349080706748540e-01,-3.961085223589052573e-01,-1.336638944165827736e+00,-4.961458245721956373e-01
1.351911932207646438e-01,1.030497600406595327e+00,1.614644220090617199e-01,-3.960592788492650618e-01,-1.336618392153197776e+00,-4.961227606060912843e-01
1.351647268941716662e-01,1.030608232165716176e+00,1.615941614297597972e-01,-3.960082158118014561e-01,-1.336597097588965388e+00,-4.960982005523308924e-01
1.351386110185406608e-01,1.030718762074147588e+00,1.617241124663952589e-01,-3.959555896095057204e-01,-1.336575190982388195e+00,-4.960723619694936692e-01
1.351127951782318815e-01,1.030829210047798705e+00,1.618542559455996566e-01,-3.959016258779302078e-01,-1.336552774341366989e+00,-4.960454338611364755e-01
1.350872357845717686e-01,1.030939591159222291e+00,1.619845720635950670e-01,-3.958465201783155085e-01,-1.336529930147116740e+00,-4.960175787509326639e-01
1.350618954368105196e-01,1.031049917325726817e+00,1.621150423249205774e-01,-3.957904406050534729e-01,-1.336506726512755705e+00,-4.959889356118056258e-01
1.350367421787618261e-01,1.031160198242655923e+00,1.622456502250043953e-01,-3.957335309831985781e-01,-1.336483220398383631e+00,-4.959596229198555140e-01
1.350117487680645989e-01,1.031270441938692661e+00,1.623763813683988810e-01,-3.956759140621198823e-01,-1.336459459785444892e+00,-4.959297415046379776e-01
1.349868920125263383e-01,1.031380655131079793e+00,1.625072233502681540e-01,-3.956176944503722037e-01,-1.336435485259390932e+00,-4.958993771020223096e-01
1.349621521814892144e-01,1.031490843474641261e+00,1.626381655508450652e-01,-3.955589612249989506e-01,-1.336411331229440114e+00,-4.958686025747117143e-01
1.349375124960787153e-01,1.031601011747629970e+00,1.627691989131271333e-01,-3.954997902015179867e-01,-1.336387026908164355e+00,-4.958374798313243126e-01
1.349129586916615053e-01,1.031711163994372349e+00,1.629003157271560753e-01,-3.954402458884456739e-01,-1.336362597111813599e+00,-4.958060614655341314e-01
1.348884786424953408e-01,1.031821303642546317e+00,1.630315094376429685e-01,-3.953803831643154520e-01,-1.336338062930514381e+00,-4.957743921543772414e-01
1.348640620426130587e-01,1.031931433598522130e+00,1.631627744745521302e-01,-3.953202487086656114e-01,-1.336313442290763209e+00,-4.957425098509067318e-01
1.348397001322618749e-01,1.032041556328713527e+00,1.632941061072619160e-01,-3.952598822249741017e-01,-1.336288750432084393e+00,-4.957104467926103375e-01
1.348153854662459128e-01,1.032151673927315549e+00,1.634255003200847101e-01,-3.951993174818278498e-01,-1.336264000311549127e+00,-4.956782303658871514e-01
1.347911117184515950e-01,1.032261788170535377e+00,1.635569537032242893e-01,-3.951385831951377825e-01,-1.336239202943130699e+00,-4.956458838361251229e-01
1.347668735119449401e-01,1.032371900567234935e+00,1.636884633628435393e-01,-3.950777037865553787e-01,-1.336214367690876426e+00,-4.956134269651529256e-01
1.347426662776957107e-01,1.032482012398864724e+00,1.638200268439300167e-01,-3.950167000234551806e-01,-1.336189502516438088e+00,-4.955808765434041585e-01
1.347184861337463180e-01,1.032592124752330198e+00,1.639516420621681958e-01,-3.949555895635212810e-01,-1.336164614186380994e+00,-4.955482468330014711e-01
1.346943297805430761e-01,1.032702238552313689e+00,1.640833072506840129e-01,-3.948943874231805040e-01,-1.336139708454993080e+00,-4.955155499502940097e-01
1.346701944150920371e-01,1.032812354583216852e+00,1.642150209100978198e-01,-3.948331063694153764e-01,-1.336114790212854286e+00,-4.954827961885410192e-01
1.346460776560500228e-01,1.032922473511604489e+00,1.643467817696520616e-01,-3.947717572570732525e-01,-1.336089863618176388e+00,-4.954499942941853474e-01
1.346219774800194724e-01,1.033032595903641715e+00,1.644785887516187484e-01,-3.947103493152214759e-01,-1.336064932205248024e+00,-4.954171516955329091e-01
1.353607871376523442e-01,1.029732246269852602e+00,1.605475609780310509e-01,-3.964030448271234075e-01,-1.336724400596054352e+00,-4.961491330564808955e-01
1.353306377491153289e-01,1.029847427084291223e+00,1.606804771861519154e-01,-3.963679870169830588e-01,-1.336718980120261246e+00,-4.961393100827754532e-01
1.353009095934476491e-01,1.029960626711958760e+00,1.608107947021495954e-01,-3.963313040309715540e-01,-1.336707769355144571e+00,-4.961273174263853281e-01
1.352717914568607183e-01,1.030072768737529953e+00,1.609401161666091373e-01,-3.962920169797400360e-01,-1.336693103416398465e+00,-4.961127812002912862e-01
1.352433123732866560e-01,1.030184311229678462e+00,1.610691722828587746e-01,-3.962499314647040527e-01,-1.336676200594476560e+00,-4.960957511692176136e-01
1.352154343479413934e-01,1.030295487567998602e+00,1.611982829673626882e-01,-3.962051865898496006e-01,-1.336657730980732817e+00,-4.960764445698749303e-01
1.351880951974972211e-01,1.030406421724116450e+00,1.613275765600304112e-01,-3.961580459343806981e-01,-1.336638089981482036e+00,-4.960551291925042183e-01
1.351612278167234338e-01,1.030517183575225149e+00,1.614570937118854910e-01,-3.961088030214675038e-01,-1.336617530719355074e+00,-4.960320720937452244e-01
1.351347683733776506e-01,1.030627815572490835e+00,1.615868363703523991e-01,-3.960577406250467836e-01,-1.336596228846983259e+00,-4.960075189125409123e-01
1.351086593721857743e-01,1.030738345705055403e+00,1.617167906655983534e-01,-3.960051150969582379e-01,-1.336574314881653347e+00,-4.959816872065645477e-01
1.350828503985154194e-01,1.030848793892190418e+00,1.618469374232869573e-01,-3.959511520671121221e-01,-1.336551890841419787e+00,-4.959547659804197650e-01
1.350572978644455635e-01,1.030959175208221668e+00,1.619772568368989252e-01,-3.958960470921644714e-01,-1.336529039213871339e+00,-4.959269177553382590e-01
1.350319643712976914e-01,1.031069501570683666e+00,1.621077304084166670e-01,-3.958399682604042957e-01,-1.336505828116971273e+00,-4.958982815060999916e-01
1.350068179627445797e-01,1.031179782676646228e+00,1.622383416311312943e-01,-3.957830593954632659e-01,-1.336482314515597070e+00,-4.958689757068107107e-01
1.349818313978111695e-01,1.031290026554523731e+00,1.623690761069221111e-01,-3.957254432425720281e-01,-1.336458546393742841e+00,-4.958391011870391663e-01
1.349569814846913463e-01,1.031400239922616091e+00,1.624999214297213612e-01,-3.956672244084879497e-01,-1.336434564340599040e+00,-4.958087436829592409e-01
1.349322484928327792e-01,1.031510428436924753e+00,1.626308669788882333e-01,-3.956084919693120261e-01,-1.336410402768881900e+00,-4.957779760577603612e-01
1.349076156439744378e-01,1.031620596875475471e+00,1.627619036953745213e-01,-3.955493217383468929e-01,-1.336386090892304868e+00,-4.957468602186183571e-01
1.348830686736972040e-01,1.031730749283106263e+00,1.628930238682363696e-01,-3.954897782231385217e-01,-1.336361653529178017e+00,-4.957154487591893255e-01
1.348585954571010215e-01,1.031840889086868218e+00,1.630242209404997866e-01,-3.954299163000315476e-01,-1.336337111770079300e+00,-4.956837863566229685e-01
1.348341856876564548e-01,1.031951019194800478e+00,1.631554893425370412e-01,-3.953697826491184841e-01,-1.336312483544613183e+00,-4.956519109635448284e-01
1.348098306055335316e-01,1.032061142073856574e+00,1.632868243432376854e-01,-3.953094169738433084e-01,-1.336287784093808773e+00,-4.956198548175514418e-01
1.347855227664237210e-01,1.032171259817604714e+00,1.634182219259463498e-01,-3.952488530406185752e-01,-1.336263026374988394e+00,-4.955876453055981790e-01
1.347612558437940866e-01,1.032281374203030122e+00,1.635496786806512892e-01,-3.951881195658695778e-01,-1.336238221403468485e+00,-4.955553056921379040e-01
1.347370244617013546e-01,1.032391486737921582e+00,1.636811917123066062e-01,-3.951272409691793941e-01,-1.336213378542759456e+00,-4.955228557399391498e-01
1.347128240508350394e-01,1.032501598704123946e+00,1.638127585654958196e-01,-3.950662380180762212e-01,-1.336188505755150135e+00,-4.954903122379242797e-01
1.346886507284259515e-01,1.032611711190198234e+00,1.639443771569292774e-01,-3.950051283717857520e-01,-1.336163609809674524e+00,-4.954576894485463456e-01
1.346645011962658289e-01,1.032721825119008008e+00,1.640760457181078824e-01,-3.949439270440685545e-01,-1.336138696458975428e+00,-4.954249994890448927e-01
1.346403726509557697e-01,1.032831941275950793e+00,1.642077627502873671e-01,-3.948826468025393166e-01,-1.336113770595192429e+00,-4.953922526529253578e-01
1.346162627104920961e-01,1.032942060328325473e+00,1.643395269826801730e-01,-3.948212985030013500e-01,-1.336088836377262057e+00,-4.953594576844920216e-01
1.345921693523383922e-01,1.033052182841373012e+00,1.644713373369151299e-01,-3.947598913729804537e-01,-1.336063897338902517e+00,-4.953266220137406695e-01
1.353312833706992735e-01,1.029751498325773174e+00,1.605403368738870240e-01,-3.964517256459016425e-01,-1.336723602674175337e+00,-4.960599278627509934e-01
1.353011409929350539e-01,1.029866679174419541e+00,1.606732556990200234e-01,-3.964166675117511973e-01,-1.336718175038680512e+00,-4.960501122196718238e-01
1.352714197744739333e-01,1.029979879039722546e+00,1.608035761214636761e-01,-3.963799844761318747e-01,-1.336706957415767061e+00,-4.960381265197693623e-01
1.352423085187420548e-01,1.030092021359742427e+00,1.609329006048547117e-01,-3.963406975979356650e-01,-1.336692284644811934e+00,-4.960235971050787063e-01
1.352138362773573632e-01,1.030203564147779582e+00,1.610619597919051016e-01,-3.962986124154525558e-01,-1.336675374925772486e+00,-4.960065738369445199e-01
1.351859650654301526e-01,1.030314740768578652e+00,1.611910735815916818e-01,-3.962538679884154980e-01,-1.336656898332618582e+00,-4.959872739855615276e-01
1.351586327083286743e-01,1.030425675188799017e+00,1.613203703069910067e-01,-3.962067278615847843e-01,-1.336637250274137045e+00,-4.959659653553349923e-01
1.351317721059334120e-01,1.030536437287151941e+00,1.614498906175036719e-01,-3.961574855359024094e-01,-1.336616683884367829e+00,-4.959429150075687631e-01
1.351053194292739512e-01,1.030647069516958947e+00,1.615796364584167755e-01,-3.961064237709434610e-01,-1.336595374826696325e+00,-4.959183685820694465e-01
1.350792171852426282e-01,1.030757599869869479e+00,1.617095939579842045e-01,-3.960537989086405641e-01,-1.336573453628323138e+00,-4.958925436362593975e-01
1.350534149610506940e-01,1.030868048266585957e+00,1.618397439390312775e-01,-3.959998365714165747e-01,-1.336551022314629966e+00,-4.958656291740253796e-01
1.350278691707340051e-01,1.030978429781965300e+00,1.619700665919817650e-01,-3.959447323093739368e-01,-1.336528163378667644e+00,-4.958377877173344439e-01
1.350025424156404974e-01,1.031088756336099310e+00,1.621005434174660753e-01,-3.958886542086567650e-01,-1.336504944945231310e+00,-4.958091582400105390e-01
1.349774027411030086e-01,1.031199037625607717e+00,1.622311579055414066e-01,-3.958317460879528515e-01,-1.336481423981910055e+00,-4.957798592161434259e-01
1.349524229059090308e-01,1.031309281681210832e+00,1.623618956575084149e-01,-3.957741306917603730e-01,-1.336457648478294624e+00,-4.957499914755045811e-01
1.349275797190271631e-01,1.031419495221080451e+00,1.624927442647375320e-01,-3.957159126240970548e-01,-1.336433659025426657e+00,-4.957196407530073401e-01
1.349028534503046717e-01,1.031529683901837746e+00,1.626236931052267021e-01,-3.956571809592339672e-01,-1.336409490038706238e+00,-4.956888799111868193e-01
1.348782273218407379e-01,1.031639852502348464e+00,1.627547331193367475e-01,-3.955980115094311356e-01,-1.336385170734886829e+00,-4.956577708592120879e-01
1.348536870700647872e-01,1.031750005066501386e+00,1.628858565936333047e-01,-3.955384687795556187e-01,-1.336360725932141946e+00,-4.956263661885677574e-01
1.348292205694786583e-01,1.031860145023566266e+00,1.630170569721636487e-01,-3.954786076468633782e-01,-1.336336176725339886e+00,-4.955947105779380801e-01
1.348048175143853056e-01,1.031970275280240434e+00,1.631483286827636048e-01,-3.954184747891356100e-01,-1.336311541043005535e+00,-4.955628419779729565e-01
1.347804691448254710e-01,1.032080398304679569e+00,1.632796669948138324e-01,-3.953581099099231499e-01,-1.336286834128873835e+00,-4.955307926277976449e-01
1.347561680170410170e-01,1.032190516189697149e+00,1.634110678900966562e-01,-3.952975467740731386e-01,-1.336262068939830572e+00,-4.954985899132616223e-01
1.347319078043357210e-01,1.032300630712844614e+00,1.635425279583873071e-01,-3.952368140980497824e-01,-1.336237256492460945e+00,-4.954662570984175174e-01
1.347076831303252453e-01,1.032410743383276541e+00,1.636740443054706395e-01,-3.951759363021826732e-01,-1.336212406152706089e+00,-4.954338139468477120e-01
1.346834894265223903e-01,1.032520855481641409e+00,1.638056144744288734e-01,-3.951149341520783786e-01,-1.336187525881764149e+00,-4.954012772470175463e-01
1.346593228103623863e-01,1.032630968096571289e+00,1.639372363818125400e-01,-3.950538253065863925e-01,-1.336162622449346360e+00,-4.953686612621747698e-01
1.346351799833090390e-01,1.032741082151290346e+00,1.640689082587809822e-01,-3.949926247796826662e-01,-1.336137701608492101e+00,-4.953359781078826574e-01
1.346110581417958307e-01,1.032851198431730344e+00,1.642006286068395382e-01,-3.949313453393525353e-01,-1.336112768252386118e+00,-4.953032380781265398e-01
1.345869549051746106e-01,1.032961317603227291e+00,1.643323961534766398e-01,-3.948699978385979970e-01,-1.336087826537909473e+00,-4.952704499178130493e-01
1.345628682493727468e-01,1.033071440233656491e+00,1.644642098222544035e-01,-3.948085915080039032e-01,-1.336062880002191422e+00,-4.952376210567650539e-01
1.353022811865294828e-01,1.029770426676967832e+00,1.605332362244991928e-01,-3.964995795550230184e-01,-1.336722818407978242e+00,-4.959722286301032068e-01
1.352721457008979611e-01,1.029885607556951355e+00,1.606661576207509268e-01,-3.964645211032873373e-01,-1.336717383731625075e+00,-4.959624201911508878e-01
1.352424313023629643e-01,1.029998807654265214e+00,1.607964809000519135e-01,-3.964278380197954754e-01,-1.336706159366150004e+00,-4.959504413298672643e-01
1.352133268118545228e-01,1.030110950261707403e+00,1.609258083510523851e-01,-3.963885513114306924e-01,-1.336691479877822442e+00,-4.959359186132237252e-01
1.351848612956668139e-01,1.030222493340856360e+00,1.610548705577297679e-01,-3.963464664593117082e-01,-1.336674563379510072e+00,-4.959189019922723984e-01
1.351569967819100104e-01,1.030333670237773669e+00,1.611839873995797312e-01,-3.963017224736390953e-01,-1.336656079924216867e+00,-4.958996087746243564e-01
1.351296711028824871e-01,1.030444604917047258e+00,1.613132872053061329e-01,-3.962545828681295346e-01,-1.336636424926576083e+00,-4.958783067774246711e-01
1.351028171638563868e-01,1.030555367257417032e+00,1.614428106209186420e-01,-3.962053411213526943e-01,-1.336615851529506571e+00,-4.958552630655704840e-01
1.350763711393541400e-01,1.030665999714770242e+00,1.615725595906262191e-01,-3.961542799781704871e-01,-1.336594535408139439e+00,-4.958307232813815579e-01
1.350502755385308562e-01,1.030776530282371928e+00,1.617025202396692452e-01,-3.961016557706623087e-01,-1.336572607097985976e+00,-4.958049049811991127e-01
1.350244799500541493e-01,1.030886978883092109e+00,1.618326733888209856e-01,-3.960476941146056085e-01,-1.336550168632646862e+00,-4.957779971687674703e-01
1.349989407888148030e-01,1.030997360593922885e+00,1.619629992266873042e-01,-3.959925905555889414e-01,-1.336527302512375170e+00,-4.957501623653874923e-01
1.349736206578129316e-01,1.031107687335061973e+00,1.620934792508334776e-01,-3.959365131746230282e-01,-1.336504076866011470e+00,-4.957215395455720763e-01
1.349484876028121394e-01,1.031217968804444052e+00,1.622240969493851104e-01,-3.958796057877874142e-01,-1.336480548665742729e+00,-4.956922471823473897e-01
1.349235143836065576e-01,1.031328213033101182e+00,1.623548379215341009e-01,-3.958219911362059751e-01,-1.336456765904312505e+00,-4.956623861054135771e-01
1.348986778092968464e-01,1.031438426740292957e+00,1.624856897572837522e-01,-3.957637738227735014e-01,-1.336432769176247426e+00,-4.956320420497128398e-01
1.348739581499948936e-01,1.031548615583542716e+00,1.626166418336006114e-01,-3.957050429203363140e-01,-1.336408592900035774e+00,-4.956012878776994146e-01
1.348493386286369056e-01,1.031658784340945267e+00,1.627476850883108062e-01,-3.956458742384925675e-01,-1.336384266292755196e+00,-4.955701854966770847e-01
1.348248049811560934e-01,1.031768937058645141e+00,1.628788118089291026e-01,-3.955863322828824802e-01,-1.336359814177180416e+00,-4.955387875003829379e-01
1.348003450829671768e-01,1.031879077164601810e+00,1.630100154368806231e-01,-3.955264719282045593e-01,-1.336335257647352615e+00,-4.955071385655533955e-01
1.347759486281922547e-01,1.031989207566770705e+00,1.631412904003026465e-01,-3.954663398522044737e-01,-1.336310614634562910e+00,-4.954752766435598921e-01
1.347516068579331650e-01,1.032099330731946152e+00,1.632726319665387671e-01,-3.954059757558765487e-01,-1.336285900381635416e+00,-4.954432339730762691e-01
1.347273123276045148e-01,1.032209448754958014e+00,1.634040361184797840e-01,-3.953454134056129110e-01,-1.336261127848844099e+00,-4.954110379407019038e-01
1.347030587111754385e-01,1.032319563412555929e+00,1.635354994445842869e-01,-3.952846815161913940e-01,-1.336236308052329402e+00,-4.953787118100719256e-01
1.346788406322550480e-01,1.032429676214069225e+00,1.636670190501589572e-01,-3.952238045077314244e-01,-1.336211450358671726e+00,-4.953462753442938182e-01
1.346546535220625174e-01,1.032539788440683060e+00,1.637985924781139857e-01,-3.951628031461107970e-01,-1.336186562729983152e+00,-4.953137453308883442e-01
1.346304934986747859e-01,1.032649901180556107e+00,1.639302176445164572e-01,-3.951016950888145418e-01,-1.336161651936040196e+00,-4.952811360342536107e-01
1.346063572629991878e-01,1.032760015358296313e+00,1.640618927815573058e-01,-3.950404953509598083e-01,-1.336136723732146425e+00,-4.952484595707156156e-01
1.345822420124189733e-01,1.032870131757835486e+00,1.641936163883863098e-01,-3.949792166982143415e-01,-1.336111783008843368e+00,-4.952157262321705278e-01
1.345581453649209724e-01,1.032980251047284082e+00,1.643253871948185119e-01,-3.949178699864663855e-01,-1.336086833926940054e+00,-4.951829447648966598e-01
1.345340652980260843e-01,1.033090373791795136e+00,1.644572041218392566e-01,-3.948564644427493553e-01,-1.336061880020261494e+00,-4.951501225975263876e-01
1.352737719642018721e-01,1.029789036781805889e+00,1.605262569098093450e-01,-3.965466207477080229e-01,-1.336722047589316675e+00,-4.958860098644152781e-01
1.352436432541324340e-01,1.029904217691742785e+00,1.606591808343181271e-01,-3.965115619848232353e-01,-1.336716605991776108e+00,-4.958762085089049587e-01
1.352139355591221725e-01,1.030017418017185493e+00,1.607895069228124363e-01,-3.964748788569338878e-01,-1.336705374998669926e+00,-4.958642363685092369e-01
1.351848377184183825e-01,1.030129560906793973e+00,1.609188372912724319e-01,-3.964355923182177888e-01,-1.336690688906715163e+00,-4.958497202343524202e-01
1.351563788144402867e-01,1.030241104269696395e+00,1.610479024655183111e-01,-3.963935077901855064e-01,-1.336673765742073305e+00,-4.958327101482468136e-01
1.351285208852633923e-01,1.030352281437094675e+00,1.611770223079055375e-01,-3.963487642398662580e-01,-1.336655275540581611e+00,-4.958134234514921523e-01
1.351012017713469904e-01,1.030463216369346346e+00,1.613063251410933319e-01,-3.963016251478793661e-01,-1.336635613720014382e+00,-4.957921279743455201e-01
1.350743543830374704e-01,1.030573978946585534e+00,1.614358516096092433e-01,-3.962523839713298357e-01,-1.336615033434430444e+00,-4.957690907873171238e-01
1.350479148976918287e-01,1.030684611626798475e+00,1.615656036551657571e-01,-3.962013234414137886e-01,-1.336593710368798149e+00,-4.957445575316049569e-01
1.350218258272671279e-01,1.030795142404873799e+00,1.616955674008284660e-01,-3.961486998795826220e-01,-1.336571775067673107e+00,-4.957187457647561080e-01
1.349960367620733348e-01,1.030905591205392602e+00,1.618257236649621178e-01,-3.960947388946391978e-01,-1.336549329572164213e+00,-4.956918444901897702e-01
1.349705041180012943e-01,1.031015973106878203e+00,1.619560526336902839e-01,-3.960396360273991667e-01,-1.336526456388683171e+00,-4.956640162280412931e-01
1.349451904989498463e-01,1.031126300030514642e+00,1.620865358020265323e-01,-3.959835593550601884e-01,-1.336503223650794547e+00,-4.956353999522687404e-01
1.349200639513356559e-01,1.031236581675715192e+00,1.622171566567900958e-01,-3.959266526909025474e-01,-1.336479688335926674e+00,-4.956061141365208367e-01
1.348950972355108247e-01,1.031346826074002632e+00,1.623479007948805120e-01,-3.958690387737677230e-01,-1.336455898439797840e+00,-4.955762596099022588e-01
1.348702671611917148e-01,1.031457039945444132e+00,1.624787558051055958e-01,-3.958108222041435975e-01,-1.336431894560374811e+00,-4.955459221074349219e-01
1.348455539990340291e-01,1.031567228947573245e+00,1.626097110624191711e-01,-3.957520920530080422e-01,-1.336407711117831631e+00,-4.955151744909698230e-01
1.348209409725096286e-01,1.031677397858836498e+00,1.627407575035601517e-01,-3.956929241283025922e-01,-1.336383377331448408e+00,-4.954840786686433018e-01
1.347964138178376903e-01,1.031787550725461688e+00,1.628718874145541895e-01,-3.956333829342982278e-01,-1.336358918025206011e+00,-4.954526872327862375e-01
1.347719604102596558e-01,1.031897690976568249e+00,1.630030942367615421e-01,-3.955735233455742184e-01,-1.336334354295815929e+00,-4.954210448603758032e-01
1.347475704439564381e-01,1.032007821520649848e+00,1.631343723978325166e-01,-3.955133920394320879e-01,-1.336309704076269034e+00,-4.953891895029906567e-01
1.347232351605710532e-01,1.032117944824216593e+00,1.632657171641411498e-01,-3.954530287154585655e-01,-1.336284982609963645e+00,-4.953571533994746701e-01
1.346989471159402152e-01,1.032228062981611405e+00,1.633971245173118647e-01,-3.953924671387716305e-01,-1.336260202857104007e+00,-4.953249639355848943e-01
1.346746999839296410e-01,1.032338177770285359e+00,1.635285910459122749e-01,-3.953317360241694889e-01,-1.336235375835429506e+00,-4.952926443753501995e-01
1.346504883880296488e-01,1.032448290699945037e+00,1.636601138549437229e-01,-3.952708597916800293e-01,-1.336210510912360983e+00,-4.952602144812353058e-01
1.346263077599318958e-01,1.032558403051808682e+00,1.637916904873494561e-01,-3.952098592062825988e-01,-1.336185616050966862e+00,-4.952276910425258416e-01
1.346021542175888097e-01,1.032668515913605978e+00,1.639233188578290978e-01,-3.951487519252994129e-01,-1.336160698020188997e+00,-4.951950883209673138e-01
1.345780244617083010e-01,1.032778630210572812e+00,1.640549971988541078e-01,-3.950875529641246220e-01,-1.336135762576480923e+00,-4.951624184331502865e-01
1.345539156898480915e-01,1.032888746727140150e+00,1.641867240102007630e-01,-3.950262750881717855e-01,-1.336110814611781938e+00,-4.951296916728245012e-01
1.345298255207506288e-01,1.032998866129856363e+00,1.643184980198418854e-01,-3.949649291514943372e-01,-1.336085858284855155e+00,-4.950969167847212860e-01
1.345057519310209337e-01,1.033108988985630194e+00,1.644503181501157929e-01,-3.949035243831241493e-01,-1.336060897132006486e+00,-4.950641011983286655e-01
1.352457472703053054e-01,1.029807333924156243e+00,1.605193967633010699e-01,-3.965928630956258027e-01,-1.336721289894927001e+00,-4.958012464710589984e-01
1.352156252207029064e-01,1.029922514862174898e+00,1.606523231724521494e-01,-3.965578040287679462e-01,-1.336715841492134516e+00,-4.957914520773327172e-01
1.351859241162624570e-01,1.030035715409879593e+00,1.607826520219151900e-01,-3.965211208576744917e-01,-1.336704603982331818e+00,-4.957794865451105037e-01
1.351568328131775021e-01,1.030147858575558351e+00,1.609119852586203547e-01,-3.964818344861093524e-01,-1.336689911398331043e+00,-4.957649768827993020e-01
1.351283804090253615e-01,1.030259402216872511e+00,1.610410533505647335e-01,-3.964397502787662120e-01,-1.336672981680540495e+00,-4.957479732204635448e-01
1.351005289533440956e-01,1.030370579648647311e+00,1.611701761425438639e-01,-3.963950071569766753e-01,-1.336654484846485413e+00,-4.957286929350798177e-01
1.350732162934081826e-01,1.030481514828719858e+00,1.612994819523306533e-01,-3.963478685710561944e-01,-1.336634816318687413e+00,-4.957074038684281536e-01
1.350463753445687309e-01,1.030592277637734755e+00,1.614290114216432592e-01,-3.962986279566411141e-01,-1.336614229260413733e+00,-4.956843730939619053e-01
1.350199422879254929e-01,1.030702910535378214e+00,1.615587664904216680e-01,-3.962475680301996150e-01,-1.336592899366991549e+00,-4.956598462556238149e-01
1.349938596367555588e-01,1.030813441519908169e+00,1.616887332805571620e-01,-3.961949451053322635e-01,-1.336570957193447429e+00,-4.956340409104662004e-01
1.349680769839452787e-01,1.030923890516072250e+00,1.618188926068654665e-01,-3.961409847820206442e-01,-1.336548504786520875e+00,-4.956071460614807078e-01
1.349425507462852780e-01,1.031034272604246960e+00,1.619492246534891822e-01,-3.960858825967903951e-01,-1.336525624659238742e+00,-4.955793242291504086e-01
1.349172435287932237e-01,1.031144599706485421e+00,1.620797109130707181e-01,-3.960298066225736435e-01,-1.336502384949987965e+00,-4.955507143867712849e-01
1.348921233783217655e-01,1.031254881523472333e+00,1.622103348706057935e-01,-3.959729006703152643e-01,-1.336478842640688169e+00,-4.955214350079137353e-01
1.348671630560691059e-01,1.031365126086999595e+00,1.623410821207355026e-01,-3.959152874756736162e-01,-1.336455045729868507e+00,-4.954915869205028800e-01
1.348423393718961305e-01,1.031475340118209294e+00,1.624719402510139410e-01,-3.958570716381082932e-01,-1.336431034818942321e+00,-4.954612558599785777e-01
1.348176325972351985e-01,1.031585529274809288e+00,1.626028986349364325e-01,-3.957983422260670237e-01,-1.336406844330298105e+00,-4.954305146882263533e-01
1.347930259551629872e-01,1.031695698336625666e+00,1.627339482086485045e-01,-3.957391750475693915e-01,-1.336382503486284401e+00,-4.953994253124155422e-01
1.347685051829803915e-01,1.031805851349330228e+00,1.628650812567345729e-01,-3.956796346043551793e-01,-1.336358037111862851e+00,-4.953680403263943099e-01
1.347440581558245476e-01,1.031915991742496486e+00,1.629962912194793390e-01,-3.956197757704315032e-01,-1.336333466305063222e+00,-4.953364044051976056e-01
1.347196745687522790e-01,1.032026122423968406e+00,1.631275725232331775e-01,-3.955596452211490033e-01,-1.336308808999249642e+00,-4.953045555014716217e-01
1.346953456626682755e-01,1.032136245861854595e+00,1.632589204347598688e-01,-3.954992826570714604e-01,-1.336284080440450106e+00,-4.952725258531732178e-01
1.346710639934991516e-01,1.032246364150659623e+00,1.633903309350466793e-01,-3.954387218428092599e-01,-1.336259293589681763e+00,-4.952403428455525169e-01
1.346468232354189332e-01,1.032356479067813693e+00,1.635218006121565426e-01,-3.953779914922992411e-01,-1.336234459465348134e+00,-4.952080297429248823e-01
1.346226180129380112e-01,1.032466592121974891e+00,1.636533265700196860e-01,-3.953171160235423587e-01,-1.336209587434421531e+00,-4.951756063091201643e-01
1.345984437566519198e-01,1.032576704596034789e+00,1.637849063522038850e-01,-3.952561162033318420e-01,-1.336184685462081578e+00,-4.951430893318209958e-01
1.345742965848749917e-01,1.032686817577760152e+00,1.639165378733963563e-01,-3.951950096881837182e-01,-1.336159760318022194e+00,-4.951104930737807441e-01
1.345501731993020422e-01,1.032796931990783484e+00,1.640482193643529041e-01,-3.951338114914120792e-01,-1.336134817756957416e+00,-4.950778296514157795e-01
1.345260707965958424e-01,1.032907048620963719e+00,1.641799493255799436e-01,-3.950725343799703082e-01,-1.336109862672626436e+00,-4.950451093575130579e-01
1.345019869954270086e-01,1.033017168135378361e+00,1.643117264854900283e-01,-3.950111892081655252e-01,-1.336084899224933675e+00,-4.950123409378207051e-01
1.344779197730534281e-01,1.033127291099687595e+00,1.644435497649868738e-01,-3.949497852033943546e-01,-1.336059930948582775e+00,-4.949795318206323680e-01
1.352181986961120685e-01,1.029825323429638617e+00,1.605126537061842829e-01,-3.966383204431281895e-01,-1.336720545106090396e+00,-4.957179135366023837e-01
1.351880831941850158e-01,1.029940504394524892e+00,1.606455825584214292e-01,-3.966032610787011414e-01,-1.336715090013531615e+00,-4.957081259872263557e-01
1.351583885680949226e-01,1.030053705160411504e+00,1.607759141224712196e-01,-3.965665778673099218e-01,-1.336703846097589743e+00,-4.956961669497686462e-01
1.351293036923212620e-01,1.030165848595587130e+00,1.609052501780286193e-01,-3.965272916605796505e-01,-1.336689147129910049e+00,-4.956816636496302886e-01
1.351008576777696646e-01,1.030277392510073886e+00,1.610343211388760021e-01,-3.964852077700573574e-01,-1.336672210970339281e+00,-4.956646663028093092e-01
1.350730125852120933e-01,1.030388570201426823e+00,1.611634468306803736e-01,-3.964404650720723122e-01,-1.336653707616063169e+00,-4.956453923183796739e-01
1.350457062699530753e-01,1.030499505623949208e+00,1.612927555664174784e-01,-3.963933269847260132e-01,-1.336634032493901891e+00,-4.956241095525730223e-01
1.350188716515590970e-01,1.030610268659589490e+00,1.614222879854360360e-01,-3.963440869240227316e-01,-1.336613438776885099e+00,-4.956010850812497259e-01
1.349924449147575645e-01,1.030720901769887066e+00,1.615520460261524738e-01,-3.962930275920733547e-01,-1.336592102170787166e+00,-4.955765645514585982e-01
1.349663685747434227e-01,1.030831432955233273e+00,1.616820158082240833e-01,-3.962404052934087040e-01,-1.336570153239388103e+00,-4.955507655189501093e-01
1.349405922259847290e-01,1.030941882142256905e+00,1.618121781444848695e-01,-3.961864456213202157e-01,-1.336547694037126588e+00,-4.955238769870344284e-01
1.349150722867955010e-01,1.031052264412308572e+00,1.619425132166116277e-01,-3.961313441068575192e-01,-1.336524807082768884e+00,-4.954960614764457594e-01
1.348897713622525252e-01,1.031162591689416486e+00,1.620730025153411524e-01,-3.960752688205694261e-01,-1.336501560520194420e+00,-4.954674579582826199e-01
1.348646575002834802e-01,1.031272873674327961e+00,1.622036295228324321e-01,-3.960183635698228954e-01,-1.336478011334267135e+00,-4.954381849055982112e-01
1.348397034631227953e-01,1.031383118399709531e+00,1.623343798327580301e-01,-3.959607510873069947e-01,-1.336454207527814297e+00,-4.954083431490085565e-01
1.348148860611138311e-01,1.031493332586767009e+00,1.624652410302473982e-01,-3.959025359701619506e-01,-1.336430189703998739e+00,-4.953780184215202387e-01
1.347901855657110126e-01,1.031603521894117748e+00,1.625962024876412559e-01,-3.958438072861273360e-01,-1.336405992287992950e+00,-4.953472835848536371e-01
1.347655852005842370e-01,1.031713691102111641e+00,1.627272551404024825e-01,-3.957846408413929762e-01,-1.336381644504709421e+00,-4.953162005473192853e-01
1.347410707030765042e-01,1.031823844256420708e+00,1.628583912712614212e-01,-3.957251011367666771e-01,-1.336357171179814562e+00,-4.952848219001456109e-01
1.347166299486438623e-01,1.031933984787549496e+00,1.629896043207710310e-01,-3.956652430455075420e-01,-1.336332593414220726e+00,-4.952531923210455322e-01
1.346922526322818225e-01,1.032044115603613976e+00,1.631208887142489850e-01,-3.956051132424400207e-01,-1.336307929142231066e+00,-4.952213497608241033e-01
1.346679299953248421e-01,1.032154239172726751e+00,1.632522397178401141e-01,-3.955447514269729847e-01,-1.336283193610848796e+00,-4.951893264580524701e-01
1.346436545941624985e-01,1.032264357589099291e+00,1.633836533116685696e-01,-3.954841913625449790e-01,-1.336258399781484751e+00,-4.951571497981530068e-01
1.346194201025466275e-01,1.032374472631217177e+00,1.635151260840973231e-01,-3.954234617637830129e-01,-1.336233558674431166e+00,-4.951248430455896243e-01
1.345952211448560587e-01,1.032484585807878386e+00,1.636466551383741197e-01,-3.953625870484183125e-01,-1.336208679656997633e+00,-4.950924259622154211e-01
1.345710531526774778e-01,1.032594698400950861e+00,1.637782380171176055e-01,-3.953015879813550626e-01,-1.336183770693859740e+00,-4.950599153374516392e-01
1.345469122439331422e-01,1.032704811498856401e+00,1.639098726350296797e-01,-3.952404822196121104e-01,-1.336158838555689288e+00,-4.950273254330532779e-01
1.345227951205522077e-01,1.032814926025109381e+00,1.640415572225389917e-01,-3.951792847759479921e-01,-1.336133888997435681e+00,-4.949946683658080215e-01
1.344986989791485399e-01,1.032925042765772572e+00,1.641732902800430716e-01,-3.951180084173178675e-01,-1.336108926913329054e+00,-4.949619544283733741e-01
1.344746214387591288e-01,1.033035162387407224e+00,1.643050705352929741e-01,-3.950566639972107885e-01,-1.336083956462856825e+00,-4.949291923664123072e-01
1.344505604758306772e-01,1.033145285457237161e+00,1.644368969103543743e-01,-3.949952607445702535e-01,-1.336058981182863814e+00,-4.948963896084319636e-01
1.351911180816644520e-01,1.029843010461847008e+00,1.605060257116694145e-01,-3.966830062230418119e-01,-1.336719812997529733e+00,-4.956359868624708453e-01
1.351610090157635002e-01,1.029958191452749361e+00,1.606389569656470895e-01,-3.966479465686693073e-01,-1.336714351328340156e+00,-4.956262060396218749e-01
1.351313207593686783e-01,1.030071392430688348e+00,1.607692911974016037e-01,-3.966112633168155099e-01,-1.336703101112856285e+00,-4.956142533875832479e-01
1.351022422009649226e-01,1.030183536131527022e+00,1.608986300254358348e-01,-3.965719772755419426e-01,-1.336688395871284962e+00,-4.955997563413355178e-01
1.350738024676720328e-01,1.030295080313178069e+00,1.610277038058257615e-01,-3.965298936977950106e-01,-1.336671453377694219e+00,-4.955827652012075313e-01
1.350459636310820666e-01,1.030406258258172336e+00,1.611568323482387710e-01,-3.964851514164879354e-01,-1.336652943612883115e+00,-4.955634974119868530e-01
1.350186635527290124e-01,1.030517193918496055e+00,1.612861439606811664e-01,-3.964380138211798243e-01,-1.336633262008132039e+00,-4.955422208401202289e-01
1.349918351576134268e-01,1.030627957176424525e+00,1.614156792803031204e-01,-3.963887743062792790e-01,-1.336612661745834041e+00,-4.955192025670294154e-01
1.349654146330847848e-01,1.030738590495804408e+00,1.615454402435526349e-01,-3.963377155610715574e-01,-1.336591318541690221e+00,-4.954946882388968077e-01
1.349393444972133982e-01,1.030849121878210095e+00,1.616754129677180074e-01,-3.962850938795256517e-01,-1.336569362967585439e+00,-4.954688954127619560e-01
1.349135743459902725e-01,1.030959571251702345e+00,1.618055782629980455e-01,-3.962311348483791296e-01,-1.336546897084667229e+00,-4.954420130911363351e-01
1.348880605982195613e-01,1.031069953699690567e+00,1.619359163090925147e-01,-3.961760339950792797e-01,-1.336524003418174456e+00,-4.954142037932720566e-01
1.348627658602302715e-01,1.031180281147070277e+00,1.620664085947169653e-01,-3.961199593859749957e-01,-1.336500750116912162e+00,-4.953856064914438084e-01
1.348376581809941077e-01,1.031290563295375717e+00,1.621970386003278863e-01,-3.960630548247519589e-01,-1.336477194169963134e+00,-4.953563396591247892e-01
1.348127103225062740e-01,1.031400808178659645e+00,1.623277919179063888e-01,-3.960054430434483130e-01,-1.336453383583845467e+00,-4.953265041254971135e-01
1.347878990961109691e-01,1.031511022517882958e+00,1.624586561303796028e-01,-3.959472286360394278e-01,-1.336429358963503677e+00,-4.952961856228806359e-01
1.347632047734776684e-01,1.031621211972939767e+00,1.625896206097878216e-01,-3.958885006692828279e-01,-1.336405154737854373e+00,-4.952654570146453605e-01
1.347386105786481658e-01,1.031731381323975238e+00,1.627206762895220815e-01,-3.958293349476439404e-01,-1.336380800132593860e+00,-4.952343802068378542e-01
1.347141022491417650e-01,1.031841534617660150e+00,1.628518154522591854e-01,-3.957697959713533664e-01,-1.336356319976335971e+00,-4.952030077925822504e-01
1.346896676608814458e-01,1.031951675284088044e+00,1.629830315368941407e-01,-3.957099386120594975e-01,-1.336331735370322127e+00,-4.951713844481360205e-01
1.346652965090161524e-01,1.032061806231783008e+00,1.631143189682319194e-01,-3.956498095439235363e-01,-1.336307064250340071e+00,-4.951395481246178565e-01
1.346409800350401309e-01,1.032171929929184051e+00,1.632456730119858646e-01,-3.955894484656932719e-01,-1.336282321864666223e+00,-4.951075310606585789e-01
1.346167107954222564e-01,1.032282048470523073e+00,1.633770896474374679e-01,-3.955288891402622964e-01,-1.336257521175211238e+00,-4.950753606407030105e-01
1.345924824644757212e-01,1.032392163633709226e+00,1.635085654619254092e-01,-3.954681602809372865e-01,-1.336232673202140120e+00,-4.950430601294768529e-01
1.345682896663148165e-01,1.032502276928569218e+00,1.636400975592905427e-01,-3.954072863059034937e-01,-1.336207787314750428e+00,-4.950106492896800825e-01
1.345441278325955614e-01,1.032612389636865080e+00,1.637716834814646472e-01,-3.953462879795938134e-01,-1.336182871477801015e+00,-4.949781449096984920e-01
1.345199930811872002e-01,1.032722502847310375e+00,1.639033211430432624e-01,-3.952851829590382504e-01,-1.336157932462687326e+00,-4.949455612513439795e-01
1.344958821138647065e-01,1.032832617483871340e+00,1.640350087745399421e-01,-3.952239862571351181e-01,-1.336132976025218522e+00,-4.949129104311578708e-01
1.344717921279695305e-01,1.032942734331751655e+00,1.641667448755584346e-01,-3.951627106394016709e-01,-1.336108007059005454e+00,-4.948802027427260386e-01
1.344477207420285980e-01,1.033052854058458037e+00,1.642985281743722936e-01,-3.951013669601187162e-01,-1.336083029724859594e+00,-4.948474469310404911e-01
1.344236659330076689e-01,1.033162977230384971e+00,1.644303575921466920e-01,-3.950399644471883631e-01,-1.336058047558780215e+00,-4.948146504246207500e-01
1.351644973009295259e-01,1.029860400231048079e+00,1.604995108607602528e-01,-3.967269338270321133e-01,-1.336719093471290254e+00,-4.955554424868398034e-01
1.351343945621322762e-01,1.029975581246644900e+00,1.606324444760385828e-01,-3.966918738887545981e-01,-1.336713625336684474e+00,-4.955456682768736854e-01
1.351047125663456805e-01,1.030088782433643102e+00,1.607627813312430543e-01,-3.966551906006708927e-01,-1.336702368929461926e+00,-4.955337219004909421e-01
1.350756402189767502e-01,1.030200926393493921e+00,1.608921228837033590e-01,-3.966159047217582279e-01,-1.336687657518179417e+00,-4.955192310012624390e-01
1.350472066610205746e-01,1.030312470836631578e+00,1.610211994361420429e-01,-3.965738214520361793e-01,-1.336670708797616847e+00,-4.955022459641088006e-01
1.350193739742320265e-01,1.030423649030292932e+00,1.611503307810292773e-01,-3.965290795819961245e-01,-1.336652192730692912e+00,-4.954829842644317694e-01
1.349920800277553123e-01,1.030534584922603525e+00,1.612796452208738462e-01,-3.964819424704896234e-01,-1.336632504751786410e+00,-4.954617137818704276e-01
1.349652577508609896e-01,1.030645348397278172e+00,1.614091833910705209e-01,-3.964327034926156679e-01,-1.336611898053369440e+00,-4.954387016010887157e-01
1.349388433342641191e-01,1.030755981919921682e+00,1.615389472263477622e-01,-3.963816453238320214e-01,-1.336590548360967246e+00,-4.954141933700110800e-01
1.349127792978586371e-01,1.030866513494177017e+00,1.616689228418075608e-01,-3.963290242494009186e-01,-1.336568586254872404e+00,-4.953884066444337875e-01
1.348870152385591437e-01,1.030976963050673323e+00,1.617990910461765408e-01,-3.962750658508786272e-01,-1.336546113804459868e+00,-4.953615304266057451e-01
1.348615075772826299e-01,1.031087345673012301e+00,1.619294320163766621e-01,-3.962199656491361410e-01,-1.336523213539771771e+00,-4.953337272370820221e-01
1.348362189212900797e-01,1.031197673286997185e+00,1.620599272388159318e-01,-3.961638917066031551e-01,-1.336499953614101566e+00,-4.953051360472293108e-01
1.348111173198814905e-01,1.031307955595260450e+00,1.621905601919660100e-01,-3.961069878250522147e-01,-1.336476391020551713e+00,-4.952758753300968153e-01
1.347861755359734959e-01,1.031418200631853077e+00,1.623213164653921625e-01,-3.960493767331494941e-01,-1.336452573767896945e+00,-4.952460459134215842e-01
1.347613703807540864e-01,1.031528415119827624e+00,1.624521836421362053e-01,-3.959911630245413483e-01,-1.336428542466114866e+00,-4.952157335312035169e-01
1.347366821266357817e-01,1.031638604718460694e+00,1.625831510916507239e-01,-3.959324357635361502e-01,-1.336404331544725599e+00,-4.951850110450169429e-01
1.347120939973230069e-01,1.031748774209765074e+00,1.627142097476823868e-01,-3.958732707547730767e-01,-1.336379970233481540e+00,-4.951539403619574786e-01
1.346875917316955051e-01,1.031858927639052403e+00,1.628453518906194664e-01,-3.958137324950422586e-01,-1.336355483360626151e+00,-4.951225740749298776e-01
1.346631632054801908e-01,1.031969068437084802e+00,1.629765709586183386e-01,-3.957538758559708270e-01,-1.336330892029078621e+00,-4.950909568594749621e-01
1.346387981137290302e-01,1.032079199513028067e+00,1.631078613760375551e-01,-3.956937475114030711e-01,-1.336306214176225193e+00,-4.950591266660419598e-01
1.346144876986144212e-01,1.032189323334678388e+00,1.632392184073167829e-01,-3.956333871585080431e-01,-1.336281465050381367e+00,-4.950271157335908168e-01
1.345902245163590472e-01,1.032299441997607259e+00,1.633706380325822827e-01,-3.955728285605487060e-01,-1.336256657616158527e+00,-4.949949514480424528e-01
1.345660022413434354e-01,1.032409557279414303e+00,1.635021168379490464e-01,-3.955121004301820342e-01,-1.336231802893480758e+00,-4.949626570719190544e-01
1.345418154979534930e-01,1.032519670689853397e+00,1.636336519268028755e-01,-3.954512271849684457e-01,-1.336206910252116353e+00,-4.949302523685638611e-01
1.345176597179313371e-01,1.032629783511092691e+00,1.637652408412431371e-01,-3.953902295891013607e-01,-1.336181987657984127e+00,-4.948977541271938896e-01
1.344935310193380029e-01,1.032739896831653459e+00,1.638968814952941611e-01,-3.953291252989280524e-01,-1.336157041882509056e+00,-4.948651766088771331e-01
1.344694261038896221e-01,1.032850011575774163e+00,1.640285721194104374e-01,-3.952679293274377614e-01,-1.336132078682148228e+00,-4.948325319304261449e-01
1.344453421689104089e-01,1.032960128528764621e+00,1.641603112129762787e-01,-3.952066544399612247e-01,-1.336107102950827130e+00,-4.947998303847775392e-01
1.344212768331383978e-01,1.033070248357877974e+00,1.642920975038276166e-01,-3.951453114903235031e-01,-1.336082118849222455e+00,-4.947670807172342422e-01
1.343972280733082836e-01,1.033180371630186167e+00,1.644239299136435462e-01,-3.950839097068257755e-01,-1.336057129914491659e+00,-4.947342903566313566e-01
1.351383284990960998e-01,1.029877497632013528e+00,1.604931070738334631e-01,-3.967701161696208234e-01,-1.336718386144629234e+00,-4.954762568958354096e-01
1.351082319815412602e-01,1.029992678669415573e+00,1.606260430096456970e-01,-3.967350559511621522e-01,-1.336712911652329527e+00,-4.954664891885559030e-01
1.350785561410396685e-01,1.030105880060249834e+00,1.607563824435715716e-01,-3.966983726275258304e-01,-1.336701649157197025e+00,-4.954545489830739502e-01
1.350494898998427507e-01,1.030218024273727995e+00,1.608857266746081260e-01,-3.966590869090168003e-01,-1.336686931680559853e+00,-4.954400641280405360e-01
1.350210624127274606e-01,1.030329568972995880e+00,1.610148059522153452e-01,-3.966170039430825245e-01,-1.336669976838061880e+00,-4.954230850904819405e-01
1.349932357719074993e-01,1.030440747409893110e+00,1.611439400520180698e-01,-3.965722624779858818e-01,-1.336651454575076281e+00,-4.954038293777617286e-01
1.349659478532434231e-01,1.030551683529751017e+00,1.612732572717175683e-01,-3.965251258436373605e-01,-1.336631760330025287e+00,-4.953825648807935744e-01
1.349391315904467648e-01,1.030662447217526090e+00,1.614027982450303433e-01,-3.964758873958951768e-01,-1.336611147305254210e+00,-4.953595586888455693e-01
1.349127231779930214e-01,1.030773080939465292e+00,1.615325649038507894e-01,-3.964248297955946243e-01,-1.336589791234341185e+00,-4.953350564504912512e-01
1.348866651373500647e-01,1.030883612702249819e+00,1.616625433624364339e-01,-3.963722093200601204e-01,-1.336567822707586117e+00,-4.953092757222571918e-01
1.348609070674942900e-01,1.030994062437064596e+00,1.617927144264200978e-01,-3.963182515434439113e-01,-1.336545343800005448e+00,-4.952824055061194608e-01
1.348354053901654193e-01,1.031104445229185096e+00,1.619230582707386346e-01,-3.962631519823211490e-01,-1.336522437047678702e+00,-4.952546083213794081e-01
1.348101227129461788e-01,1.031214773006108754e+00,1.620535563800859502e-01,-3.962070786968135416e-01,-1.336499170609215970e+00,-4.952260231392817125e-01
1.347850270859595467e-01,1.031325055471331575e+00,1.621841922312017847e-01,-3.961501754853596902e-01,-1.336475601481746267e+00,-4.951967684324244390e-01
1.347600912731547751e-01,1.031435300658821275e+00,1.623149514113733927e-01,-3.960925650736347170e-01,-1.336451777676434860e+00,-4.951669450289597485e-01
1.347352920857256831e-01,1.031545515292858095e+00,1.624458215026318708e-01,-3.960343520543325169e-01,-1.336427739806687498e+00,-4.951366386625705718e-01
1.347106097970750538e-01,1.031655705032487047e+00,1.625767918727854255e-01,-3.959756254889198468e-01,-1.336403522303653890e+00,-4.951059221951631950e-01
1.346860276313264493e-01,1.031765874659519744e+00,1.627078534536767485e-01,-3.959164611805497946e-01,-1.336379154398001479e+00,-4.950748575327520440e-01
1.346615313266223135e-01,1.031876028221255348e+00,1.628389985260822459e-01,-3.958569236268713043e-01,-1.336354660921608373e+00,-4.950434972677141832e-01
1.346371087595221172e-01,1.031986169147956378e+00,1.629702205268984960e-01,-3.957970676975908209e-01,-1.336330062978043687e+00,-4.950118860767187545e-01
1.346127496255847544e-01,1.032096300348545714e+00,1.631015138794195962e-01,-3.957369400650019298e-01,-1.336305378505297847e+00,-4.949800619097621812e-01
1.345884451664470793e-01,1.032206424292192670e+00,1.632328738484848107e-01,-3.956765804271458187e-01,-1.336280622754188574e+00,-4.949480570059000550e-01
1.345641879388913553e-01,1.032316543073724002e+00,1.633642964127942077e-01,-3.956160225456892277e-01,-1.336255808688857405e+00,-4.949158987500654194e-01
1.345399716174816018e-01,1.032426658471250480e+00,1.634957781587164094e-01,-3.955552951329479039e-01,-1.336230947330821817e+00,-4.948836104064875951e-01
1.345157908265636193e-01,1.032536771994450264e+00,1.636273161887717431e-01,-3.954944226060650991e-01,-1.336206048049863426e+00,-4.948512117365628238e-01
1.344916409976654459e-01,1.032646884926023745e+00,1.637589080450563839e-01,-3.954334257295606392e-01,-1.336181118812903135e+00,-4.948187195295742913e-01
1.344675182496108956e-01,1.032756998353671740e+00,1.638905516407739016e-01,-3.953723221581458280e-01,-1.336156166390890521e+00,-4.947861480472851015e-01
1.344434192833343089e-01,1.032867113202999620e+00,1.640222452071352366e-01,-3.953111269062508648e-01,-1.336131196542175825e+00,-4.947535094060282468e-01
1.344193412969626744e-01,1.032977230258230072e+00,1.641539872424842561e-01,-3.952498527376612225e-01,-1.336106214159714645e+00,-4.947208138996015969e-01
1.343952819090916961e-01,1.033087350186773445e+00,1.642857764744123927e-01,-3.951885105061710979e-01,-1.336081223404403717e+00,-4.946880702719830825e-01
1.343712390965775272e-01,1.033197473555745427e+00,1.644176118245690432e-01,-3.951271094398296491e-01,-1.336056227813753106e+00,-4.946552859524886436e-01
1.351126038724524692e-01,1.029894307641099571e+00,1.604868124565785037e-01,-3.968125661051921105e-01,-1.336717690856407126e+00,-4.953984069795854817e-01
1.350825134700414376e-01,1.030009488699805686e+00,1.606197506738826219e-01,-3.967775056138370116e-01,-1.336712210114162414e+00,-4.953886456630919310e-01
1.350528436813357158e-01,1.030122690289181575e+00,1.607500926422749110e-01,-3.967408222549202446e-01,-1.336700941632783302e+00,-4.953767115242147523e-01
1.350237834427298056e-01,1.030234834751102779e+00,1.608794395062810856e-01,-3.967015366956120892e-01,-1.336686218192781661e+00,-4.953622326100441398e-01
1.349953619236864688e-01,1.030346379701075454e+00,1.610085214626105765e-01,-3.966594540294052229e-01,-1.336669257331204008e+00,-4.953452594695923472e-01
1.349675412261639729e-01,1.030457558376289384e+00,1.611376582704197036e-01,-3.966147129640720803e-01,-1.336650728976407132e+00,-4.953260096409301538e-01
1.349402592330051498e-01,1.030568494719226402e+00,1.612669782230091164e-01,-3.965675768004973123e-01,-1.336631028571086066e+00,-4.953047510276921694e-01
1.349134488831135181e-01,1.030679258614523253e+00,1.613965219510583859e-01,-3.965183388739046411e-01,-1.336610409325309723e+00,-4.952817507231290217e-01
1.348870463730606484e-01,1.030789892531662533e+00,1.615262913857397620e-01,-3.964672818337609539e-01,-1.336589046983630347e+00,-4.952572543757379764e-01
1.348609942270033446e-01,1.030900424478236710e+00,1.616562726386836235e-01,-3.964146619475041322e-01,-1.336567072143613810e+00,-4.952314795428824912e-01
1.348352420448618305e-01,1.031010874387916498e+00,1.617864465141490293e-01,-3.963607047840287390e-01,-1.336544586888228192e+00,-4.952046152261268541e-01
1.348097462495833343e-01,1.031121257346897746e+00,1.619167931844845143e-01,-3.963056058549425109e-01,-1.336521673758562123e+00,-4.951768239437416286e-01
1.347844694502644824e-01,1.031231585282804009e+00,1.620472941317925297e-01,-3.962495332158589290e-01,-1.336498400916971585e+00,-4.951482446681863547e-01
1.347593796969359659e-01,1.031341867901028442e+00,1.621779328316405033e-01,-3.961926306637224005e-01,-1.336474825365492558e+00,-4.951189958704597660e-01
1.347344497544864239e-01,1.031452113235812540e+00,1.623086948695197373e-01,-3.961350209213354567e-01,-1.336450995118180440e+00,-4.950891783795802747e-01
1.347096564343094327e-01,1.031562328011814245e+00,1.624395678253894304e-01,-3.960768085798183624e-01,-1.336426950790391865e+00,-4.950588779270994610e-01
1.346849800103658290e-01,1.031672517888686302e+00,1.625705410662642014e-01,-3.960180826989301295e-01,-1.336402726816081410e+00,-4.950281673761366963e-01
1.346604037065335102e-01,1.031782687649365426e+00,1.627016055233563574e-01,-3.959589190816460436e-01,-1.336378352428563288e+00,-4.949971086320627545e-01
1.346359132622887145e-01,1.031892841339808520e+00,1.628327534752425088e-01,-3.958993822225279069e-01,-1.336353852459413183e+00,-4.949657542878074801e-01
1.346114965537148211e-01,1.032002982391734935e+00,1.629639783589847124e-01,-3.958395269915694348e-01,-1.336329248014986648e+00,-4.949341490191304094e-01
1.345871432763086628e-01,1.032113113714842267e+00,1.630952745977521101e-01,-3.957794000610161400e-01,-1.336304557035235208e+00,-4.949023307768790625e-01
1.345628446727296368e-01,1.032223237776931812e+00,1.632266374544232845e-01,-3.957190411264172036e-01,-1.336279794769946294e+00,-4.948703317994336826e-01
1.345385932991517708e-01,1.032333356674133285e+00,1.633580629080587654e-01,-3.956584839503723972e-01,-1.336254974185399513e+00,-4.948381794714069026e-01
1.345143828305484790e-01,1.032443472184298550e+00,1.634895475443492729e-01,-3.955977572441211620e-01,-1.336230106303426535e+00,-4.948058970569451653e-01
1.344902078909889775e-01,1.032553585818011266e+00,1.636210884662254172e-01,-3.955368854252612754e-01,-1.336205200495491630e+00,-4.947735043181539782e-01
1.344660639127567281e-01,1.032663698856624457e+00,1.637526832140572264e-01,-3.954758892565325978e-01,-1.336180264727055755e+00,-4.947410180431002780e-01
1.344419470141789141e-01,1.032773812389056634e+00,1.638843297018569012e-01,-3.954147863935966734e-01,-1.336155305771023816e+00,-4.947084524942580441e-01
1.344178538969421355e-01,1.032883927339882213e+00,1.640160261597509717e-01,-3.953535918492533385e-01,-1.336130329384816795e+00,-4.946758197881272467e-01
1.343937817583333860e-01,1.032994044494673469e+00,1.641477710867850215e-01,-3.952923183886412617e-01,-1.336105340463080049e+00,-4.946431302172124012e-01
1.343697282173781371e-01,1.033104164520518564e+00,1.642795632103150882e-01,-3.952309768649105992e-01,-1.336080343166809348e+00,-4.946103925269789148e-01
1.343456912511312717e-01,1.033214287984267621e+00,1.644114014515671574e-01,-3.951695765055552312e-01,-1.336055341033320243e+00,-4.945776141463849029e-01
1.350873158462112533e-01,1.029910835048163387e+00,1.604806251043234544e-01,-3.968542961024039695e-01,-1.336717007365376020e+00,-4.953218701978653327e-01
1.350572314555211206e-01,1.030026016126883048e+00,1.606135655645452853e-01,-3.968192353437744457e-01,-1.336711520478609527e+00,-4.953121151643407605e-01
1.350275676151293236e-01,1.030139217911923977e+00,1.607439100253266751e-01,-3.967825519532515166e-01,-1.336700246113290858e+00,-4.953001869879950503e-01
1.349985132772864305e-01,1.030251362617540245e+00,1.608732594779470615e-01,-3.967432665518085266e-01,-1.336685516810800722e+00,-4.952857139132488817e-01
1.349700976251346496e-01,1.030362907813309192e+00,1.610023440677601780e-01,-3.967011841816165951e-01,-1.336668550031832936e+00,-4.952687465695979618e-01
1.349422827706480421e-01,1.030474086721938853e+00,1.611314835381590371e-01,-3.966564435098890451e-01,-1.336650015688403137e+00,-4.952495025268880413e-01
1.349150066031213346e-01,1.030585023282734047e+00,1.612608061769978951e-01,-3.966093078094460878e-01,-1.336630309226113367e+00,-4.952282496980897064e-01
1.348882020658451752e-01,1.030695787381732398e+00,1.613903526137570044e-01,-3.965600703966468132e-01,-1.336609683865079612e+00,-4.952052551812426429e-01
1.348618053583687248e-01,1.030806421489986358e+00,1.615201247775529259e-01,-3.965090139083070064e-01,-1.336588315358718138e+00,-4.951807646258395423e-01
1.348357590067139622e-01,1.030916953617123211e+00,1.616501087781983537e-01,-3.964563946031728903e-01,-1.336566334312867088e+00,-4.951549955880889531e-01
1.348100126127903253e-01,1.031027403697579947e+00,1.617802854173311655e-01,-3.964024380432268901e-01,-1.336543842816417360e+00,-4.951281370706576701e-01
1.347845226006429975e-01,1.031137786818809410e+00,1.619106348652075977e-01,-3.963473397355000705e-01,-1.336520923415998707e+00,-4.951003515915604059e-01
1.347592515797613189e-01,1.031248114909999236e+00,1.620411386022211075e-01,-3.962912677327741218e-01,-1.336497644278998198e+00,-4.950717781216404378e-01
1.347341676012094036e-01,1.031358397676805927e+00,1.621717801017311389e-01,-3.962343658288589032e-01,-1.336474062410633046e+00,-4.950425351329492130e-01
1.347092434295238950e-01,1.031468643155341924e+00,1.623025449483483929e-01,-3.961767567458794326e-01,-1.336450225829285632e+00,-4.950127234528580167e-01
1.346844558774789036e-01,1.031578858069842841e+00,1.624334207202615954e-01,-3.961185450714638234e-01,-1.336426175152244600e+00,-4.949824288144631934e-01
1.346597852184976407e-01,1.031689048081388727e+00,1.625643967836392090e-01,-3.960598198656448687e-01,-1.336401944816452581e+00,-4.949517240794203410e-01
1.346352146782317516e-01,1.031799217971254956e+00,1.626954640672435837e-01,-3.960006569272289112e-01,-1.336377564054893607e+00,-4.949206711540213854e-01
1.346107299948467728e-01,1.031909371788276353e+00,1.628266148507739597e-01,-3.959411207527576693e-01,-1.336353057703776104e+00,-4.948893226303730519e-01
1.345863190456991487e-01,1.032019512962546903e+00,1.629578425688755772e-01,-3.958812662093881829e-01,-1.336328446868431774e+00,-4.948577231844271673e-01
1.345619715261147653e-01,1.032129644404614854e+00,1.630891416445790776e-01,-3.958211399692733168e-01,-1.336303749490743265e+00,-4.948259107666428958e-01
1.345376786786326440e-01,1.032239768582751127e+00,1.632205073402623885e-01,-3.957607817277472018e-01,-1.336278980821610007e+00,-4.947939176147000961e-01
1.345134330601853723e-01,1.032349887592413085e+00,1.633519356339911410e-01,-3.957002252457511027e-01,-1.336254153827338254e+00,-4.947617711137977659e-01
1.344892283453189286e-01,1.032460003212387400e+00,1.634834231116218395e-01,-3.956394992352020856e-01,-1.336229279531356395e+00,-4.947294945280465983e-01
1.344650591585800359e-01,1.032570116952777672e+00,1.636149668752723829e-01,-3.955786281124879511e-01,-1.336204367305032115e+00,-4.946971076192736017e-01
1.344409209319284426e-01,1.032680230096158835e+00,1.637465644662589315e-01,-3.955176326408647025e-01,-1.336179425116020836e+00,-4.946646271765786085e-01
1.344168097841131060e-01,1.032790343730350724e+00,1.638782137969403419e-01,-3.954565304749805832e-01,-1.336154459735798383e+00,-4.946320674610533707e-01
1.343927224165653300e-01,1.032900458780785069e+00,1.640099130980534614e-01,-3.953953366279543413e-01,-1.336129476923280324e+00,-4.945994405894098556e-01
1.343686560269765073e-01,1.033010576032634020e+00,1.641416608682039480e-01,-3.953340638642158789e-01,-1.336104481573038072e+00,-4.945667568549539928e-01
1.343446082344023074e-01,1.033120696152656892e+00,1.642734558339566941e-01,-3.952727230364957989e-01,-1.336079477845475427e+00,-4.945340250016444505e-01
1.343205770153942380e-01,1.033230819708835346e+00,1.644052969174575052e-01,-3.952113233734474429e-01,-1.336054469279669865e+00,-4.945012524593563885e-01
1.350624568133446113e-01,1.029927084762379597e+00,1.604745432515564119e-01,-3.968953187040439867e-01,-1.336716335616724871e+00,-4.952466241233731692e-01
1.350323783334237970e-01,1.030042265858847728e+00,1.606074859160212809e-01,-3.968602576822096717e-01,-1.336710842687870660e+00,-4.952368752669086271e-01
1.350027203415216093e-01,1.030155467833985261e+00,1.607378328258254052e-01,-3.968235742600100813e-01,-1.336699562536032504e+00,-4.952249529520769689e-01
1.349736718052120532e-01,1.030267612777944874e+00,1.608671848234304591e-01,-3.967842890139145484e-01,-1.336684827469941883e+00,-4.952104856201296479e-01
1.349452619212348770e-01,1.030379158213840629e+00,1.609962720017940607e-01,-3.967422069347568692e-01,-1.336667854872699124e+00,-4.951935239758882279e-01
1.349174528101984016e-01,1.030490337352026442e+00,1.611254140902556586e-01,-3.966974666522751769e-01,-1.336649314642485153e+00,-4.951742856198868559e-01
1.348901823695392854e-01,1.030601274126783817e+00,1.612547393706232346e-01,-3.966503314086595733e-01,-1.336629602226362179e+00,-4.951530384782679151e-01
1.348633835460396890e-01,1.030712038425872112e+00,1.613842884706744307e-01,-3.966010945028725643e-01,-1.336608970853869760e+00,-4.951300496503385773e-01
1.348369925429991623e-01,1.030822672721100286e+00,1.615140633173204887e-01,-3.965500385578560327e-01,-1.336587596286664237e+00,-4.951055647882970923e-01
1.348109518883710556e-01,1.030933205024009203e+00,1.616440500185953866e-01,-3.964974198239402670e-01,-1.336565609138716360e+00,-4.950798014485613963e-01
1.347852111848605039e-01,1.031043655271398185e+00,1.617742293745899063e-01,-3.964434638580606185e-01,-1.336543111506377057e+00,-4.950529486321471606e-01
1.347597268575606300e-01,1.031154038551825636e+00,1.619045815532932087e-01,-3.963883661630897559e-01,-1.336520185941477479e+00,-4.950251688573305553e-01
1.347344615169431270e-01,1.031264366795421994e+00,1.620350880332251386e-01,-3.963322947879240332e-01,-1.336496900615915973e+00,-4.949966010946885708e-01
1.347093832150580706e-01,1.031374649708204139e+00,1.621657322856701611e-01,-3.962753935230945990e-01,-1.336473312538143166e+00,-4.949673638165772993e-01
1.346844647162243058e-01,1.031484895328142581e+00,1.622964998945960191e-01,-3.962177850901158482e-01,-1.336449469731087580e+00,-4.949375578500209150e-01
1.346596828347002006e-01,1.031595110377983904e+00,1.624273784349080096e-01,-3.961595740726482351e-01,-1.336425412811914182e+00,-4.949072689272135395e-01
1.346350178435864742e-01,1.031705300520738611e+00,1.625583572730100179e-01,-3.961008495305985977e-01,-1.336401176221772014e+00,-4.948765699102554150e-01
1.346104529689501061e-01,1.031815470537402524e+00,1.626894273357443466e-01,-3.960416872613618522e-01,-1.336376789194359427e+00,-4.948455227044014637e-01
1.345859739494008334e-01,1.031925624476921266e+00,1.628205809018389849e-01,-3.959821517601964658e-01,-1.336352276567324138e+00,-4.948141799022428566e-01
1.345615686620690588e-01,1.032035765770591418e+00,1.629518114060544143e-01,-3.959222978940251658e-01,-1.336327659448542482e+00,-4.947825861792160551e-01
1.345372268026962803e-01,1.032145897328832440e+00,1.630831132705315156e-01,-3.958621723340678966e-01,-1.336302955780681145e+00,-4.947507794866647934e-01
1.345129396140324896e-01,1.032256021620242326e+00,1.632144817573665529e-01,-3.958018147748355586e-01,-1.336278180815926087e+00,-4.947187920622432289e-01
1.344886996529659762e-01,1.032366140740395233e+00,1.633459128438654595e-01,-3.957412589770851752e-01,-1.336253347521107360e+00,-4.946866512903699831e-01
1.344645005943071736e-01,1.032476256468039200e+00,1.634774031153820029e-01,-3.956805336518448568e-01,-1.336228466920147406e+00,-4.946543804348951801e-01
1.344403370626538752e-01,1.032586370313256730e+00,1.636089496734405291e-01,-3.956196632153358705e-01,-1.336203548384718998e+00,-4.946219992575389690e-01
1.344162044906534736e-01,1.032696483558007250e+00,1.637405500587039431e-01,-3.955586684292896615e-01,-1.336178599882348328e+00,-4.945895245480069202e-01
1.343920989962221757e-01,1.032806597291614947e+00,1.638722021843850574e-01,-3.954975669498566604e-01,-1.336153628186607989e+00,-4.945569705669501936e-01
1.343680172811495266e-01,1.032916712438952000e+00,1.640039042804012914e-01,-3.954363737893601405e-01,-1.336128639055914835e+00,-4.945243494310200827e-01
1.343439565431545912e-01,1.033026829785271827e+00,1.641356548451698150e-01,-3.953751017119203626e-01,-1.336103637385124276e+00,-4.944916714330044316e-01
1.343199144010815138e-01,1.033136949998202603e+00,1.642674526060922402e-01,-3.953137615708568475e-01,-1.336078627336283686e+00,-4.944589453181979510e-01
1.342958888321587330e-01,1.033247073644322445e+00,1.643992964836957782e-01,-3.952523625931299578e-01,-1.336053612446567396e+00,-4.944261785150678712e-01
1.350380194281972368e-01,1.029943061399641202e+00,1.604685649958297600e-01,-3.969356459950864613e-01,-1.336715675304180895e+00,-4.951726467904159490e-01
1.350079467579766157e-01,1.030058242514095168e+00,1.606015098280472453e-01,-3.969005847175904877e-01,-1.336710176436471720e+00,-4.951629040052414332e-01
1.349782945150595770e-01,1.030171444676412529e+00,1.607318591464926283e-01,-3.968639012663832677e-01,-1.336698890597173728e+00,-4.951509874527033617e-01
1.349492516816157839e-01,1.030283589854412263e+00,1.608612136462095332e-01,-3.968246161748287815e-01,-1.336684149865038140e+00,-4.951365257646453966e-01
1.349208474673645464e-01,1.030395135526892991e+00,1.609903033703243280e-01,-3.967825343844497143e-01,-1.336667171549126953e+00,-4.951195697226742354e-01
1.348930440038898781e-01,1.030506314887980057e+00,1.611194480310797206e-01,-3.967377944832694014e-01,-1.336648625529136769e+00,-4.951003369579688451e-01
1.348657791935460593e-01,1.030617251871455364e+00,1.612487759073954474e-01,-3.966906596889396286e-01,-1.336628907258307963e+00,-4.950790954062070925e-01
1.348389859883759589e-01,1.030728016364681032e+00,1.613783276244509790e-01,-3.966414232804341689e-01,-1.336608269973784013e+00,-4.950561121722945046e-01
1.348126005932487326e-01,1.030838650843096005e+00,1.615081051088018693e-01,-3.965903678705629543e-01,-1.336586889448218685e+00,-4.950316329073530253e-01
1.347865655389595962e-01,1.030949183318342177e+00,1.616380944651717166e-01,-3.965377496998593321e-01,-1.336564896301356331e+00,-4.950058751687109737e-01
1.347608304292942927e-01,1.031059633729678460e+00,1.617682764927044492e-01,-3.964837943197777048e-01,-1.336542392637496635e+00,-4.949790279574607932e-01
1.347353516909860216e-01,1.031170017165599084e+00,1.618986313560938639e-01,-3.964286972276060417e-01,-1.336519461012037224e+00,-4.949512537910261134e-01
1.347100919349218384e-01,1.031280345557813893e+00,1.620291405323704137e-01,-3.963726264696393331e-01,-1.336496169601923301e+00,-4.949226916395282894e-01
1.346850192133390023e-01,1.031390628613821692e+00,1.621597874915761128e-01,-3.963157258347132506e-01,-1.336472575420067699e+00,-4.948934599748227581e-01
1.346601062921088943e-01,1.031500874370573806e+00,1.622905578147744166e-01,-3.962581180401516523e-01,-1.336448726490399697e+00,-4.948636596241813845e-01
1.346353299852669494e-01,1.031611089552491922e+00,1.624214390764920080e-01,-3.961999076693901722e-01,-1.336424663434117033e+00,-4.948333763202559799e-01
1.346106705662116210e-01,1.031721279822781723e+00,1.625524206414534767e-01,-3.961411837807348180e-01,-1.336400420693898861e+00,-4.948026829233975188e-01
1.345861112611618504e-01,1.031831449963747538e+00,1.626834934367766827e-01,-3.960820221709352995e-01,-1.336376027506985587e+00,-4.947716413408595471e-01
1.345616378092304721e-01,1.031941604023847381e+00,1.628146497393468672e-01,-3.960224873334694529e-01,-1.336351508711229874e+00,-4.947403041636411758e-01
1.345372380878049334e-01,1.032051745434455770e+00,1.629458829829580624e-01,-3.959626341344764655e-01,-1.336326885415557442e+00,-4.947087160673313555e-01
1.345129017929330706e-01,1.032161877106255510e+00,1.630771875893216316e-01,-3.959025092441291194e-01,-1.336302175563969463e+00,-4.946769150034275309e-01
1.344886201672500503e-01,1.032272001508181436e+00,1.632085588198919635e-01,-3.958421523568583789e-01,-1.336277394409558950e+00,-4.946449332089088435e-01
1.344643857682720767e-01,1.032382120735198638e+00,1.633399926509253863e-01,-3.957815972318766140e-01,-1.336252554919061364e+00,-4.946127980682291092e-01
1.344401922703373498e-01,1.032492236567239097e+00,1.634714856682996653e-01,-3.957208725809704952e-01,-1.336227668118426415e+00,-4.945805328453566907e-01
1.344160342984283552e-01,1.032602350514269851e+00,1.636030349732083555e-01,-3.956600028194338092e-01,-1.336202743379844904e+00,-4.945481573025280464e-01
1.343919072848637486e-01,1.032712463858565632e+00,1.637346381058696621e-01,-3.955990087095075936e-01,-1.336177788671250477e+00,-4.945156882285180466e-01
1.343678073481260338e-01,1.032822577688994325e+00,1.638662929790294376e-01,-3.955379079060941105e-01,-1.336152810766210397e+00,-4.944831398846594173e-01
1.343437311901951869e-01,1.032932692930245366e+00,1.639979978221570711e-01,-3.954767154208465585e-01,-1.336127815423153065e+00,-4.944505243868159705e-01
1.343196760083295027e-01,1.033042810368814957e+00,1.641297511347448446e-01,-3.954154440190975617e-01,-1.336102807539006232e+00,-4.944178520296828583e-01
1.342956394216881510e-01,1.033152930671239700e+00,1.642615516425540156e-01,-3.953541045529295750e-01,-1.336077791274046245e+00,-4.943851315555774506e-01
1.342716194074799196e-01,1.033263054404657266e+00,1.643933982667566684e-01,-3.952927062495903421e-01,-1.336052770166709980e+00,-4.943523703946754999e-01
1.350139965146485710e-01,1.029958769489312420e+00,1.604626885070898623e-01,-3.969752897854785245e-01,-1.336715026164448483e+00,-4.950999167770470111e-01
1.349839295561626740e-01,1.030073950619830647e+00,1.605956354695163291e-01,-3.969402282570150819e-01,-1.336709521456823424e+00,-4.950901799596752473e-01
1.349542829653446463e-01,1.030187152964495922e+00,1.607259871549577279e-01,-3.969035447776599890e-01,-1.336698230024703893e+00,-4.950782690718886769e-01
1.349252457388674664e-01,1.030299298370701555e+00,1.608553441134737139e-01,-3.968642598379355513e-01,-1.336683483720605414e+00,-4.950638129322263437e-01
1.348968470995197677e-01,1.030410844273468074e+00,1.609844363392869959e-01,-3.968221783305029837e-01,-1.336666499780911010e+00,-4.950468623987687722e-01
1.348690491875241815e-01,1.030522023853891245e+00,1.611135835296854113e-01,-3.967774388062125235e-01,-1.336647948070022629e+00,-4.950276351304369049e-01
1.348417899121322205e-01,1.030632961042141860e+00,1.612429139584679594e-01,-3.967303044548821100e-01,-1.336628224043803215e+00,-4.950063990744008047e-01
1.348150022294709316e-01,1.030743725726708915e+00,1.613724682492622131e-01,-3.966810685376921386e-01,-1.336607580948452778e+00,-4.949834213391783311e-01
1.347886223474334122e-01,1.030854360384157120e+00,1.615022483263289232e-01,-3.966300136549182898e-01,-1.336586194564531427e+00,-4.949589475764289426e-01
1.347625927989910544e-01,1.030964893027634277e+00,1.616322402925163271e-01,-3.965773960382302787e-01,-1.336564195519368559e+00,-4.949331953434407683e-01
1.347368631890613067e-01,1.031075343598056637e+00,1.617624249449874374e-01,-3.965234412339448400e-01,-1.336541685923763767e+00,-4.949063536414253228e-01
1.347113899446504282e-01,1.031185727186702650e+00,1.618927824479537148e-01,-3.964683447363357982e-01,-1.336518748340477680e+00,-4.948785849873746367e-01
1.346861356784933017e-01,1.031296055724354899e+00,1.620232942749183225e-01,-3.964122745864787078e-01,-1.336495450948424590e+00,-4.948500283515363529e-01
1.346610684430297467e-01,1.031406338919858667e+00,1.621539438945410194e-01,-3.963553745714436527e-01,-1.336471850764646696e+00,-4.948208022052010269e-01
1.346361610050189894e-01,1.031516584810337811e+00,1.622847168860800660e-01,-3.962977674057209798e-01,-1.336447995815627010e+00,-4.947910073757336158e-01
1.346113901781741951e-01,1.031626800121851373e+00,1.624156008235118631e-01,-3.962395576723950485e-01,-1.336423926726282740e+00,-4.947607295949081330e-01
1.345867362369712328e-01,1.031736990517062358e+00,1.625465850697794534e-01,-3.961808344271186555e-01,-1.336399677940436126e+00,-4.947300417241652370e-01
1.345621824077867512e-01,1.031847160778464945e+00,1.626776605505249884e-01,-3.961216734654719462e-01,-1.336375278696528168e+00,-4.946990056690732107e-01
1.345377144295728800e-01,1.031957314955727512e+00,1.628088195426957985e-01,-3.960621392809677843e-01,-1.336350753835261473e+00,-4.946676740214719370e-01
1.345133201800660372e-01,1.032067456480252554e+00,1.629400554791494149e-01,-3.960022867385195600e-01,-1.336326124466536980e+00,-4.946360914565931521e-01
1.344889893556097116e-01,1.032177588262700896e+00,1.630713627807307553e-01,-3.959421625072853668e-01,-1.336301408535112589e+00,-4.946042959255378957e-01
1.344647131992757483e-01,1.032287712771651877e+00,1.632027367078877633e-01,-3.958818062806395699e-01,-1.336276621294346656e+00,-4.945723196654394083e-01
1.344404842678836587e-01,1.032397832103950863e+00,1.633341732380872435e-01,-3.958212518189882512e-01,-1.336251775714119239e+00,-4.945401900615309931e-01
1.344162962365641478e-01,1.032507948038166479e+00,1.634656689553273812e-01,-3.957605278321967290e-01,-1.336226882818972728e+00,-4.945079303765987921e-01
1.343921437303533251e-01,1.032618062084425414e+00,1.635972209604956151e-01,-3.956996587352640260e-01,-1.336201951981686786e+00,-4.944755603728989701e-01
1.343680221816469789e-01,1.032728175525266412e+00,1.637288267937937192e-01,-3.956386652901319190e-01,-1.336176991171043049e+00,-4.944430968394232240e-01
1.343439277084636785e-01,1.032838289450415781e+00,1.638604843682792411e-01,-3.955775651524304770e-01,-1.336152007161869104e+00,-4.944105540369986840e-01
1.343198570135113179e-01,1.032948404783717633e+00,1.639921919126498817e-01,-3.955163733325174347e-01,-1.336127005712034688e+00,-4.943779440829069172e-01
1.342958072939274827e-01,1.033058522311498084e+00,1.641239479256311196e-01,-3.954551025954977650e-01,-1.336101991718052773e+00,-4.943452772694164610e-01
1.342717761688943245e-01,1.033168642700877715e+00,1.642557511336787957e-01,-3.953937637936457139e-01,-1.336076969341555509e+00,-4.943125623408757274e-01
1.342477616153544273e-01,1.033278766519340364e+00,1.643876004579184480e-01,-3.953323661544577150e-01,-1.336051942121357250e+00,-4.942798067264199680e-01
1.349903808845037967e-01,1.029974213678102712e+00,1.604569121180886571e-01,-3.970142619300938702e-01,-1.336714388146101440e+00,-4.950284128682564955e-01
1.349603195411963330e-01,1.030089394823783699e+00,1.605898611749583815e-01,-3.969792001557531091e-01,-1.336708877697266207e+00,-4.950186819181507936e-01
1.349306785064066372e-01,1.030202597348508942e+00,1.607202151891755637e-01,-3.969425166504583213e-01,-1.336697580768974269e+00,-4.950067765999742186e-01
1.349016467919454398e-01,1.030314742978936327e+00,1.608495745657076703e-01,-3.969032318610219989e-01,-1.336682828987825866e+00,-4.949923259151231547e-01
1.348732536321848030e-01,1.030426289108678839e+00,1.609786692516781137e-01,-3.968611506344194573e-01,-1.336665839520328580e+00,-4.949753807952409490e-01
1.348454611779313361e-01,1.030537468903648168e+00,1.611078189285913009e-01,-3.968164114812161025e-01,-1.336647282213954346e+00,-4.949561589299184550e-01
1.348182073437813322e-01,1.030648406292611785e+00,1.612371518667789771e-01,-3.967692775665372928e-01,-1.336627552529518592e+00,-4.949349282763178537e-01
1.347914250902010613e-01,1.030759171164074672e+00,1.613667086870206879e-01,-3.967200421333070270e-01,-1.336606903720330530e+00,-4.949119559454199235e-01
1.347650506282575544e-01,1.030869805996456723e+00,1.614964913127439061e-01,-3.966689877691868538e-01,-1.336585511576471985e+00,-4.948874875917974592e-01
1.347390264919995084e-01,1.030980338805676411e+00,1.616264858456544218e-01,-3.966163706992344440e-01,-1.336563506733934759e+00,-4.948617407716599526e-01
1.347133022884435538e-01,1.031090789532535190e+00,1.617566730794554042e-01,-3.965624164626148085e-01,-1.336540991307663351e+00,-4.948349044857741630e-01
1.346878344457665688e-01,1.031201173269623572e+00,1.618870331767960358e-01,-3.965073205490362573e-01,-1.336518047866060321e+00,-4.948071412515545053e-01
1.346625855763967927e-01,1.031311501949915499e+00,1.620175476099141032e-01,-3.964512509984965960e-01,-1.336494744593371697e+00,-4.947785900377761892e-01
1.346375237346834342e-01,1.031421785281256609e+00,1.621481998445938322e-01,-3.963943515929319594e-01,-1.336471138508267931e+00,-4.947493693163894646e-01
1.346126216867880865e-01,1.031532031303055597e+00,1.622789754598159273e-01,-3.963367450470591247e-01,-1.336447277642082820e+00,-4.947195799142660166e-01
1.345878562471423123e-01,1.031642246741500735e+00,1.624098620279915695e-01,-3.962785359416574615e-01,-1.336423202621796147e+00,-4.946893075633439496e-01
1.345632076909346886e-01,1.031752437258969479e+00,1.625408489102450060e-01,-3.962198133301992331e-01,-1.336398947892343703e+00,-4.946586251245832511e-01
1.345386592445295959e-01,1.031862607638971863e+00,1.626719270318851274e-01,-3.961606530077263488e-01,-1.336374542694864331e+00,-4.946275945036291977e-01
1.345141966473350492e-01,1.031972761930899152e+00,1.628030886683605738e-01,-3.961011194662872326e-01,-1.336350011870637955e+00,-4.945962682917745545e-01
1.344898077773936385e-01,1.032082903566493126e+00,1.629343272520695218e-01,-3.960412675698808949e-01,-1.336325376531155129e+00,-4.945646911649466126e-01
1.344654823308873981e-01,1.032193035456855590e+00,1.630656372031691892e-01,-3.959811439875217665e-01,-1.336300654622253781e+00,-4.945329010731017161e-01
1.344412115511394445e-01,1.032303160070829895e+00,1.631970137818395394e-01,-3.959207884118736143e-01,-1.336275861398513065e+00,-4.945009302541193974e-01
1.344169879951065683e-01,1.032413279505005166e+00,1.633284529644691840e-01,-3.958602346026598440e-01,-1.336251009829787950e+00,-4.944688060917628025e-01
1.343928053382524579e-01,1.032523395538284650e+00,1.634599513352926192e-01,-3.957995112691430895e-01,-1.336226110942010381e+00,-4.944365518509122315e-01
1.343686582054112733e-01,1.032633509681284201e+00,1.635915059950936445e-01,-3.957386428264173528e-01,-1.336201174108897938e+00,-4.944041872930185488e-01
1.343445420288833514e-01,1.032743623216564544e+00,1.637231144834526420e-01,-3.956776500362720883e-01,-1.336176207299296870e+00,-4.943717292057793755e-01
1.343204529273889780e-01,1.032853737233121683e+00,1.638547747127452048e-01,-3.956165505530665483e-01,-1.336151217287703918e+00,-4.943391918513827532e-01
1.342963876026364856e-01,1.032963852656582526e+00,1.639864849128237212e-01,-3.955553593888674890e-01,-1.336126209834375134e+00,-4.943065873461834903e-01
1.342723432526697624e-01,1.033073970271886521e+00,1.641182435810529250e-01,-3.954940893068681906e-01,-1.336101189834331793e+00,-4.942739259825970066e-01
1.342483174961667802e-01,1.033184090747155226e+00,1.642500494445638115e-01,-3.954327511603460965e-01,-1.336076161450673983e+00,-4.942412165051742190e-01
1.342243083106975654e-01,1.033294214648842413e+00,1.643819014234322307e-01,-3.953713541755163319e-01,-1.336051128221084072e+00,-4.942084663430392211e-01
1.349671656177263424e-01,1.029989398292310732e+00,1.604512339910486030e-01,-3.970525738073856226e-01,-1.336713760900113623e+00,-4.949581142741642514e-01
1.349371097949419451e-01,1.030104579452390645e+00,1.605841851077044191e-01,-3.970175117917222329e-01,-1.336708244807724544e+00,-4.949483890934233132e-01
1.349074742227909518e-01,1.030217782151606087e+00,1.607145414092640556e-01,-3.969808282609178507e-01,-1.336696942473145633e+00,-4.949364892495823343e-01
1.348784479268343162e-01,1.030329928001745943e+00,1.608439031626023308e-01,-3.969415436208443282e-01,-1.336682185306989235e+00,-4.949220439262664861e-01
1.348500601548806577e-01,1.030441474352555620e+00,1.609730002661263482e-01,-3.968994626695072636e-01,-1.336665190403337089e+00,-4.949051041287368946e-01
1.348222730656252200e-01,1.030552654358362297e+00,1.611021523879611339e-01,-3.968547238829219226e-01,-1.336646627596510983e+00,-4.948858875746063868e-01
1.347950245812070125e-01,1.030663591942990509e+00,1.612314877922909617e-01,-3.968075903974189744e-01,-1.336626892348022677e+00,-4.948646622319348709e-01
1.347682476652250216e-01,1.030774356997457453e+00,1.613610470995964774e-01,-3.967583554402618895e-01,-1.336606237921706963e+00,-4.948416952150492265e-01
1.347418785316628342e-01,1.030884992001255940e+00,1.614908322310633637e-01,-3.967073015870259400e-01,-1.336584840115260686e+00,-4.948172321789535699e-01
1.347158597167110727e-01,1.030995524971498822e+00,1.616208292862535978e-01,-3.966546850544059311e-01,-1.336562829571569688e+00,-4.947914906805585544e-01
1.346901408281657164e-01,1.031105975851371648e+00,1.617510190577246543e-01,-3.966007313766054532e-01,-1.336540308412909273e+00,-4.947646597189127582e-01
1.346646782958079991e-01,1.031216359733433618e+00,1.618813817051342752e-01,-3.965456360383416978e-01,-1.336517359211247147e+00,-4.947369018123280449e-01
1.346394347326191621e-01,1.031326688552335558e+00,1.620118986997634847e-01,-3.964895670767167313e-01,-1.336494050156155078e+00,-4.947083559295904487e-01
1.346143781930351224e-01,1.031436972017347298e+00,1.621425535061247758e-01,-3.964326682722362771e-01,-1.336470438270439320e+00,-4.946791405420517540e-01
1.345894814445784127e-01,1.031547218166959157e+00,1.622733317003776932e-01,-3.963750623358003322e-01,-1.336446571586352938e+00,-4.946493564761276218e-01
1.345647213014659338e-01,1.031657433729004758e+00,1.624042208546288835e-01,-3.963168538477890857e-01,-1.336422490734751500e+00,-4.946190894637969016e-01
1.345400780394407081e-01,1.031767624365747871e+00,1.625352103283096428e-01,-3.962581318598886737e-01,-1.336398230161854217e+00,-4.945884123654685771e-01
1.345155348851913291e-01,1.031877794860895481e+00,1.626662910455549393e-01,-3.961989721659383012e-01,-1.336373819110244776e+00,-4.945573870867492339e-01
1.344910775784673440e-01,1.031987949264226767e+00,1.627974552812518627e-01,-3.961394392568501344e-01,-1.336349282422997442e+00,-4.945260662193133316e-01
1.344666939966779329e-01,1.032098091008819107e+00,1.629286964677378879e-01,-3.960795879973662559e-01,-1.336324641213926023e+00,-4.944944944378734109e-01
1.344423738372435284e-01,1.032208223004371872e+00,1.630600090233614574e-01,-3.960194650537208760e-01,-1.336299913428065089e+00,-4.944627096930652721e-01
1.344181083429474566e-01,1.032318347721352669e+00,1.631913882092048407e-01,-3.959591101194551155e-01,-1.336275114322925228e+00,-4.944307442232852567e-01
1.343938900714135576e-01,1.032428467255564142e+00,1.633228300004220812e-01,-3.958985569527085357e-01,-1.336250256867953956e+00,-4.943986254123399759e-01
1.343697126978660450e-01,1.032538583386310549e+00,1.634543309808693390e-01,-3.958378342629143565e-01,-1.336225352089835505e+00,-4.943663765239856289e-01
1.343455708470732979e-01,1.032648697624452661e+00,1.635858882510247136e-01,-3.957769664650532260e-01,-1.336200409362887642e+00,-4.943340173192332099e-01
1.343214599520130559e-01,1.032758811251898390e+00,1.637174993498047848e-01,-3.957159743196287383e-01,-1.336175436655774318e+00,-4.943015645869677233e-01
1.342973761308721703e-01,1.032868925358581658e+00,1.638491621899337836e-01,-3.956548754817392211e-01,-1.336150440744295231e+00,-4.942690325883579150e-01
1.342733160857934593e-01,1.032979040869456355e+00,1.639808750003828308e-01,-3.955936849624447915e-01,-1.336125427388050513e+00,-4.942364334395667469e-01
1.342492770145390091e-01,1.033089158570529964e+00,1.641126362795443938e-01,-3.955324155256468299e-01,-1.336100401483995226e+00,-4.942037774345301449e-01
1.342252565366831851e-01,1.033199279128103942e+00,1.642444447525530371e-01,-3.954710780226462497e-01,-1.336075367192863572e+00,-4.941710733166538860e-01
1.342012526288503538e-01,1.033309403110445723e+00,1.643762993409050299e-01,-3.954096816813993942e-01,-1.336050328054787073e+00,-4.941383285149263394e-01
1.349443437782148758e-01,1.030004327837913181e+00,1.604456525447345294e-01,-3.970902368600768839e-01,-1.336713144410548670e+00,-4.948890005474617659e-01
1.349142933821988466e-01,1.030119509011395706e+00,1.605786056857831379e-01,-3.970551746088829548e-01,-1.336707622769161885e+00,-4.948792810369048167e-01
1.348846631805334650e-01,1.030232711881584384e+00,1.607089642364627480e-01,-3.970184910533056666e-01,-1.336696315119876965e+00,-4.948673865751020418e-01
1.348556422120408549e-01,1.030344857946283499e+00,1.608383283259844365e-01,-3.969792065599295761e-01,-1.336681552658718131e+00,-4.948529465234579594e-01
1.348272597363101011e-01,1.030456404514576541e+00,1.609674278069329889e-01,-3.969371258812217085e-01,-1.336664552411661155e+00,-4.948360119583768424e-01
1.347994779218196215e-01,1.030567584726477470e+00,1.610965823321900692e-01,-3.968923874550784880e-01,-1.336645984196746850e+00,-4.948168006263417018e-01
1.347722346965647688e-01,1.030678522503155170e+00,1.612259201614372472e-01,-3.968452543927319942e-01,-1.336626243478651110e+00,-4.947955805051788003e-01
1.347454630276762322e-01,1.030789287737083448e+00,1.613554819138182383e-01,-3.967960199049938019e-01,-1.336605583530049435e+00,-4.947726187117882923e-01
1.347190991324961618e-01,1.030899922908637967e+00,1.614852695086914092e-01,-3.967449665549331317e-01,-1.336584180156505708e+00,-4.947481609038737460e-01
1.346930855482176836e-01,1.031010456037481982e+00,1.616152690442236306e-01,-3.966923505525369875e-01,-1.336562164008871845e+00,-4.947224246358015720e-01
1.346673718845120549e-01,1.031120907067557990e+00,1.617454613108154915e-01,-3.966383974256774692e-01,-1.336539637215008236e+00,-4.946955989082753025e-01
1.346419145721365340e-01,1.031231291092492786e+00,1.618758264661023794e-01,-3.965833026548579721e-01,-1.336516682351706731e+00,-4.946678462388066633e-01
1.346166762249975668e-01,1.031341620047547591e+00,1.620063459793087690e-01,-3.965272342738175304e-01,-1.336493367612274996e+00,-4.946393055962141627e-01
1.345916248978948349e-01,1.031451903642850887e+00,1.621370033131875055e-01,-3.964703360610016269e-01,-1.336469750022849512e+00,-4.946100954508446668e-01
1.345667333591145376e-01,1.031562149917444993e+00,1.622677840426912654e-01,-3.964127307248513921e-01,-1.336445877618757105e+00,-4.945803166300678511e-01
1.345419784229953675e-01,1.031672365599794361e+00,1.623986757385000590e-01,-3.963545228445874979e-01,-1.336421791033134854e+00,-4.945500548646571959e-01
1.345173403656205191e-01,1.031782556352761837e+00,1.625296677592264483e-01,-3.962958014706036147e-01,-1.336397524714573626e+00,-4.945193830155977244e-01
1.344928024136039513e-01,1.031892726961018081e+00,1.626607510285788538e-01,-3.962366423963309958e-01,-1.336373107908158220e+00,-4.944883629882206311e-01
1.344683503073418052e-01,1.032002881473965017e+00,1.627919178200769867e-01,-3.961771101108533810e-01,-1.336348565457557980e+00,-4.944570473741297656e-01
1.344439719249574394e-01,1.032113023324172207e+00,1.629231615648291942e-01,-3.961172594771968924e-01,-1.336323918477005046e+00,-4.944254808485969432e-01
1.344196569630908000e-01,1.032223155422974381e+00,1.630544766816417190e-01,-3.960571371627459314e-01,-1.336299184914214511e+00,-4.943937013612417775e-01
1.343953966650082987e-01,1.032333280240086193e+00,1.631858584300376613e-01,-3.959967828596173134e-01,-1.336274380026112985e+00,-4.943617411494363179e-01
1.343711835886050587e-01,1.032443399871452394e+00,1.633173027849296188e-01,-3.959362303253329274e-01,-1.336249516783108326e+00,-4.943296275979261467e-01
1.343470114090816736e-01,1.032553516096908819e+00,1.634488063302745042e-01,-3.958755082691137739e-01,-1.336224606213146426e+00,-4.942973839706257255e-01
1.343228747512729970e-01,1.032663630427426371e+00,1.635803661662231234e-01,-3.958146411056843172e-01,-1.336199657691107046e+00,-4.942650300284795462e-01
1.342987690479974516e-01,1.032773744145075279e+00,1.637119798312373087e-01,-3.957536495955918943e-01,-1.336174679185934133e+00,-4.942325825593373856e-01
1.342746904179003553e-01,1.032883858339596062e+00,1.638436452378962682e-01,-3.956925513930221738e-01,-1.336149677473818853e+00,-4.942000558255206788e-01
1.342506355633720783e-01,1.032993973935713905e+00,1.639753606147742460e-01,-3.956313615085610969e-01,-1.336124658314397307e+00,-4.941674619435769134e-01
1.342266016821487273e-01,1.033104091719144302e+00,1.641071244594477507e-01,-3.955700927058114491e-01,-1.336099626604085655e+00,-4.941348112057017961e-01
1.342025863930213780e-01,1.033214212358011919e+00,1.642389354986687477e-01,-3.955087558376581547e-01,-1.336074586506329043e+00,-4.941021123563029693e-01
1.341785876735966665e-01,1.033324336418954825e+00,1.643707926523854668e-01,-3.954473601299860475e-01,-1.336049541559367171e+00,-4.940693728241919991e-01
1.349219085962299058e-01,1.030019006602349574e+00,1.604401660590436540e-01,-3.971272622330062618e-01,-1.336712538435272934e+00,-4.948210514518815994e-01
1.348918635357204132e-01,1.030134187787304700e+00,1.605731211892887089e-01,-3.970921997503471523e-01,-1.336707011336993434e+00,-4.948113375156545923e-01
1.348622386135375217e-01,1.030247390825194564e+00,1.607034819512859480e-01,-3.970555161718941073e-01,-1.336695698462918358e+00,-4.947994483450784409e-01
1.348332228819547618e-01,1.030359537101241507e+00,1.608328483385613183e-01,-3.970162318243601329e-01,-1.336680930797440769e+00,-4.947850134755027440e-01
1.348048456132555639e-01,1.030471083882376071e+00,1.609619501566987854e-01,-3.969741514138391270e-01,-1.336663925296814215e+00,-4.947680840547259984e-01
1.347770689844559611e-01,1.030582264295673678e+00,1.610911070440135540e-01,-3.969294133426838345e-01,-1.336645351763948719e+00,-4.947488778555066413e-01
1.347498309288443219e-01,1.030693202261293573e+00,1.612204472576643510e-01,-3.968822806982738038e-01,-1.336625605669147898e+00,-4.947276628665071008e-01
1.347230644189447435e-01,1.030803967670452792e+00,1.613500114137195740e-01,-3.968330466719205418e-01,-1.336604940291064691e+00,-4.947047062096456282e-01
1.346967056729762302e-01,1.030914603007046626e+00,1.614798014307795293e-01,-3.967819938182898798e-01,-1.336583531444897277e+00,-4.946802535398199807e-01
1.346706972314711814e-01,1.031025136290646405e+00,1.616098034046078991e-01,-3.967293783371739768e-01,-1.336561509787437485e+00,-4.946545224149330733e-01
1.346449887052072747e-01,1.031135587466393222e+00,1.617399981232263695e-01,-3.966754257510970438e-01,-1.336538977451892318e+00,-4.946277018337962850e-01
1.346195365250356102e-01,1.031245971630454283e+00,1.618703657435470178e-01,-3.966203315382333394e-01,-1.336516017021658786e+00,-4.945999543134531051e-01
1.345943033062926564e-01,1.031356300718093921e+00,1.620008877324879970e-01,-3.965642637280357707e-01,-1.336492696693213800e+00,-4.945714188234888731e-01
1.345692571042278740e-01,1.031466584440270395e+00,1.621315475511403981e-01,-3.965073660965746649e-01,-1.336469073495975879e+00,-4.945422138331904693e-01
1.345443706862257671e-01,1.031576830838631276e+00,1.622623307744482934e-01,-3.964497613530917897e-01,-1.336445195470308045e+00,-4.945124401688937299e-01
1.345196208688448081e-01,1.031687046639405470e+00,1.623932249698551433e-01,-3.963915540718001562e-01,-1.336421103248659703e+00,-4.944821835627654094e-01
1.344949879277139992e-01,1.031797237506977494e+00,1.625242194956282860e-01,-3.963328333031075346e-01,-1.336396831282746334e+00,-4.944515168745030609e-01
1.344704550903487728e-01,1.031907408225531730e+00,1.626553052740242200e-01,-3.962736748382155727e-01,-1.336372408818490953e+00,-4.944205020103790149e-01
1.344460080970139859e-01,1.032017562845017444e+00,1.627864745777171662e-01,-3.962141431659682023e-01,-1.336347860701053714e+00,-4.943891915609639476e-01
1.344216348256856985e-01,1.032127704799012502e+00,1.629177208378975172e-01,-3.961542931492822994e-01,-1.336323208046943822e+00,-4.943576302016479684e-01
1.343973249735209430e-01,1.032237836998291414e+00,1.630490384720154895e-01,-3.960941714541039160e-01,-1.336298468803804873e+00,-4.943258558815969428e-01
1.343730697839865817e-01,1.032347961912949197e+00,1.631804227395061424e-01,-3.960338177720025277e-01,-1.336273658229955696e+00,-4.942939008390429545e-01
1.343488618150487091e-01,1.032458081639204606e+00,1.633118696149996329e-01,-3.959732658601345934e-01,-1.336248789296756945e+00,-4.942617924587386913e-01
1.343246947411065317e-01,1.032568197958029899e+00,1.634433756825304784e-01,-3.959125444288742468e-01,-1.336223873033588028e+00,-4.942295540027073497e-01
1.343005631885728357e-01,1.032678312378440655e+00,1.635749380406005815e-01,-3.958516778899163757e-01,-1.336198918813738867e+00,-4.941972052338796662e-01
1.342764625900373099e-01,1.032788426183191888e+00,1.637065542279571295e-01,-3.957906870040165392e-01,-1.336173934607376879e+00,-4.941647629398254749e-01
1.342523890636868056e-01,1.032898540462610093e+00,1.638382221571041963e-01,-3.957295894261000369e-01,-1.336148927191435076e+00,-4.941322413818931003e-01
1.342283393119009238e-01,1.033008656141601422e+00,1.639699400565267917e-01,-3.956684001666094797e-01,-1.336123902326018298e+00,-4.940996526764011021e-01
1.342043105326531649e-01,1.033118774005877816e+00,1.641017064237980660e-01,-3.956071319887239923e-01,-1.336098864907961925e+00,-4.940670071166013977e-01
1.341803003451390031e-01,1.033228894723132507e+00,1.642335199852431593e-01,-3.955457957444336037e-01,-1.336073819100496385e+00,-4.940343134470286390e-01
1.341563067264755216e-01,1.033339018860498948e+00,1.643653796607600359e-01,-3.954844006604757434e-01,-1.336048768442301471e+00,-4.940015790953609098e-01
1.348998535517050013e-01,1.030033438652342204e+00,1.604347727780795763e-01,-3.971636606456475094e-01,-1.336711942613236337e+00,-4.947542473415426079e-01
1.348698137362400740e-01,1.030148619848631153e+00,1.605677298647044393e-01,-3.971285979368375241e-01,-1.336706410151128788e+00,-4.947445388857446003e-01
1.348401940036172697e-01,1.030261823051547676e+00,1.606980928010599829e-01,-3.970919143377640292e-01,-1.336695092140989249e+00,-4.947326549151762065e-01
1.348111834206558723e-01,1.030373969533787459e+00,1.608274614461112362e-01,-3.970526301340090991e-01,-1.336680319357343549e+00,-4.947182251390748742e-01
1.347828112712723403e-01,1.030485516522952505e+00,1.609565655614517143e-01,-3.970105499875081767e-01,-1.336663308690966945e+00,-4.947013007759252234e-01
1.347550397403068367e-01,1.030596697134266160e+00,1.610857247717168705e-01,-3.969658122666136491e-01,-1.336644729930877684e+00,-4.946820996231908185e-01
1.347278067675554136e-01,1.030707635284218382e+00,1.612150673290282388e-01,-3.969186800327312303e-01,-1.336624978549258769e+00,-4.946608896798774246e-01
1.347010453284647191e-01,1.030818400866134521e+00,1.613446338486780596e-01,-3.968694464625013296e-01,-1.336604307834132310e+00,-4.946379380709183260e-01
1.346746916454914789e-01,1.030929036363055662e+00,1.614744262460492685e-01,-3.968183940963509460e-01,-1.336582893606170330e+00,-4.946134904531404031e-01
1.346486882599077506e-01,1.031039569797687738e+00,1.616044306163447186e-01,-3.967657791283348279e-01,-1.336560866530926317e+00,-4.945877643836040227e-01
1.346229847836464266e-01,1.031150021116998383e+00,1.617346277463718451e-01,-3.967118270758940302e-01,-1.336538328748302362e+00,-4.945609488615622662e-01
1.345975376489313147e-01,1.031260405417194992e+00,1.618649977900914472e-01,-3.966567334124205257e-01,-1.336515362844990618e+00,-4.945332064032691433e-01
1.345723094712172885e-01,1.031370734635337127e+00,1.619955222133141193e-01,-3.966006661653124210e-01,-1.336492037022384949e+00,-4.945046759771105638e-01
1.345472683067722719e-01,1.031481018482389489e+00,1.621261844750071790e-01,-3.965437691076683091e-01,-1.336468408312420308e+00,-4.944754760530178372e-01
1.345223869240114722e-01,1.031591264999851321e+00,1.622569701482431126e-01,-3.964861649456948300e-01,-1.336444524757434360e+00,-4.944457074577219280e-01
1.344976421389371679e-01,1.031701480915907521e+00,1.623878668003416459e-01,-3.964279582538147162e-01,-1.336420426993863320e+00,-4.944154559226545675e-01
1.344730142282894725e-01,1.031811671894221405e+00,1.625188637877320874e-01,-3.963692380796852155e-01,-1.336396149474172956e+00,-4.943847943082190777e-01
1.344484864189048889e-01,1.031921842720536553e+00,1.626499520324695414e-01,-3.963100802151556246e-01,-1.336371721447126015e+00,-4.943537845191598445e-01
1.344240444518659539e-01,1.032031997444178950e+00,1.627811238057489673e-01,-3.962505491469608399e-01,-1.336347167758231036e+00,-4.943224791461082734e-01
1.343996762054025795e-01,1.032142139498877453e+00,1.629123725380310361e-01,-3.961906997372102168e-01,-1.336322509525091462e+00,-4.942909228647908715e-01
1.343753713769334779e-01,1.032252271795824905e+00,1.630436926466646286e-01,-3.961305786511359339e-01,-1.336297764696951829e+00,-4.942591536253553852e-01
1.343511212094780360e-01,1.032362396805999838e+00,1.631750793909558794e-01,-3.960702255806974326e-01,-1.336272948533588911e+00,-4.942272036648020506e-01
1.343269182612966128e-01,1.032472516625393411e+00,1.633065287447628966e-01,-3.960096742822581395e-01,-1.336248074006598285e+00,-4.941951003676965382e-01
1.343027562079575910e-01,1.032582633033411579e+00,1.634380372904768175e-01,-3.959489534638583330e-01,-1.336223152144055071e+00,-4.941628669969636567e-01
1.342786296744349073e-01,1.032692747541446465e+00,1.635696021279303691e-01,-3.958880875396089682e-01,-1.336198192322273881e+00,-4.941305233137797681e-01
1.342545340939976517e-01,1.032802861431707520e+00,1.637012207953832121e-01,-3.958270972688933131e-01,-1.336173202511409253e+00,-4.940980861070089492e-01
1.342304655848941819e-01,1.032912975794479937e+00,1.638328912049487052e-01,-3.957660003064046306e-01,-1.336148189488547855e+00,-4.940655696377293515e-01
1.342064208497338040e-01,1.033023091554414963e+00,1.639646115846463137e-01,-3.957048116620091593e-01,-1.336123159013730133e+00,-4.940329860221659430e-01
1.341823970861620030e-01,1.033133209497777205e+00,1.640963804322041197e-01,-3.956435440993551489e-01,-1.336098115984564183e+00,-4.940003455528734211e-01
1.341583919134177183e-01,1.033243330292128892e+00,1.642281964735506361e-01,-3.955822084703181640e-01,-1.336073064564186508e+00,-4.939676569742449397e-01
1.341344033091589616e-01,1.033353454504201574e+00,1.643600586284215959e-01,-3.955208140006271078e-01,-1.336048008291264910e+00,-4.939349277152843554e-01
1.348781720836971232e-01,1.030047628277308336e+00,1.604294712391519107e-01,-3.971994429270138682e-01,-1.336711356970188280e+00,-4.946885689032436417e-01
1.348481374243774011e-01,1.030162809484461039e+00,1.605624302493340594e-01,-3.971643799970068223e-01,-1.336705819234968784e+00,-4.946788658344552503e-01
1.348185227951748943e-01,1.030276012846933043e+00,1.606927953220956273e-01,-3.971276963757886524e-01,-1.336694496173315816e+00,-4.946669869784449114e-01
1.347895172742914760e-01,1.030388159531117731e+00,1.608221661871736818e-01,-3.970884123135475230e-01,-1.336679718358151137e+00,-4.946525622117675658e-01
1.347611501569727088e-01,1.030499706725122921e+00,1.609512725614603013e-01,-3.970463324286416795e-01,-1.336662702613997444e+00,-4.946356428192577037e-01
1.347333836377703487e-01,1.030610887530474029e+00,1.610804340555223313e-01,-3.970015950527665538e-01,-1.336644118714859664e+00,-4.946164466279425742e-01
1.347061556619340850e-01,1.030721825861281804e+00,1.612097789172673434e-01,-3.969544632235608717e-01,-1.336624362136020094e+00,-4.945952416458794243e-01
1.346793992089728442e-01,1.030832591610919113e+00,1.613393477595318481e-01,-3.969052301007528483e-01,-1.336603686172209038e+00,-4.945722950004461382e-01
1.346530505030930358e-01,1.030943227265295192e+00,1.614691424972792555e-01,-3.968541782151695507e-01,-1.336582266653592699e+00,-4.945478523485467570e-01
1.346270520876099719e-01,1.031053760848699152e+00,1.615991492245160699e-01,-3.968015637531738804e-01,-1.336560234253220791e+00,-4.945221312493108812e-01
1.346013535761944324e-01,1.031164212307893679e+00,1.617293487244562400e-01,-3.967476122257519444e-01,-1.336537691114334070e+00,-4.944953206999837536e-01
1.345759114016356339e-01,1.031274596741402538e+00,1.618597211507381839e-01,-3.966925191032111830e-01,-1.336514719830338427e+00,-4.944675832180114305e-01
1.345506881806148025e-01,1.031384926085911591e+00,1.619902479661570471e-01,-3.966364524090017496e-01,-1.336491388604735597e+00,-4.944390577709302237e-01
1.345256519691298558e-01,1.031495210054667044e+00,1.621209126295282688e-01,-3.965795559155185779e-01,-1.336467754474713887e+00,-4.944098628287128538e-01
1.345007755362331581e-01,1.031605456689315581e+00,1.622517007120786725e-01,-3.965219523266896307e-01,-1.336443865484691518e+00,-4.943800992173659758e-01
1.344760356986586525e-01,1.031715672717984811e+00,1.623825997795070586e-01,-3.964637462146532454e-01,-1.336419762272732736e+00,-4.943498526682657546e-01
1.344514127330243281e-01,1.031825863805194032e+00,1.625135991873679353e-01,-3.964050266267075129e-01,-1.336395479293593258e+00,-4.943191960412487984e-01
1.344268898670078205e-01,1.031936034736366414e+00,1.626446898565022947e-01,-3.963458693525245824e-01,-1.336371045797076107e+00,-4.942881912418081169e-01
1.344024528416232489e-01,1.032046189561651506e+00,1.627758640578254035e-01,-3.962863388785821117e-01,-1.336346486630791253e+00,-4.942568908606799760e-01
1.343780895349017124e-01,1.032156331715450515e+00,1.629071152213177331e-01,-3.962264900668072687e-01,-1.336321822913839164e+00,-4.942253395723932297e-01
1.343537896446355961e-01,1.032266464108959836e+00,1.630384377637318638e-01,-3.961663695815070274e-01,-1.336297072596362767e+00,-4.941935753279070309e-01
1.343295444143596529e-01,1.032376589212419482e+00,1.631698269429468218e-01,-3.961060171132250729e-01,-1.336272250937681649e+00,-4.941616303630554374e-01
1.343053464023520049e-01,1.032486709122260704e+00,1.633012787327604853e-01,-3.960454664181917717e-01,-1.336247370910569110e+00,-4.941295320632869137e-01
1.342811892839563259e-01,1.032596825618644187e+00,1.634327897157975551e-01,-3.959847462045995026e-01,-1.336222443544556437e+00,-4.940973036910836225e-01
1.342570676849671740e-01,1.032706940211899127e+00,1.635643569906858052e-01,-3.959238808847547197e-01,-1.336197478215082723e+00,-4.940649650080246591e-01
1.342329770377481968e-01,1.032817054185689809e+00,1.636959780963779809e-01,-3.958628912197972305e-01,-1.336172482894275815e+00,-4.940325328023212892e-01
1.342089134611009760e-01,1.032927168629602876e+00,1.638276509441635165e-01,-3.958017948631156746e-01,-1.336147464358650616e+00,-4.940000213351143366e-01
1.341848736575423640e-01,1.033037284468875106e+00,1.639593737625255343e-01,-3.957406068247087405e-01,-1.336122428369435955e+00,-4.939674427232136900e-01
1.341608548251695121e-01,1.033147402488812761e+00,1.640911450479655698e-01,-3.956793398672123208e-01,-1.336097379823036668e+00,-4.939348072584995863e-01
1.341368545828644510e-01,1.033257523358060537e+00,1.642229635274115862e-01,-3.956180048431775509e-01,-1.336072322884372943e+00,-4.939021236861207975e-01
1.341128709080762205e-01,1.033367647643271159e+00,1.643548281199999628e-01,-3.955566109785496609e-01,-1.336047261091759752e+00,-4.938693994335558446e-01
1.348568577894616871e-01,1.030061579546636574e+00,1.604242598287548560e-01,-3.972346196209921576e-01,-1.336710781292863137e+00,-4.946239969972021089e-01
1.348268281994805806e-01,1.030176760763175325e+00,1.605572207293381459e-01,-3.971995564736143236e-01,-1.336705238372444260e+00,-4.946142992239255243e-01
1.347972185863364480e-01,1.030289964283609416e+00,1.606875879036633314e-01,-3.971628728333563840e-01,-1.336693910346252290e+00,-4.946024253947906013e-01
1.347682180415823716e-01,1.030402111166121015e+00,1.608169609513641629e-01,-3.971235889116240814e-01,-1.336679127584557092e+00,-4.945880055514772500e-01
1.347398558718853057e-01,1.030513658560314294e+00,1.609460695462534008e-01,-3.970815092835958682e-01,-1.336662106847746223e+00,-4.945710910466025179e-01
1.347120942796629084e-01,1.030624839555631223e+00,1.610752332850947377e-01,-3.970367722477364802e-01,-1.336643517895586442e+00,-4.945518997317834842e-01
1.346848712159428030e-01,1.030735778063755381e+00,1.612045804120647574e-01,-3.969896408177074343e-01,-1.336623756206826386e+00,-4.945306996255331988e-01
1.346581196642149258e-01,1.030846543978621632e+00,1.613341515383536207e-01,-3.969404081365763282e-01,-1.336603075083747649e+00,-4.945077578586042910e-01
1.346317758516030749e-01,1.030957179787093114e+00,1.614639485771508232e-01,-3.968893567239245024e-01,-1.336581650363837470e+00,-4.944833200899672598e-01
1.346057823227607697e-01,1.031067713514859818e+00,1.615939576201264327e-01,-3.968367427590419050e-01,-1.336559612726142543e+00,-4.944576038759744274e-01
1.345800886920590356e-01,1.031178165111616307e+00,1.617241594506566849e-01,-3.967827917491294487e-01,-1.336537064322222079e+00,-4.944307982159925619e-01
1.345546513936999866e-01,1.031288549675663635e+00,1.618545342191895775e-01,-3.967276991593786661e-01,-1.336514087748168045e+00,-4.944030656256008238e-01
1.345294330449517128e-01,1.031398879144910907e+00,1.619850633872879919e-01,-3.966716330107876165e-01,-1.336490751211942829e+00,-4.943745450731397706e-01
1.345044017028001748e-01,1.031509163232781301e+00,1.621157304119559828e-01,-3.966147370726256227e-01,-1.336467111753439685e+00,-4.943453550288425813e-01
1.344795301363416740e-01,1.031619409981756386e+00,1.622465208629398914e-01,-3.965571340475703699e-01,-1.336443217419667873e+00,-4.943155963171674827e-01
1.344547951624420479e-01,1.031729626120724497e+00,1.623774223049087029e-01,-3.964989285068145075e-01,-1.336419108851224946e+00,-4.942853546693021238e-01
1.344301770585150380e-01,1.031839817313991992e+00,1.625084240920411649e-01,-3.964402094954472267e-01,-1.336394820504162695e+00,-4.942547029454536500e-01
1.344056590523559636e-01,1.031949988347532488e+00,1.626395171444584009e-01,-3.963810528023740676e-01,-1.336370381630143100e+00,-4.942237030509393225e-01
1.343812268844556956e-01,1.032060143273224373e+00,1.627706937336599879e-01,-3.963215229147036278e-01,-1.336345817080049736e+00,-4.941924075768671654e-01
1.343568684342838493e-01,1.032170285523404729e+00,1.629019472869392138e-01,-3.962616746910550547e-01,-1.336321147971176293e+00,-4.941608611972341802e-01
1.343325733990095583e-01,1.032280418010646628e+00,1.630332722213668761e-01,-3.962015547966093454e-01,-1.336296392255979848e+00,-4.941291018623868436e-01
1.343083330227902994e-01,1.032390543204576128e+00,1.631646637937556599e-01,-3.961412029205785279e-01,-1.336271565193720479e+00,-4.940971618088568218e-01
1.342841398634508077e-01,1.032500663202800206e+00,1.632961179783957162e-01,-3.960806528196693654e-01,-1.336246679759181655e+00,-4.940650684213305777e-01
1.342599875972044221e-01,1.032610779784387534e+00,1.634276313566440375e-01,-3.960199332002625194e-01,-1.336221746981058223e+00,-4.940328449631867236e-01
1.342358708485963115e-01,1.032720894461874650e+00,1.635592010284857289e-01,-3.959590684770312730e-01,-1.336196776237843942e+00,-4.940005111953365557e-01
1.342117850510591015e-01,1.032831008517343774e+00,1.636908245312491683e-01,-3.958980794087150756e-01,-1.336171775500024861e+00,-4.939680839057952744e-01
1.341877263237968576e-01,1.032941123040133746e+00,1.638224997759502866e-01,-3.958369836478861647e-01,-1.336146751544324385e+00,-4.939355773564831908e-01
1.341636913687658805e-01,1.033051238956172346e+00,1.639542249911074001e-01,-3.957757962054601619e-01,-1.336121710132709417e+00,-4.939030036631580356e-01
1.341396773841176393e-01,1.033161357051225471e+00,1.640859986737432108e-01,-3.957145298440895020e-01,-1.336096656162745200e+00,-4.938703731190131063e-01
1.341156819888525142e-01,1.033271477993435328e+00,1.642178195498837090e-01,-3.956531954157725961e-01,-1.336071593798549006e+00,-4.938376944676569069e-01
1.340917031605679266e-01,1.033381602349563000e+00,1.643496865388159311e-01,-3.955918021461715672e-01,-1.336046526578930305e+00,-4.938049751373168594e-01
1.348359043361853915e-01,1.030075296542586116e+00,1.604191370371407521e-01,-3.972692011667466883e-01,-1.336710215479406383e+00,-4.945605128138975681e-01
1.348058797304501899e-01,1.030190477767348511e+00,1.605520997962754381e-01,-3.972341378056836736e-01,-1.336704667461113161e+00,-4.945508202485821014e-01
1.347762750488985528e-01,1.030303681441557151e+00,1.606824690355647123e-01,-3.971974541469134312e-01,-1.336693334552554902e+00,-4.945389513603080656e-01
1.347472793960546589e-01,1.030415828518697285e+00,1.608118442292078010e-01,-3.971581703644285199e-01,-1.336678546927937861e+00,-4.945245363571975084e-01
1.347189220908319440e-01,1.030527376108316684e+00,1.609409550064918593e-01,-3.971160909888881707e-01,-1.336661521281582221e+00,-4.945076266574019996e-01
1.346911653427358690e-01,1.030638557289251134e+00,1.610701209518088928e-01,-3.970713542873906543e-01,-1.336642927360945921e+00,-4.944884401369952220e-01
1.346853933216063115e-01,1.030642360096860166e+00,1.610695450155389397e-01,-3.970888435695231200e-01,-1.336640361794590337e+00,-4.945021523907744965e-01
1.346592822527197530e-01,1.030754696056476849e+00,1.612022422181735026e-01,-3.970364088146497994e-01,-1.336623429313751110e+00,-4.944773719745268470e-01
1.346332397888558019e-01,1.030866067736863068e+00,1.613335473950293641e-01,-3.969837952687565452e-01,-1.336603797181911135e+00,-4.944520384158757054e-01
1.346073852847007035e-01,1.030976939874941989e+00,1.614642930319159508e-01,-3.969304044168346368e-01,-1.336582621195262277e+00,-4.944258776939579603e-01
1.345817527395745672e-01,1.031087540574896710e+00,1.615948634757596314e-01,-3.968760538260623361e-01,-1.336560491948494134e+00,-4.943988442479892442e-01
1.345563388955739181e-01,1.031197984127836254e+00,1.617254312831187257e-01,-3.968207440702407607e-01,-1.336537724653780179e+00,-4.943709885840454343e-01
1.345311256549727441e-01,1.031308329726882134e+00,1.618560696481523842e-01,-3.967645498926848369e-01,-1.336514498215467528e+00,-4.943423960982837873e-01
1.345060903277941200e-01,1.031418609589714874e+00,1.619868057679093865e-01,-3.967075702737696830e-01,-1.336490922287041805e+00,-4.943131595608413198e-01
1.344812101466604792e-01,1.031528842469511265e+00,1.621176460753360749e-01,-3.966499062839250467e-01,-1.336467069871501323e+00,-4.942833674023273671e-01
1.344564640996148142e-01,1.031639040191236312e+00,1.622485880960341520e-01,-3.965916519442191368e-01,-1.336442993408911706e+00,-4.942530993185436095e-01
1.344318335378140716e-01,1.031749210838008191e+00,1.623796259440954404e-01,-3.965328910638072912e-01,-1.336418732896526018e+00,-4.942224251787372125e-01
1.344073022342523183e-01,1.031859360340820153e+00,1.625107528203916796e-01,-3.964736967600068773e-01,-1.336394320159797422e+00,-4.941914053665912299e-01
1.343828562168254970e-01,1.031969493292202333e+00,1.626419620951744527e-01,-3.964141320990947071e-01,-1.336369781222007891e+00,-4.941600916633390739e-01
1.343584835254421073e-01,1.032079613378246830e+00,1.627732477301222225e-01,-3.963542511378310707e-01,-1.336345137714515463e+00,-4.941285282856283656e-01
1.343341739546229652e-01,1.032189723626867117e+00,1.629046044038356122e-01,-3.962941000517193335e-01,-1.336320407794077791e+00,-4.940967529020435789e-01
1.343099188107260422e-01,1.032299826561989819e+00,1.630360275076794818e-01,-3.962337182100362787e-01,-1.336295606788872936e+00,-4.940647975629628430e-01
1.342857106968670944e-01,1.032409924302134074e+00,1.631675130844403576e-01,-3.961731391392226409e-01,-1.336270747676799653e+00,-4.940326895180094935e-01
1.342615433223251220e-01,1.032520018635154857e+00,1.632990577543911026e-01,-3.961123913737713553e-01,-1.336245841466784601e+00,-4.940004519263236360e-01
1.342374113385448597e-01,1.032630111074544610e+00,1.634306586396976069e-01,-3.960514991913223759e-01,-1.336220897507407912e+00,-4.939681044662834197e-01
1.342133102001530631e-01,1.032740202901665016e+00,1.635623132924878542e-01,-3.959904832408071007e-01,-1.336195923739447844e+00,-4.939356638572657832e-01
1.341892360437841047e-01,1.032850295204662983e+00,1.636940196349724042e-01,-3.959293610846083555e-01,-1.336170926913071488e+00,-4.939031443053096271e-01
1.341651855862199816e-01,1.032960388906803750e+00,1.638257759027580418e-01,-3.958681476578475023e-01,-1.336145912764837851e+00,-4.938705578772785709e-01
1.341411560376870038e-01,1.033070484792221189e+00,1.639575805992922186e-01,-3.958068556602594157e-01,-1.336120886171527911e+00,-4.938379148248835948e-01
1.341171450277742760e-01,1.033180583526995600e+00,1.640894324555289274e-01,-3.957454958906485576e-01,-1.336095851279023305e+00,-4.938052238585302622e-01
1.340931505431933179e-01,1.033290685675884113e+00,1.642213303947093472e-01,-3.956840775292078116e-01,-1.336070811610414522e+00,-4.937724923772189300e-01
1.340691708730778753e-01,1.033400791719125245e+00,1.643532735043628235e-01,-3.956226083820335027e-01,-1.336045770160937618e+00,-4.937397266658744566e-01
1.340452045637490486e-01,1.033510902066056891e+00,1.644852610130749238e-01,-3.955610950866406128e-01,-1.336020729479010960e+00,-4.937069320658866722e-01
1.340212503807607092e-01,1.033621017063692804e+00,1.646172922666658267e-01,-3.954995432850769155e-01,-1.335995691729757739e+00,-4.936741131136121452e-01
1.339973072754910011e-01,1.033731137007446677e+00,1.647493667119702410e-01,-3.954379577741739538e-01,-1.335970658754498830e+00,-4.936412736632134202e-01
1.339733743575459990e-01,1.033841262148361251e+00,1.648814838810915839e-01,-3.953763426313465223e-01,-1.335945632118570314e+00,-4.936084169887487993e-01
1.339494508713464926e-01,1.033951392699285599e+00,1.650136433781756173e-01,-3.953147013218009098e-01,-1.335920613152164149e+00,-4.935755458721772793e-01
1.339255361745136652e-01,1.034061528842852962e+00,1.651458448702713133e-01,-3.952530367927398758e-01,-1.335895602988171893e+00,-4.935426626764708447e-01
1.339016297219240148e-01,1.034171670734301163e+00,1.652780880764572191e-01,-3.951913515489753892e-01,-1.335870602589739109e+00,-4.935097694090619380e-01
1.338777310511346796e-01,1.034281818505280226e+00,1.654103727595075957e-01,-3.951296477189565892e-01,-1.335845612775119928e+00,-4.934768677741511178e-01
1.338538397698379456e-01,1.034391972268277060e+00,1.655426987205149414e-01,-3.950679271117319424e-01,-1.335820634240988847e+00,-4.934439592208410552e-01
1.338299555450699063e-01,1.034502132119304196e+00,1.656750657924527526e-01,-3.950061912650019713e-01,-1.335795667579930956e+00,-4.934110449789751440e-01
1.338060780943353678e-01,1.034612298140763942e+00,1.658074738360159062e-01,-3.949444414858625518e-01,-1.335770713296888346e+00,-4.933781260935615198e-01
1.337822071787912459e-01,1.034722470402031025e+00,1.659399227341010474e-01,-3.948826788839103763e-01,-1.335745771820396000e+00,-4.933452034525794283e-01
1.337583425954719518e-01,1.034832648963214252e+00,1.660724123897456272e-01,-3.948209044031421588e-01,-1.335720843516072565e+00,-4.933122778092564609e-01
1.337344841722724331e-01,1.034942833876419499e+00,1.662049427233217858e-01,-3.947591188460118916e-01,-1.335695928696202017e+00,-4.932793498036644464e-01
1.337106317639062403e-01,1.035053025185759257e+00,1.663375136688219624e-01,-3.946973228936259126e-01,-1.335671027626233576e+00,-4.932464199795404958e-01
1.336867852478223484e-01,1.035163222928499049e+00,1.664701251716308728e-01,-3.946355171238963289e-01,-1.335646140531566717e+00,-4.932134887981962645e-01
1.336629445200809563e-01,1.035273427137321844e+00,1.666027771878444141e-01,-3.945737020284968422e-01,-1.335621267605108020e+00,-4.931805566511846539e-01
1.336391094925472589e-01,1.035383637841184035e+00,1.667354696829128902e-01,-3.945118780258579649e-01,-1.335596409012517194e+00,-4.931476238709857629e-01
1.336152800916059202e-01,1.035493855063813307e+00,1.668682026283497544e-01,-3.944500454698329772e-01,-1.335571564893545116e+00,-4.931146907392158774e-01
1.335914562547978190e-01,1.035604078827156327e+00,1.670009760035041368e-01,-3.943882046619544557e-01,-1.335546735369717908e+00,-4.930817574962478300e-01
1.335676379294628291e-01,1.035714309149923018e+00,1.671337897920854021e-01,-3.943263558584584327e-01,-1.335521920544063157e+00,-4.930488243442954222e-01
1.335438250720621667e-01,1.035824546047759753e+00,1.672666439820018336e-01,-3.942644992755552913e-01,-1.335497120504268498e+00,-4.930158914555892169e-01
1.335200176458825605e-01,1.035934789535005729e+00,1.673995385656068535e-01,-3.942026350974083271e-01,-1.335472335326429505e+00,-4.929829589765555298e-01
1.334962156199581418e-01,1.036045039624537534e+00,1.675324735383865449e-01,-3.941407634807780891e-01,-1.335447565075920329e+00,-4.929500270301268583e-01
1.334724189688802631e-01,1.036155296327457398e+00,1.676654488985277192e-01,-3.940788845580741051e-01,-1.335422809808917144e+00,-4.929170957213010462e-01
1.334486276718404585e-01,1.036265559653377633e+00,1.677984646463598906e-01,-3.940169984410724635e-01,-1.335398069573586977e+00,-4.928841651390093448e-01
1.334248417111448537e-01,1.036375829611788424e+00,1.679315207848433855e-01,-3.939551052256443087e-01,-1.335373344412585261e+00,-4.928512353579397876e-01
1.334010610725865631e-01,1.036486106210647629e+00,1.680646173179755898e-01,-3.938932049924138146e-01,-1.335348634362082842e+00,-4.928183064409155101e-01
1.333772857449116445e-01,1.036596389457045353e+00,1.681977542513268808e-01,-3.938312978092952110e-01,-1.335323939453676889e+00,-4.927853784419441441e-01
1.333535157187112075e-01,1.036706679358169625e+00,1.683309315922442428e-01,-3.937693837344840020e-01,-1.335299259715774900e+00,-4.927524514064742789e-01
1.333297509867975295e-01,1.036816975919878647e+00,1.684641493482049723e-01,-3.937074628165166401e-01,-1.335274595172154077e+00,-4.927195253713352319e-01
1.333059915435026443e-01,1.036927279148063485e+00,1.685974075281699291e-01,-3.936455350968316447e-01,-1.335249945844516173e+00,-4.926866003687360718e-01
1.332822373846773711e-01,1.037037589048231068e+00,1.687307061419758836e-01,-3.935836006101201545e-01,-1.335225311752230137e+00,-4.926536764259994983e-01
1.332584885072930492e-01,1.037147905625311006e+00,1.688640451996286651e-01,-3.935216593857676082e-01,-1.335200692912036802e+00,-4.926207535651410119e-01
1.332347449092775582e-01,1.037258228884243128e+00,1.689974247120226425e-01,-3.934597114484586489e-01,-1.335176089339335403e+00,-4.925878318044920046e-01
1.332110065898081674e-01,1.037368558829149245e+00,1.691308446901028384e-01,-3.933977568183288365e-01,-1.335151501047385114e+00,-4.925549111601447705e-01
1.331872735484586900e-01,1.037478895464536865e+00,1.692643051456912684e-01,-3.933357955127146366e-01,-1.335126928048901096e+00,-4.925219916449443680e-01
1.331635457850923743e-01,1.037589238795055158e+00,1.693978060910206751e-01,-3.932738275468241063e-01,-1.335102370355714774e+00,-4.924890732691261097e-01
1.331398233004025267e-01,1.037699588824785080e+00,1.695313475382987656e-01,-3.932118529326841805e-01,-1.335077827978226495e+00,-4.924561560408090566e-01
1.331161060958795661e-01,1.037809945557326863e+00,1.696649294998689161e-01,-3.931498716797536264e-01,-1.335053300925847841e+00,-4.924232399675100291e-01
1.330923941732386484e-01,1.037920308996604923e+00,1.697985519887498518e-01,-3.930878837960796734e-01,-1.335028789207955313e+00,-4.923903250558259725e-01
1.330686875341361708e-01,1.038030679146374036e+00,1.699322150175033852e-01,-3.930258892886851485e-01,-1.335004292832650430e+00,-4.923574113085937287e-01
1.330449861810474865e-01,1.038141056010013719e+00,1.700659185990755773e-01,-3.929638881625327484e-01,-1.334979811807710082e+00,-4.923244987299097986e-01
1.330212901160185701e-01,1.038251439591676872e+00,1.701996627469962164e-01,-3.929018804226609429e-01,-1.334955346141270649e+00,-4.922915873218013938e-01
1.329975993421145530e-01,1.038361829894272947e+00,1.703334474740887394e-01,-3.928398660717222213e-01,-1.334930895839854026e+00,-4.922586770865893246e-01
1.329739138617353211e-01,1.038472226922045660e+00,1.704672727943595811e-01,-3.927778451131016535e-01,-1.334906460911295722e+00,-4.922257680253180889e-01
1.329502336779078975e-01,1.038582630678144492e+00,1.706011387208621610e-01,-3.927158175486148428e-01,-1.334882041361738381e+00,-4.921928601381675428e-01
1.329265587940187399e-01,1.038693041165452469e+00,1.707350452666446528e-01,-3.926537833790280652e-01,-1.334857637196947833e+00,-4.921599534252558694e-01
1.329028892128848449e-01,1.038803458388211309e+00,1.708689924461457010e-01,-3.925917426061191762e-01,-1.334833248424408758e+00,-4.921270478871263565e-01
1.328792249379387447e-01,1.038913882349692619e+00,1.710029802730224091e-01,-3.925296952300944553e-01,-1.334808875050221832e+00,-4.920941435236614869e-01
1.328555659721538662e-01,1.039024313053474868e+00,1.711370087608040380e-01,-3.924676412516934776e-01,-1.334784517080277677e+00,-4.920612403325077544e-01
1.328319123192494011e-01,1.039134750502638038e+00,1.712710779231847724e-01,-3.924055806703267701e-01,-1.334760174520355669e+00,-4.920283383136331290e-01
1.328082639827101452e-01,1.039245194700460839e+00,1.714051877738453356e-01,-3.923435134855711159e-01,-1.334735847376138373e+00,-4.919954374656734242e-01
1.327846209661820709e-01,1.039355645650124726e+00,1.715393383265167992e-01,-3.922814396966603501e-01,-1.334711535653238412e+00,-4.919625377875536665e-01
1.327609832729055583e-01,1.039466103355387805e+00,1.716735295952885043e-01,-3.922193593033156400e-01,-1.334687239357727817e+00,-4.919296392769808568e-01
1.327373509064830315e-01,1.039576567819490593e+00,1.718077615939201663e-01,-3.921572723047853093e-01,-1.334662958495105078e+00,-4.918967419328272306e-01
1.327137238704637345e-01,1.039687039045951611e+00,1.719420343364978787e-01,-3.920951787000112043e-01,-1.334638693071202642e+00,-4.918638457528993757e-01
1.326901021687079407e-01,1.039797517037683638e+00,1.720763478365646693e-01,-3.920330784874460073e-01,-1.334614443091016289e+00,-4.918309507354844401e-01
1.326664858048862694e-01,1.039908001798007131e+00,1.722107021080649669e-01,-3.919709716658890120e-01,-1.334590208560089364e+00,-4.917980568787663764e-01
1.326428747827221311e-01,1.040018493330248983e+00,1.723450971650108687e-01,-3.919088582339800286e-01,-1.334565989483969428e+00,-4.917651641810393826e-01
1.326192691054736139e-01,1.040128991638324507e+00,1.724795330217378242e-01,-3.918467381911686642e-01,-1.334541785868703645e+00,-4.917322726398089539e-01
1.325956687770348530e-01,1.040239496725387180e+00,1.726140096921954525e-01,-3.917846115356624082e-01,-1.334517597719643067e+00,-4.916993822532779168e-01
1.325720738015210565e-01,1.040350008594117970e+00,1.727485271898654695e-01,-3.917224782651400616e-01,-1.334493425041432424e+00,-4.916664930192995997e-01
1.325484841820165627e-01,1.040460527248757483e+00,1.728830855293871649e-01,-3.916603383794485804e-01,-1.334469267840499462e+00,-4.916336049354381177e-01
1.325248999227244817e-01,1.040571052691796616e+00,1.730176847240511018e-01,-3.915981918760062519e-01,-1.334445126121152958e+00,-4.916007179991761511e-01
1.325013210272498465e-01,1.040681584927094949e+00,1.731523247885463357e-01,-3.915360387535992692e-01,-1.334420999889673443e+00,-4.915678322091797114e-01
1.324777474996104987e-01,1.040792123957274384e+00,1.732870057361399763e-01,-3.914738790099916987e-01,-1.334396889150355259e+00,-4.915349475624413156e-01
1.324541793433627324e-01,1.040902669785956469e+00,1.734217275810943648e-01,-3.914117126439996541e-01,-1.334372793908920052e+00,-4.915020640565997967e-01
1.324306165618185926e-01,1.041013222417374484e+00,1.735564903383099711e-01,-3.913495396549274141e-01,-1.334348714171938566e+00,-4.914691816898338894e-01
1.324070591593959068e-01,1.041123781853625863e+00,1.736912940207384348e-01,-3.912873600396631346e-01,-1.334324649943138041e+00,-4.914363004591053574e-01
1.323835071396760321e-01,1.041234348098452722e+00,1.738261386428669453e-01,-3.912251737970547372e-01,-1.334300601228467276e+00,-4.914034203627621888e-01
1.323599605065425566e-01,1.041344921155037850e+00,1.739610242186733768e-01,-3.911629809250963263e-01,-1.334276568033102794e+00,-4.913705413981465098e-01
1.323364192636411474e-01,1.041455501027107156e+00,1.740959507627009295e-01,-3.911007814224961021e-01,-1.334252550363012935e+00,-4.913376635637803913e-01
1.323128834147759836e-01,1.041566087717646472e+00,1.742309182885214969e-01,-3.910385752873467013e-01,-1.334228548222852417e+00,-4.913047868560510567e-01
1.322893529633085985e-01,1.041676681230997881e+00,1.743659268112807970e-01,-3.909763625188713010e-01,-1.334204561619418028e+00,-4.912719112734519333e-01
1.322658279134441284e-01,1.041787281569634516e+00,1.745009763442601780e-01,-3.909141431144191881e-01,-1.334180590556849122e+00,-4.912390368129918583e-01
1.322423082691372709e-01,1.041897888736500244e+00,1.746360669011766398e-01,-3.908519170719702562e-01,-1.334156635039920991e+00,-4.912061634721656689e-01
1.322187940342137991e-01,1.042008502735296105e+00,1.747711984967631471e-01,-3.907896843897861738e-01,-1.334132695074737196e+00,-4.911732912495917480e-01
1.321952852121942856e-01,1.042119123569537509e+00,1.749063711450693781e-01,-3.907274450665785825e-01,-1.334108770666584620e+00,-4.911404201419283244e-01
1.321717818069317041e-01,1.042229751242391478e+00,1.750415848600292978e-01,-3.906651991004629898e-01,-1.334084861820499013e+00,-4.911075501464770565e-01
1.321482838223848044e-01,1.042340385757209775e+00,1.751768396560180741e-01,-3.906029464895532932e-01,-1.334060968542082115e+00,-4.910746812619339319e-01
1.321247912622241782e-01,1.042451027117438755e+00,1.753121355471657650e-01,-3.905406872321973699e-01,-1.334037090836638351e+00,-4.910418134850565441e-01
1.321013041305081070e-01,1.042561675325918147e+00,1.754474725471692476e-01,-3.904784213261919268e-01,-1.334013228708833987e+00,-4.910089468134374857e-01
1.320778224306895510e-01,1.042672330386821056e+00,1.755828506710376269e-01,-3.904161487705104516e-01,-1.333989382165165383e+00,-4.909760812451041123e-01
1.320543461667415819e-01,1.042782992302871303e+00,1.757182699321724606e-01,-3.903538695629880650e-01,-1.333965551209907785e+00,-4.909432167766392130e-01
1.320308753426113202e-01,1.042893661077698431e+00,1.758537303453686640e-01,-3.902915837017114642e-01,-1.333941735849143884e+00,-4.909103534070209940e-01
1.320074099620351382e-01,1.043004336714565605e+00,1.759892319245683068e-01,-3.902292911849504220e-01,-1.333917936087876344e+00,-4.908774911329563673e-01
1.319839500288678413e-01,1.043115019216896089e+00,1.761247746841440864e-01,-3.901669920110350520e-01,-1.333894151931667160e+00,-4.908446299527555179e-01
1.319604955467737484e-01,1.043225708588249034e+00,1.762603586384012821e-01,-3.901046861782993536e-01,-1.333870383385968417e+00,-4.908117698631856429e-01
1.319370465197832465e-01,1.043336404831656905e+00,1.763959838013286208e-01,-3.900423736846934664e-01,-1.333846630455790994e+00,-4.907789108622096497e-01
1.319136029515471931e-01,1.043447107950650876e+00,1.765316501871901367e-01,-3.899800545287175346e-01,-1.333822893146540567e+00,-4.907460529468967714e-01
1.336329224855833941e-01,1.042494286909398715e+00,1.778446369331109223e-01,-3.875422070016470433e-01,-1.337456741909873514e+00,-4.831404970610141403e-01
