1.536324967003022834e+01,3.179533289440135491e+01,5.741492130817348993e+01,3.971629430979613934e-02,2.398410170240183048e-01,-9.699994342880732257e-01
1.571372059677681143e+01,3.088717216321629522e+01,5.717934032414882495e+01,3.865376779037655447e-02,2.407667962915308602e-01,-9.698129902404484248e-01
1.607236261599140548e+01,2.997030203017432726e+01,5.698921390762249928e+01,3.789052596656195676e-02,2.411107427417134019e-01,-9.697576593028365277e-01
1.643980271589722264e+01,2.905233682130082329e+01,5.681738854555489837e+01,3.741378134906956504e-02,2.409214598981229138e-01,-9.698232102428365753e-01
1.681647716372399870e+01,2.813797805508615113e+01,5.664678805268210482e+01,3.719904015143439546e-02,2.402655761125128964e-01,-9.699941671717073888e-01
1.720266265217971480e+01,2.722983098287188497e+01,5.646778210335536130e+01,3.721408086843864399e-02,2.392192136799417279e-01,-9.702521734020840283e-01
1.759850700006655089e+01,2.632904385571699990e+01,5.627607325689002238e+01,3.774067335656493966e-02,2.377095296803526658e-01,-9.706028132422338528e-01
1.800405816762698308e+01,2.543580052824604820e+01,5.607102390314239670e+01,3.858093076377793612e-02,2.353828535609677197e-01,-9.711366659903726273e-01
1.841929072253977395e+01,2.454969280977338997e+01,5.585435358875793099e+01,3.942464566951470878e-02,2.330916151446858764e-01,-9.716552867468353227e-01
1.884412920435191907e+01,2.366999521747307966e+01,5.562914547454927572e+01,4.024785300954201311e-02,2.308707503473993727e-01,-9.721516378436808603e-01
1.927846809023161967e+01,2.279586144219340582e+01,5.539910825723243448e+01,4.103227342301069003e-02,2.287449790049403964e-01,-9.726212454587699341e-01
1.972218826959372606e+01,2.192645887266209215e+01,5.516804680061130739e+01,4.176507853771006112e-02,2.267298752509407933e-01,-9.730617872897032727e-01
2.017517009534770978e+01,2.106105490758746512e+01,5.493950099837108070e+01,4.243848354741784623e-02,2.248331033025345316e-01,-9.734726759254967998e-01
2.063730320084025749e+01,2.019906648819036832e+01,5.471651806870995927e+01,4.304921434045954481e-02,2.230557321154656159e-01,-9.738546634457849738e-01
2.110849335922756609e+01,1.934008227804707047e+01,5.450152859547613104e+01,4.359788999742429672e-02,2.213935599662966436e-01,-9.742094823975090412e-01
2.158866672085821392e+01,1.848386517623703895e+01,5.429630121613698179e+01,4.408835602740846654e-02,2.198383949020754069e-01,-9.745395307475627211e-01
2.207777179874757678e+01,1.763034134854169821e+01,5.410195494803875960e+01,4.443512552041627151e-02,2.180120826047056426e-01,-9.749339728711601261e-01
2.257577958648145255e+01,1.677958067612521376e+01,5.391901177457206273e+01,4.439035301782555398e-02,2.163631307902988132e-01,-9.753032821607712233e-01
2.308268219064093074e+01,1.593177242946173244e+01,5.374747531482086060e+01,4.420782875670689616e-02,2.153787854655982159e-01,-9.755294186481417995e-01
2.359849034447836758e+01,1.508719905638599457e+01,5.358692420596363348e+01,4.420114924707854720e-02,2.140216372791499677e-01,-9.758283646121327370e-01
2.412323014413576061e+01,1.424621020756742240e+01,5.343661126811225870e+01,4.441045873497889013e-02,2.122094464483301191e-01,-9.762145573556265665e-01
2.465693931588788956e+01,1.340919849235335093e+01,5.329556162641484462e+01,4.486601464181570742e-02,2.099195718860728255e-01,-9.766886986493332756e-01
2.519966328509435272e+01,1.257657794606297941e+01,5.316266476405496633e+01,4.497654683987589025e-02,2.085114562455551435e-01,-9.769852009363899636e-01
2.575145127683096291e+01,1.174876578103279812e+01,5.303675700007376292e+01,4.532227572075974570e-02,2.066324042780142145e-01,-9.773683751921682372e-01
2.631235263631824850e+01,1.092616767389665711e+01,5.291669215437982388e+01,4.592522056771017325e-02,2.042635998608597903e-01,-9.778380519736843413e-01
2.688241351577241645e+01,1.010916659785868177e+01,5.280139920433828848e+01,4.677602953799829544e-02,2.014576149561717877e-01,-9.783796974778408151e-01
2.746167403440648513e+01,9.298115029417896693e+00,5.268992657714063910e+01,4.784504833295239595e-02,1.983075859881286429e-01,-9.789713748060147047e-01
2.805016598099832237e+01,8.493330233612709890e+00,5.258147338265823834e+01,4.909114314040286670e-02,1.949245036373833950e-01,-9.795889431526308977e-01
2.864791109448051287e+01,7.695092250962474623e+00,5.247540839428673110e+01,5.046841865593799936e-02,1.914213256733676705e-01,-9.802095769761788313e-01
2.925491992795120666e+01,6.903644164521420379e+00,5.237127795067190306e+01,5.193108067081436685e-02,1.879025538120350225e-01,-9.808138422408589907e-01
2.987119127572167088e+01,6.119194209453130640e+00,5.226880419811867284e+01,5.343675750462435065e-02,1.844579839741314342e-01,-9.813866542273697036e-01
3.049671212170307300e+01,5.341919293825945658e+00,5.216787523953135519e+01,5.516749030541422821e-02,1.809691560841494851e-01,-9.819402795280335328e-01
3.113145805064008442e+01,4.571969522342772763e+00,5.206852881718162962e+01,5.686166051001050742e-02,1.776957204805825197e-01,-9.824413379367396004e-01
3.177539405133852313e+01,3.809473349667694464e+00,5.197093114840284045e+01,5.849002210035555288e-02,1.746766381475505781e-01,-9.828870684876108710e-01
3.242847563291587676e+01,3.054543032859044160e+00,5.187535246909165920e+01,6.003069004877711889e-02,1.719334847292792734e-01,-9.832777802234291542e-01
3.309065017093882943e+01,2.307280099806121143e+00,5.178214073200891221e+01,6.146870977065482800e-02,1.694727611050310945e-01,-9.836160739651259588e-01
3.376185839974103686e+01,1.567780599739240444e+00,5.169169476639926586e+01,6.257322105318909033e-02,1.673974619781216644e-01,-9.839017642683196563e-01
3.444203596981827786e+01,8.361399506581221885e-01,5.160443804226286346e+01,6.336156579055107763e-02,1.660782902279818729e-01,-9.840748515715255218e-01
3.513111499451856901e+01,1.124572451922851712e-01,5.152079400537542142e+01,6.412930892189254439e-02,1.648665264270522401e-01,-9.842288657629781889e-01
3.582902551779848466e+01,-6.031610802881957056e-01,5.144116376543082225e+01,6.488373278677331268e-02,1.637406359766059860e-01,-9.843673630051086310e-01
3.653569684410900464e+01,-1.310598269446387576e+00,5.136590673591583567e+01,6.562984535399424280e-02,1.626829050232199703e-01,-9.844932685458122057e-01
3.725105868201515591e+01,-2.009724984537847092e+00,5.129532464593059871e+01,6.636997529008131780e-02,1.616799488035044197e-01,-9.846088667764932856e-01
3.797504206446519959e+01,-2.700397752523535644e+00,5.122964917564068088e+01,6.710356608563004810e-02,1.607228803493963021e-01,-9.847158306591730081e-01
3.870758002025841904e+01,-3.382458087539298219e+00,5.116903331185800852e+01,6.782715469822159227e-02,1.598071914963242468e-01,-9.848152814774965291e-01
3.944860798279610492e+01,-4.055732239586305354e+00,5.111354638114405446e+01,6.853451471165253328e-02,1.589324014093679849e-01,-9.849078698413825661e-01
4.019806393326665273e+01,-4.720031505157884055e+00,5.106317259674419518e+01,6.921693976883956656e-02,1.581015284198198367e-01,-9.849938689963271266e-01
4.095588828568315165e+01,-5.375153025740814883e+00,5.101781285370002905e+01,6.986363996985806013e-02,1.573204393802230538e-01,-9.850732719769507151e-01
4.172202353038600364e+01,-6.020880994326617497e+00,5.097728942439913169e+01,7.046222210309537048e-02,1.565971273480319947e-01,-9.851458851168380937e-01
4.249641366052911451e+01,-6.656988187705195514e+00,5.094135314441535911e+01,7.099922408474106106e-02,1.559409634888200002e-01,-9.852114118733821257e-01
4.327900341251852012e+01,-7.283237742895273925e+00,5.090969263540459622e+01,7.146067479737712447e-02,1.553619630081569114e-01,-9.852695227234807840e-01
4.406973735626255717e+01,-7.899385099083765738e+00,5.088194508717819531e+01,7.186401400719004406e-02,1.548305424149342135e-01,-9.853238384542778450e-01
4.486855887438374424e+01,-8.505180031346313285e+00,5.085770811332977104e+01,7.218883736302764143e-02,1.543666192828880013e-01,-9.853728830302497244e-01
4.567540907121828297e+01,-9.100368708871172885e+00,5.083655220287241150e+01,7.242556850978436322e-02,1.539773777736216098e-01,-9.854164115540160473e-01
4.649022565256697703e+01,-9.684695717782652480e+00,5.081803331188025652e+01,7.256450924952087544e-02,1.536703269229124924e-01,-9.854541199978724686e-01
4.731294181584232916e+01,-1.025790599672080816e+01,5.080170517270373409e+01,7.259624398176936499e-02,1.534527219868940529e-01,-9.854856911566765021e-01
4.814348518762359674e+01,-1.081974664180575729e+01,5.078713094149559026e+01,7.251201677132548817e-02,1.533310590510856830e-01,-9.855108288365113101e-01
4.898177684186491376e+01,-1.136996854590250905e+01,5.077389385573791714e+01,7.230406731530794606e-02,1.533106557130751169e-01,-9.855292815002963946e-01
4.982773042728270951e+01,-1.190832784548344137e+01,5.076160662987567207e+01,7.196591520647063756e-02,1.533953252113928467e-01,-9.855408572209405360e-01
5.068125142700713326e+01,-1.243458715618145050e+01,5.074991937720005097e+01,7.149258494655168217e-02,1.535871465909182942e-01,-9.855454320830266957e-01
5.154223656764199291e+01,-1.294851658550167883e+01,5.073852590754867720e+01,7.088076704174119114e-02,1.538863293983871727e-01,-9.855429541566746998e-01
5.241057338867359761e+01,-1.344989451802284464e+01,5.072716831183326036e+01,7.012891328232613575e-02,1.542911679477455833e-01,-9.855334448993400276e-01
5.328613997692158222e+01,-1.393850817454472235e+01,5.071563980351713496e+01,6.901884561851366617e-02,1.549899187944788481e-01,-9.855021684509723823e-01
5.416880486467977107e+01,-1.441415395207391015e+01,5.070378584317951010e+01,6.778328582765037746e-02,1.557686493576895814e-01,-9.854651460298776700e-01
5.505842708450754941e+01,-1.487663755650257258e+01,5.069150362353403949e+01,6.643199504396034294e-02,1.566163748572191317e-01,-9.854228032479572796e-01
5.595485636855920575e+01,-1.532577394380380298e+01,5.067874003722823772e+01,6.497577068239669684e-02,1.575216302356497733e-01,-9.853756061685979839e-01
5.685793347595418368e+01,-1.576138708924015930e+01,5.066548828893462542e+01,6.342609534630702650e-02,1.584727817057541011e-01,-9.853240623711376767e-01
5.776749062816409008e+01,-1.618330960682079933e+01,5.065178334429592155e+01,6.179478514712480330e-02,1.594583164447874735e-01,-9.852687196116675095e-01
5.868335202984047783e+01,-1.659138224370330050e+01,5.063769643191960768e+01,6.015905106785553180e-02,1.604168404664753633e-01,-9.852143552899380596e-01
5.960533445088598370e+01,-1.698545327569467389e+01,5.062332883095534442e+01,5.842645853643586157e-02,1.614147357885446221e-01,-9.851556384720154824e-01
6.053324784504940226e+01,-1.736537783153924153e+01,5.060880518433543074e+01,5.660663605670751553e-02,1.624407265874531769e-01,-9.850932438607442609e-01
6.146689598068945060e+01,-1.773101717375332242e+01,5.059426657824889162e+01,5.470936084387888199e-02,1.634837457938211613e-01,-9.850278933600182807e-01
6.240607706077208405e+01,-1.808223796444143971e+01,5.057986362262325031e+01,5.274432711607074387e-02,1.645331554633902571e-01,-9.849603427094578700e-01
6.335058431134854828e+01,-1.841891154354533455e+01,5.056574975242483561e+01,5.072093587916660928e-02,1.655789359395596905e-01,-9.848913659062427106e-01
6.430020652071725351e+01,-1.874091324623338295e+01,5.055207495257610617e+01,4.864811181878716390e-02,1.666118408554237151e-01,-9.848217380334542970e-01
6.525472851506350480e+01,-1.904812178443843607e+01,5.053898008363018590e+01,4.653415140220418938e-02,1.676235166095953744e-01,-9.847522172773766069e-01
6.621393156028644000e+01,-1.934041871553831982e+01,5.052659195769800249e+01,4.438660485061911992e-02,1.686065863648495144e-01,-9.846835269995266593e-01
6.717759368405474163e+01,-1.961768801854595523e+01,5.051501928317468071e+01,4.221219315856881288e-02,1.695546998230184621e-01,-9.846163387414763601e-01
6.814548991644080900e+01,-1.987981579461933279e+01,5.050434956281723231e+01,4.001675993482681215e-02,1.704625509629844604e-01,-9.845512569914836032e-01
6.911739245171474977e+01,-2.012669010580404461e+01,5.049464699601728057e+01,3.780525652509303391e-02,1.713258667767059429e-01,-9.844888064128928251e-01
7.009307073785645059e+01,-2.035820096099988774e+01,5.048595140076661636e+01,3.558175773753255444e-02,1.721413705007527051e-01,-9.844294220910050353e-01
7.107229150393436612e+01,-2.057424045400165369e+01,5.047827813867762359e+01,3.334950454154207711e-02,1.729067231921754544e-01,-9.843734431717355848e-01
7.205481873838760976e+01,-2.077470305446042431e+01,5.047161899279713992e+01,3.111096925413343872e-02,1.736204477391722900e-01,-9.843211100646565015e-01
7.304041363359218053e+01,-2.095948604517295166e+01,5.046594392161325970e+01,2.886793820152394954e-02,1.742818392280792716e-01,-9.842725652273718318e-01
7.402883451354097133e+01,-2.112849009826327773e+01,5.046120358445543275e+01,2.662160662201948705e-02,1.748908655932226441e-01,-9.842278573546451303e-01
7.501983676210451790e+01,-2.128161997331267230e+01,5.045733251343390435e+01,2.437268032473511800e-02,1.754480620780165256e-01,-9.841869486875228779e-01
7.601317276915239063e+01,-2.141878531896824711e+01,5.045425279057430146e+01,2.212147899826042222e-02,1.759544228113586184e-01,-9.841497250215798243e-01
7.700859191076445143e+01,-2.153990155445976740e+01,5.045187807485041276e+01,1.986803634834520896e-02,1.764112923089010132e-01,-9.841160079368510560e-01
7.800584057777938085e+01,-2.164489080309691360e+01,5.045011781834512021e+01,1.761219280957910388e-02,1.768202593608267370e-01,-9.840855687103678973e-01
7.900466226450998874e+01,-2.173368284760305613e+01,5.044888150926083625e+01,1.535367750400622525e-02,1.771830553605394099e-01,-9.840581433432716851e-01
8.000479772627228670e+01,-2.180621607496749448e+01,5.044808277940861529e+01,1.309217684237050372e-02,1.775014587166754421e-01,-9.840334481403466560e-01
8.100598521035969668e+01,-2.186243837793717404e+01,5.044764322859798256e+01,1.082738815423018100e-02,1.777772067350670837e-01,-9.840111952773884507e-01
8.200796076203589280e+01,-2.190230797807440410e+01,5.044749582260870824e+01,8.559057740242601714e-03,1.780119161017293949e-01,-9.839911078136783784e-01
8.301045860212833816e+01,-2.192579414163918727e+01,5.044758774639144150e+01,6.287003772646341214e-03,1.782070128494276651e-01,-9.839729336495220968e-01
8.401321156957835967e+01,-2.193287775653212179e+01,5.044788260896449827e+01,4.011125099681052408e-03,1.783636725129983669e-01,-9.839564579813023792e-01
8.501595161865273553e+01,-2.192355174547030572e+01,5.044836192363015215e+01,1.731398058414067081e-03,1.784827713729071619e-01,-9.839415138024261154e-01
8.601841035693567505e+01,-2.189782129702576441e+01,5.044902580947415061e+01,-5.521359486757455295e-04,1.785648492091640449e-01,-9.839279901358649605e-01
8.702031960834897006e+01,-2.185570389743586617e+01,5.044989289498106189e+01,-2.839389217209144223e-03,1.786100843473034105e-01,-9.839158376803994743e-01
8.802141198314512849e+01,-2.179722915909693626e+01,5.045099941807146138e+01,-5.130248910427039760e-03,1.786182815474366969e-01,-9.839050716624839765e-01
8.902142143668734775e+01,-2.172243844332827223e+01,5.045239756503796258e+01,-7.424597595118868909e-03,1.785888734636088271e-01,-9.838957717286671567e-01
9.002008379828944840e+01,-2.163138428863082652e+01,5.045415309927692249e+01,-9.722329321035984295e-03,1.785209359619270575e-01,-9.838880788666213295e-01
9.101713725322767345e+01,-2.152412965873489981e+01,5.045634236901486247e+01,-1.202335793599843342e-02,1.784132180363325604e-01,-9.838821893366415106e-01
9.201232276245082176e+01,-2.140074703665914768e+01,5.045904879965100776e+01,-1.432761533307827170e-02,1.782641862544251665e-01,-9.838783458019161321e-01
9.300538440867698853e+01,-2.126131739506656970e+01,5.046235899802052671e+01,-1.663503702947898358e-02,1.780720840813168615e-01,-9.838768258343948414e-01
9.399606965971705108e+01,-2.110592908078660201e+01,5.046635861722273830e+01,-1.894553398244062589e-02,1.778350054683824066e-01,-9.838779281863073711e-01
9.498412954605072400e+01,-2.093467665698983637e+01,5.047112813286966571e+01,-2.125895031703051510e-02,1.775509821452559978e-01,-9.838819572340338215e-01
9.596931875378643895e+01,-2.074765974887854014e+01,5.047673869507745081e+01,-2.357500680543099525e-02,1.772180833433112113e-01,-9.838892061559812996e-01
9.695139563823110507e+01,-2.054498193907835457e+01,5.048324822780595866e+01,-2.589323198491379902e-02,1.768345262610080681e-01,-9.838999394549327038e-01
9.793012217000956809e+01,-2.032674975854425270e+01,5.049069793453936938e+01,-2.821288332979551838e-02,1.763987944704530908e-01,-9.839143756057181500e-01
9.890526382932640104e+01,-2.009307182390266178e+01,5.049910936043466592e+01,-3.053286071759870463e-02,1.759097619985649785e-01,-9.839326704861507400e-01
9.987658946684308603e+01,-1.984405814920142319e+01,5.050848216823546721e+01,-3.285161689472101271e-02,1.753668188751888735e-01,-9.839549024752095585e-01
1.008438711552245763e+02,-1.957981967431134507e+01,5.051879272734186088e+01,-3.516706901880609082e-02,1.747699941665320778e-01,-9.839810599781160239e-01
1.018068840539731070e+02,-1.930046802720310239e+01,5.052999364517894776e+01,-3.747651610824551810e-02,1.741200721556239728e-01,-9.840110320585379045e-01
1.027654063136577065e+02,-1.900611553936527542e+01,5.054201427940968472e+01,-3.977656758005764653e-02,1.734186961904757573e-01,-9.840446028931537636e-01
1.037192190436887529e+02,-1.869687550818454014e+01,5.055476230980317354e+01,-4.206308766408222571e-02,1.726684558257484126e-01,-9.840814503987539430e-01
1.046681063633524218e+02,-1.837286270432971946e+01,5.056812633437139937e+01,-4.433116111344223564e-02,1.718729516568711368e-01,-9.841211493729259407e-01
1.056118555561124168e+02,-1.803419409708933330e+01,5.058197950741167404e+01,-4.657508411236010309e-02,1.710368333919695394e-01,-9.841631791340164082e-01
1.065502573380128837e+02,-1.768098976750504647e+01,5.059618410023768575e+01,-4.878838406235011527e-02,1.701658068388565703e-01,-9.842069354375966306e-01
1.074831062462188811e+02,-1.731337396156555286e+01,5.061059693538113180e+01,-5.096387185955102844e-02,1.692666062627871393e-01,-9.842517461347791707e-01
1.084102011462193360e+02,-1.693147623444201599e+01,5.062507549310646482e+01,-5.309372746532292631e-02,1.683469293151650392e-01,-9.842968899138068162e-01
1.093313458488567989e+02,-1.653543262416084758e+01,5.063948458109789641e+01,-5.516961957655798499e-02,1.674153337743531367e-01,-9.843416170684848865e-01
1.102463498167676477e+02,-1.612538679629732741e+01,5.065370329490245638e+01,-5.718285837769927771e-02,1.664810953959901807e-01,-9.843851713549464089e-01
1.111550289386339045e+02,-1.570149108377552238e+01,5.066763208995170231e+01,-5.912457933303567198e-02,1.655540284928956607e-01,-9.844268117887001734e-01
1.120572063344279741e+02,-1.526390738008517189e+01,5.068119966786627373e+01,-6.098595231321148058e-02,1.646442729428591323e-01,-9.844658333368243586e-01
1.129527131537141003e+02,-1.481280781543428304e+01,5.069436945394372174e+01,-6.275841104355571465e-02,1.637620521668737283e-01,-9.845015856327414827e-01
1.138413893269426040e+02,-1.434837516901072973e+01,5.070714536424593888e+01,-6.443389487825282314e-02,1.629174088270888276e-01,-9.845334890657023719e-01
1.147230842207109731e+02,-1.387080299314509091e+01,5.071957658159798399e+01,-6.600509333492722563e-02,1.621199271789331708e-01,-9.845610478103147267e-01
1.155976571540781492e+02,-1.338029540873748857e+01,5.073176114328528996e+01,-6.746568359092738887e-02,1.613784518028399118e-01,-9.845838597251771462e-01
1.164649777339252239e+02,-1.287706658487297773e+01,5.074384803696901969e+01,-6.881054798120440907e-02,1.607008150897293042e-01,-9.846016232548182590e-01
1.173249259770501567e+02,-1.236133989268802225e+01,5.075603766114346627e+01,-7.003596229150156616e-02,1.600935860991587745e-01,-9.846141415172822153e-01
1.181773921821217357e+02,-1.183334676291602960e+01,5.076858046265888191e+01,-7.113974109766731113e-02,1.595618542691828734e-01,-9.846213241133552341e-01
1.190222765468563040e+02,-1.129332527944428222e+01,5.078177368335315123e+01,-7.212133146594054689e-02,1.591090615178116230e-01,-9.846231868539868648e-01
1.198594885192951267e+02,-1.074151857591458281e+01,5.079595614957212746e+01,-7.298184527495256424e-02,1.587368968188800356e-01,-9.846198494081739305e-01
1.206889458888971376e+02,-1.017817304766004582e+01,5.081150113323556639e+01,-7.372402319378384972e-02,1.584452650248492078e-01,-9.846115307040274045e-01
1.215105736606844147e+02,-9.603536496942368217e+00,5.082880744856204558e+01,-7.435212799195702049e-02,1.582323412861133816e-01,-9.845985411497331086e-01
1.223243027320341128e+02,-9.017856229825397918e+00,5.084828890964676873e+01,-7.487176328496535083e-02,1.580947183105825271e-01,-9.845812709496852833e-01
1.231300684343138130e+02,-8.421377199646876477e+00,5.087036243237783140e+01,-7.528962375021018560e-02,1.580276523806204148e-01,-9.845601726855609526e-01
1.239278090116052766e+02,-7.814340232575155198e+00,5.089543520104131602e+01,-7.561317898229694134e-02,1.580254089292285891e-01,-9.845357369323579633e-01
1.247174640990529610e+02,-7.196980397013753361e+00,5.092389121393137685e+01,-7.585030521157060113e-02,1.580817047545148568e-01,-9.845084589891638371e-01
1.254989732909549929e+02,-6.569525554675990975e+00,5.095607779129088755e+01,-7.600887474109629949e-02,1.581902369680904530e-01,-9.844787960583871733e-01
1.262722748685204266e+02,-5.932195119560304875e+00,5.099229257029338669e+01,-7.609632486124098816e-02,1.583452821241494723e-01,-9.844471143599518026e-01
1.270373047715227699e+02,-5.285199055567794346e+00,5.103277154708807473e+01,-7.611922619792799161e-02,1.585423457828231963e-01,-9.844136264785796619e-01
1.277939958827467279e+02,-4.628737076542023487e+00,5.107767881059307058e+01,-7.608287415853563773e-02,1.587788308128806058e-01,-9.843783211476524464e-01
1.285422776644331577e+02,-3.962998163180316169e+00,5.112709852690489498e+01,-7.599093481430806152e-02,1.590546837997514340e-01,-9.843408888121069067e-01
1.292820761932443645e+02,-3.288160254669193705e+00,5.118102982982382798e+01,-7.584516978088026717e-02,1.593729827381629716e-01,-9.843006464460188898e-01
1.300133146159736555e+02,-2.604390225891030752e+00,5.123938508525677804e+01,-7.564526870520947577e-02,1.597404111404638893e-01,-9.842564677822505104e-01
1.307359139811950968e+02,-1.911844130184853441e+00,5.130199186761353047e+01,-7.538881603844516111e-02,1.601675663162583640e-01,-9.842067247873530489e-01
1.314497944505021678e+02,-1.210667721965236865e+00,5.136859926871353821e+01,-7.507141545137198391e-02,1.606690451835769140e-01,-9.841492470666860504e-01
1.321548767985270842e+02,-5.009973327117407393e-01,5.143888828238424082e+01,-7.468698094319600744e-02,1.612632601094222129e-01,-9.840813054907970869e-01
1.328510841356550998e+02,2.170389502809868532e-01,5.151248667093977929e+01,-7.422821342538729605e-02,1.619719281162264601e-01,-9.839996274562237133e-01
1.335383437389331220e+02,9.433195656527786355e-01,5.158898787180854839e+01,-7.368725139287056469e-02,1.628192007560330945e-01,-9.839004506795037130e-01
1.342165889009802413e+02,1.677727408259769959e+00,5.166797359492171893e+01,-7.305649752084850124e-02,1.638304016537547869e-01,-9.837796235254904209e-01
1.348857606395312700e+02,2.420147033888252253e+00,5.174903947724387621e+01,-7.232959421373619247e-02,1.650303620292518647e-01,-9.836327614559053911e-01
1.355458092056605324e+02,3.170461464833966403e+00,5.183182292998088769e+01,-7.150251101814247834e-02,1.664413784010087549e-01,-9.834554684753511467e-01
1.361966952186769788e+02,3.928548301464292791e+00,5.191603191434959541e+01,-7.057470192831764855e-02,1.680808402483097153e-01,-9.832436333834820852e-01
1.368383904235203090e+02,4.694275297829644700e+00,5.200147351657368233e+01,-6.955025932639696817e-02,1.699586206049615023e-01,-9.829938090902147207e-01
1.374708779216460357e+02,5.467495573756693261e+00,5.208808067375795048e+01,-6.843898487204762293e-02,1.720743672108877576e-01,-9.827036773609102438e-01
1.380941519069139360e+02,6.248042654181507061e+00,5.217593519061387752e+01,-6.725727389167562853e-02,1.744148851227449726e-01,-9.823725906988038936e-01
1.387082169086042427e+02,7.035725506045409361e+00,5.226528553485037065e+01,-6.602871057221100515e-02,1.769518297555000841e-01,-9.820021686973771091e-01
1.393130865205934583e+02,7.830324218796860691e+00,5.235655725572549102e+01,-6.478425275918953119e-02,1.796399745455374841e-01,-9.815969030817650598e-01
1.399087817675269036e+02,8.631586663385387936e+00,5.245035452068034942e+01,-6.356189732659311975e-02,1.824163271257621677e-01,-9.811647001427388215e-01
1.404953291301210072e+02,9.439226700378995361e+00,5.254745091007066549e+01,-6.240571826062160654e-02,1.852004099312268559e-01,-9.807172551197829158e-01
1.410727584073304115e+02,1.025292478549424047e+01,5.264876793196925320e+01,-6.136419235749165924e-02,1.878959921188761428e-01,-9.802701321788683808e-01
1.416411004836504048e+02,1.107233120421603800e+01,5.275534068946721789e+01,-6.048774948670495449e-02,1.903945936820753693e-01,-9.798424010312428711e-01
1.422003851876833664e+02,1.189707302430933211e+01,5.286826981605943132e+01,-5.982551810003377407e-02,1.925810377261609474e-01,-9.794556913369677487e-01
1.427506392946625056e+02,1.272676462666016306e+01,5.298865995517311944e+01,-5.942136107934568867e-02,1.943412023902963415e-01,-9.791325747318244677e-01
1.432918847758010656e+02,1.356102250003421261e+01,5.311754603112637341e+01,-5.930936090681729334e-02,1.955719122348051342e-01,-9.788942878848800877e-01
1.438241373587408418e+02,1.439948402151476969e+01,5.325580914918806741e+01,-5.950912788888727822e-02,1.961925389779823614e-01,-9.787579636188290522e-01
1.443474053191710311e+02,1.524182941439857686e+01,5.340408518001136429e+01,-6.002139874938577230e-02,1.961574463884065700e-01,-9.787337165534589767e-01
1.448616885280619329e+02,1.608780650955552716e+01,5.356267075170872971e+01,-6.082453653165510038e-02,1.954680424018944151e-01,-9.788220574523647244e-01
1.453669774825853835e+02,1.693725619016041861e+01,5.373143208905672452e+01,-6.187256847387580944e-02,1.941829055701120577e-01,-9.790121472457808949e-01
1.458632521519096485e+02,1.779013671438593391e+01,5.390972362780509286e+01,-6.309566780180383971e-02,1.924240982296329949e-01,-9.792813197060163954e-01
1.463504802962447400e+02,1.864654401724845911e+01,5.409632468780755943e+01,-6.439331789309024612e-02,1.904025233735297529e-01,-9.795919455077772842e-01
1.468286149021039080e+02,1.950672481840918238e+01,5.428940354277122537e+01,-6.557361789475632530e-02,1.886304689693247272e-01,-9.798564419406574633e-01
1.472975902340791947e+02,2.037107899333804184e+01,5.448651819228513205e+01,-6.668357576169357814e-02,1.866695581469883236e-01,-9.801570163932117330e-01
1.477573163091485640e+02,2.124014688112963611e+01,5.468466366132505385e+01,-6.749828453391516769e-02,1.846115001495766406e-01,-9.804909870047258114e-01
1.482076716595502432e+02,2.211457870529451242e+01,5.488037516935985849e+01,-6.733608028628915165e-02,1.851904521467443165e-01,-9.803929562809816645e-01
1.486484947416599596e+02,2.299508291211163424e+01,5.506989311906740170e+01,-6.716835390045655663e-02,1.857757332774418180e-01,-9.802937259615261967e-01
1.490795755470451809e+02,2.388235378601174475e+01,5.524939479622648975e+01,-6.701254191012841199e-02,1.863417567930337193e-01,-9.801969541383145357e-01
1.495006500256060633e+02,2.477697959350615520e+01,5.541528927915358338e+01,-6.689122031841501781e-02,1.868538976559138975e-01,-9.801077418197993163e-01
1.499114021802278387e+02,2.567934147885856433e+01,5.556456821411848068e+01,-6.683203407535068252e-02,1.872678390111796043e-01,-9.800327727649897902e-01
1.503114812691881639e+02,2.658951548122253783e+01,5.569519168541532395e+01,-6.686733487738642789e-02,1.875292991272812793e-01,-9.799803679131670053e-01
1.507005438781820601e+02,2.750720389720434866e+01,5.580647663456030472e+01,-6.703348278058554599e-02,1.875742662431594820e-01,-9.799604108481348996e-01
1.510783322139183724e+02,2.843172508228746409e+01,5.589943337058461026e+01,-6.736977040213924794e-02,1.873298690437880110e-01,-9.799840989526311663e-01
1.514447971196881042e+02,2.936209637668548922e+01,5.597697387387390933e+01,-6.791691956700296462e-02,1.867160277395492896e-01,-9.800634760165757298e-01
1.518002636054652328e+02,3.029722936360290930e+01,5.604387308548517410e+01,-6.871513442365387303e-02,1.856480197569572721e-01,-9.802107136026720902e-01
1.521456069775006767e+02,3.123620069927911658e+01,5.610631021685647113e+01,-6.980170479744267353e-02,1.840400767922674985e-01,-9.804371331919589094e-01
1.524823463237171950e+02,3.217843714895010265e+01,5.617073584348084836e+01,-7.120819491950090840e-02,1.818100858236824380e-01,-9.807520000841657426e-01
1.528124421874289567e+02,3.312336840439142094e+01,5.624166745219694263e+01,-7.295727842135882324e-02,1.788854360571468516e-01,-9.811611673379623255e-01
1.531373667962363072e+02,3.406856653153879932e+01,5.631780521315152299e+01,-7.505933571527347026e-02,1.752099747653583783e-01,-9.816657072877224000e-01
