1.514919704682727575e-01,5.582293546071240842e-01,-5.705140449662210456e-01,2.722244171860517190e-02,-4.265666604063870215e-01,-4.127587038497771421e-01
1.514569456411404280e-01,5.583066792860765792e-01,-5.704010896828359822e-01,2.725859464564621762e-02,-4.265326733142872917e-01,-4.127392143887941289e-01
1.514219367251630755e-01,5.583838642386483864e-01,-5.702882365550405730e-01,2.729434071149933888e-02,-4.264983737802015007e-01,-4.127200721816979834e-01
1.513869450344774437e-01,5.584609316018662728e-01,-5.701754638893541394e-01,2.732976478606992388e-02,-4.264638317705972126e-01,-4.127011955686242795e-01
1.513519705460616149e-01,5.585379001684709355e-01,-5.700627545642830141e-01,2.736493410991061234e-02,-4.264291012518776625e-01,-4.126825227413039032e-01
1.513170125409034061e-01,5.586147856462490013e-01,-5.699500950645491892e-01,2.739990187096725052e-02,-4.263942240290583552e-01,-4.126640066970381771e-01
1.512820699873728691e-01,5.586916010119038489e-01,-5.698374747263981188e-01,2.743471008478027759e-02,-4.263592325990124832e-01,-4.126456115449702033e-01
1.512471417631324755e-01,5.587683568942263257e-01,-5.697248851318441609e-01,2.746939189999165684e-02,-4.263241523117626830e-01,-4.126273097814451285e-01
1.512122267772849082e-01,5.588450619392889562e-01,-5.696123196386009280e-01,2.750397344227169250e-02,-4.262890029937835279e-01,-4.126090802662431001e-01
1.511773240319684575e-01,5.589217231433054600e-01,-5.694997730057271834e-01,2.753847528295501682e-02,-4.262538001895715412e-01,-4.125909067098254002e-01
1.511424326475889479e-01,5.589983461448427837e-01,-5.693872410961363650e-01,2.757291360376899411e-02,-4.262185561156293656e-01,-4.125727765327089624e-01
1.511075518680110308e-01,5.590749354718662634e-01,-5.692747206478673272e-01,2.760730112465665034e-02,-4.261832803850461593e-01,-4.125546800050519103e-01
1.510726810543614462e-01,5.591514947523364976e-01,-5.691622090856177651e-01,2.764164783520570851e-02,-4.261479805802155241e-01,-4.125366095907309627e-01
1.510378196736903988e-01,5.592280268865441606e-01,-5.690497043773796726e-01,2.767596157522707670e-02,-4.261126626886669322e-01,-4.125185594472239314e-01
1.510029672854574512e-01,5.593045341885045652e-01,-5.689372049217968907e-01,2.771024849277796409e-02,-4.260773314414441071e-01,-4.125005250414417457e-01
1.509681235281790657e-01,5.593810185032418447e-01,-5.688247094536388326e-01,2.774451340514077005e-02,-4.260419905865142631e-01,-4.124825028550839212e-01
1.509332881066716703e-01,5.594574812992763047e-01,-5.687122169761523738e-01,2.777876008406879316e-02,-4.260066430914019042e-01,-4.124644901563406241e-01
1.508984607810691936e-01,5.595339237441739888e-01,-5.685997267047270265e-01,2.781299148128679039e-02,-4.259712913070706208e-01,-4.124464848250029014e-01
1.508636413569379997e-01,5.596103467667890019e-01,-5.684872380188399354e-01,2.784720990332852433e-02,-4.259359371025147056e-01,-4.124284852149697755e-01
1.508288296771193582e-01,5.596867511048226884e-01,-5.683747504301217557e-01,2.788141715227616599e-02,-4.259005819609355536e-01,-4.124104900496218806e-01
1.507940256147270175e-01,5.597631373441060987e-01,-5.682622635538120415e-01,2.791561463397548154e-02,-4.258652270610970847e-01,-4.123924983386677012e-01
1.507592290675587310e-01,5.598395059497426329e-01,-5.681497770867687258e-01,2.794980344476423809e-02,-4.258298733406606917e-01,-4.123745093153326491e-01
1.507244399533216594e-01,5.599158572909546105e-01,-5.680372907901225510e-01,2.798398443840816735e-02,-4.257945215461945154e-01,-4.123565223861179185e-01
1.506896582056783118e-01,5.599921916605579142e-01,-5.679248044764569903e-01,2.801815827862192548e-02,-4.257591722712871785e-01,-4.123385370915891301e-01
1.506548837713692079e-01,5.600685092911756868e-01,-5.678123179975378410e-01,2.805232548148528515e-02,-4.257238259903828870e-01,-4.123205530777047101e-01
1.506201166074248310e-01,5.601448103668930090e-01,-5.676998312381956735e-01,2.808648644716554843e-02,-4.256884830796099362e-01,-4.123025700708909391e-01
1.505853566793874942e-01,5.602210950340666962e-01,-5.675873441070674597e-01,2.812064148610908879e-02,-4.256531438406877532e-01,-4.122845878612957371e-01
1.505506039594073642e-01,5.602973634087047294e-01,-5.674748565327878413e-01,2.815479083791606191e-02,-4.256178085140330247e-01,-4.122666062870930515e-01
1.505158584252538900e-01,5.603736155830607579e-01,-5.673623684586448501e-01,2.818893468844767616e-02,-4.255824772931610100e-01,-4.122486252253869665e-01
1.504811200587383713e-01,5.604498516294483812e-01,-5.672498798427758615e-01,2.822307318030277401e-02,-4.255471503286885615e-01,-4.122306445808964215e-01
1.504463888453364540e-01,5.605260716062919757e-01,-5.671373906495370543e-01,2.825720642303304608e-02,-4.255118277461554799e-01,-4.122126642816499320e-01
1.504116647731824075e-01,5.606022755589532558e-01,-5.670249008538024160e-01,2.829133450077934639e-02,-4.254765096417758574e-01,-4.121946842723680504e-01
1.503769478328376430e-01,5.606784635239296932e-01,-5.669124104345314441e-01,2.832545747828148566e-02,-4.254411960953811689e-01,-4.121767045120399708e-01
1.503422380165291838e-01,5.607546355299558583e-01,-5.667999193760143717e-01,2.835957540439114702e-02,-4.254058871701287825e-01,-4.121587249690175092e-01
1.503075353180429174e-01,5.608307915997819970e-01,-5.666874276661509890e-01,2.839368831682370642e-02,-4.253705829168962227e-01,-4.121407456202040853e-01
1.502728397322476150e-01,5.609069317510607666e-01,-5.665749352966095165e-01,2.842779624382922241e-02,-4.253352833751942175e-01,-4.121227664477796759e-01
1.502381512549606501e-01,5.609830559977532216e-01,-5.664624422611890253e-01,2.846189920688825190e-02,-4.252999885768584676e-01,-4.121047874387048782e-01
1.502034698827964532e-01,5.610591643507537585e-01,-5.663499485555403279e-01,2.849599722227031881e-02,-4.252646985472460783e-01,-4.120868085835229233e-01
1.501687956129046375e-01,5.611352568193072043e-01,-5.662374541748402823e-01,2.853009030120390310e-02,-4.252294133096915507e-01,-4.120688298747742784e-01
1.501341284430063594e-01,5.612113334102285522e-01,-5.661249591167385464e-01,2.856417845273916470e-02,-4.251941328812459120e-01,-4.120508513075756829e-01
1.500994683711632804e-01,5.612873941282623402e-01,-5.660124633812486650e-01,2.859826168365045204e-02,-4.251588572732357685e-01,-4.120328728782052252e-01
1.500648153958086262e-01,5.613634389773953792e-01,-5.658999669678411726e-01,2.863233999882226419e-02,-4.251235864964033051e-01,-4.120148945841483612e-01
1.500301695155433213e-01,5.614394679611148797e-01,-5.657874698754487008e-01,2.866641340112591543e-02,-4.250883205610810900e-01,-4.119969164232578085e-01
1.499955307292855922e-01,5.615154810816018749e-01,-5.656749721046998580e-01,2.870048189324708385e-02,-4.250530594738821666e-01,-4.119789383944775785e-01
1.499608990360336291e-01,5.615914783401615429e-01,-5.655624736573795497e-01,2.873454547700301370e-02,-4.250178032386764393e-01,-4.119609604967914285e-01
1.499262744349821042e-01,5.616674597383864986e-01,-5.654499745334213845e-01,2.876860415329248952e-02,-4.249825518617003084e-01,-4.119429827296218760e-01
1.498916569253850029e-01,5.617434252770303615e-01,-5.653374747342222451e-01,2.880265792276619913e-02,-4.249473053462390348e-01,-4.119250050924127549e-01
1.498570465066226265e-01,5.618193749564852624e-01,-5.652249742614494643e-01,2.883670678603694401e-02,-4.249120636946989160e-01,-4.119070275849290308e-01
1.498224431781575716e-01,5.618953087769152921e-01,-5.651124731168167825e-01,2.887075074347322801e-02,-4.248768269090349992e-01,-4.118890502070879367e-01
1.497878469394451073e-01,5.619712267387115823e-01,-5.649999713011087943e-01,2.890478979472528229e-02,-4.248415949924042589e-01,-4.118710729583783259e-01
1.497532577900737849e-01,5.620471288413415589e-01,-5.648874688171118263e-01,2.893882394034140784e-02,-4.248063679444667451e-01,-4.118530958389250429e-01
1.497186757295780601e-01,5.621230150847292828e-01,-5.647749656662025552e-01,2.897285317980614200e-02,-4.247711457669669510e-01,-4.118351188481609859e-01
1.496841007576550642e-01,5.621988854687374193e-01,-5.646624618496384196e-01,2.900687751337866632e-02,-4.247359284616676334e-01,-4.118171419864558036e-01
1.496495328738594588e-01,5.622747399925923650e-01,-5.645499573702865703e-01,2.904089694074510689e-02,-4.247007160275762527e-01,-4.117991652530780811e-01
1.496149720778965075e-01,5.623505786560859532e-01,-5.644374522292885388e-01,2.907491146178882435e-02,-4.246655084664224811e-01,-4.117811886479981753e-01
1.495804183694959544e-01,5.624264014589388516e-01,-5.643249464278272676e-01,2.910892107642246845e-02,-4.246303057797405356e-01,-4.117632121712321847e-01
1.495458717482924527e-01,5.625022083998492128e-01,-5.642124399698293935e-01,2.914292578486776461e-02,-4.245951079645322590e-01,-4.117452358223024911e-01
1.495113322140020351e-01,5.625779994787729610e-01,-5.640999328557024795e-01,2.917692558653747076e-02,-4.245599150234622976e-01,-4.117272596007713337e-01
1.494767997663593306e-01,5.626537746948636620e-01,-5.639874250879984841e-01,2.921092048175482486e-02,-4.245247269556469694e-01,-4.117092835066402667e-01
1.494422744050950824e-01,5.627295340473510432e-01,-5.638749166688996617e-01,2.924491047041132691e-02,-4.244895437607661970e-01,-4.116913075394837973e-01
1.494077561298905732e-01,5.628052775358732829e-01,-5.637624075996586770e-01,2.927889555210246367e-02,-4.244543654399660082e-01,-4.116733316987343239e-01
1.493732449405583695e-01,5.628810051593579056e-01,-5.636498978831742113e-01,2.931287572741441902e-02,-4.244191919917473244e-01,-4.116553559844833843e-01
1.493387408367811697e-01,5.629567169174355401e-01,-5.635373875206062255e-01,2.934685099578411213e-02,-4.243840234173313908e-01,-4.116373803959862965e-01
1.493042438183540266e-01,5.630324128094168490e-01,-5.634248765138546444e-01,2.938082135749076410e-02,-4.243488597167642262e-01,-4.116194049331838856e-01
1.492697538849804550e-01,5.631080928340730374e-01,-5.633123648662697880e-01,2.941478681265910153e-02,-4.243137008876948224e-01,-4.116014295954642521e-01
1.492352710363732959e-01,5.631837569910710384e-01,-5.631998525788547427e-01,2.944874736085115186e-02,-4.242785469315549784e-01,-4.115834543821973446e-01
1.492007952723576059e-01,5.632594052797402773e-01,-5.630873396533804254e-01,2.948270300238427927e-02,-4.242433978485912749e-01,-4.115654792933441941e-01
1.491663265926729820e-01,5.633350376991854702e-01,-5.629748260922955438e-01,2.951665373740236173e-02,-4.242082536378833924e-01,-4.115475043284887446e-01
1.491318649970392873e-01,5.634106542484895730e-01,-5.628623118980702333e-01,2.955059956583845626e-02,-4.241731142984715985e-01,-4.115295294869582565e-01
1.490974104852151871e-01,5.634862549269933352e-01,-5.627497970725117149e-01,2.958454048774081940e-02,-4.241379798304816262e-01,-4.115115547683946273e-01
1.490629630569881847e-01,5.635618397342662123e-01,-5.626372816167862778e-01,2.961847650311978317e-02,-4.241028502350626672e-01,-4.114935801725504438e-01
1.490285227121102007e-01,5.636374086694325714e-01,-5.625247655332182850e-01,2.965240761204490996e-02,-4.240677255114943534e-01,-4.114756056988956856e-01
1.489940894503152535e-01,5.637129617315540520e-01,-5.624122488243513684e-01,2.968633381463109747e-02,-4.240326056587018222e-01,-4.114576313468916169e-01
1.489596632713779401e-01,5.637884989198593821e-01,-5.622997314922395518e-01,2.972025511106382925e-02,-4.239974906763804285e-01,-4.114396571162476923e-01
1.489252441750131828e-01,5.638640202336976381e-01,-5.621872135386539737e-01,2.975417150107835529e-02,-4.239623805646801080e-01,-4.114216830061906971e-01
1.488908321610056540e-01,5.639395256721816407e-01,-5.620746949659433112e-01,2.978808298500810678e-02,-4.239272753228316426e-01,-4.114037090164858745e-01
1.488564272291335033e-01,5.640150152348943902e-01,-5.619621757752288893e-01,2.982198956277381727e-02,-4.238921749520621618e-01,-4.113857351467535284e-01
1.488220293791393811e-01,5.640904889209092943e-01,-5.618496559689939440e-01,2.985589123451972554e-02,-4.238570794513720208e-01,-4.113677613964715207e-01
1.487876386107528925e-01,5.641659467295209174e-01,-5.617371355491670437e-01,2.988978800016285631e-02,-4.238219888206685715e-01,-4.113497877650381662e-01
1.487532549237456370e-01,5.642413886596900907e-01,-5.616246145184765615e-01,2.992367986003392419e-02,-4.237869030585544872e-01,-4.113318142520932530e-01
1.487188783179054508e-01,5.643168147107692212e-01,-5.615120928786394572e-01,2.995756681429831425e-02,-4.237518221652873396e-01,-4.113138408573557281e-01
1.486845087929437592e-01,5.643922248822572652e-01,-5.613995706310381806e-01,2.999144886259078741e-02,-4.237167461416342928e-01,-4.112958675800404973e-01
1.486501463487107932e-01,5.644676191730947368e-01,-5.612870477784045464e-01,3.002532600567938206e-02,-4.236816749862501452e-01,-4.112778944202638010e-01
1.486157909849052661e-01,5.645429975828960556e-01,-5.611745243218585477e-01,3.005919824311715019e-02,-4.236466087003247227e-01,-4.112599213772024087e-01
1.485814427012573935e-01,5.646183601105050354e-01,-5.610620002644476356e-01,3.009306557505949178e-02,-4.236115472819438343e-01,-4.112419484502042311e-01
1.485471014975276449e-01,5.646937067553149392e-01,-5.609494756078409194e-01,3.012692800159073522e-02,-4.235764907314317762e-01,-4.112239756389152734e-01
1.485127673734590037e-01,5.647690375165669296e-01,-5.608369503540766576e-01,3.016078552273334518e-02,-4.235414390485160996e-01,-4.112060029427842545e-01
1.484784403288730015e-01,5.648443523935693378e-01,-5.607244245049197717e-01,3.019463813875796973e-02,-4.235063922334104114e-01,-4.111880303616444188e-01
1.484441203635349371e-01,5.649196513855537782e-01,-5.606118980624205106e-01,3.022848584982998701e-02,-4.234713502858157841e-01,-4.111700578951061336e-01
1.484098074771323106e-01,5.649949344915137228e-01,-5.604993710293193487e-01,3.026232865589443405e-02,-4.234363132043023059e-01,-4.111520855423724807e-01
1.483755016694146001e-01,5.650702017109741071e-01,-5.603868434068974835e-01,3.029616655675701833e-02,-4.234012809898332064e-01,-4.111341133028574846e-01
1.483412029402055854e-01,5.651454530430785050e-01,-5.602743151973914593e-01,3.032999955295117775e-02,-4.233662536418473787e-01,-4.111161411765449913e-01
1.483069112892505259e-01,5.652206884871207038e-01,-5.601617864026950944e-01,3.036382764446078630e-02,-4.233312311603105171e-01,-4.110981691628794454e-01
1.482726267162431388e-01,5.652959080420838500e-01,-5.600492570255451996e-01,3.039765083122325517e-02,-4.232962135437930984e-01,-4.110801972610468868e-01
1.482383492209745635e-01,5.653711117076465342e-01,-5.599367270668170748e-01,3.043146911320563155e-02,-4.232612007939374754e-01,-4.110622254707905210e-01
1.482040788032182033e-01,5.654462994828369782e-01,-5.598241965290774447e-01,3.046528249075046088e-02,-4.232261929096345909e-01,-4.110442537917525785e-01
1.481698154627250907e-01,5.655214713665782655e-01,-5.597116654151703674e-01,3.049909096413693996e-02,-4.231911898893090940e-01,-4.110262822234740931e-01
1.481355591992191689e-01,5.655966273585402160e-01,-5.595991337260436405e-01,3.053289453295686406e-02,-4.231561917344844326e-01,-4.110083107652341416e-01
1.481013100124832504e-01,5.656717674578239929e-01,-5.594866014640713647e-01,3.056669319758765352e-02,-4.231211984443474794e-01,-4.109903394167909729e-01
1.480670679022829950e-01,5.657468916638430656e-01,-5.593740686308200649e-01,3.060048695802607827e-02,-4.230862100194049957e-01,-4.109723681777270321e-01
1.480328328683312433e-01,5.658219999756000096e-01,-5.592615352289630470e-01,3.063427581428632834e-02,-4.230512264583759507e-01,-4.109543970473008012e-01
1.479986049104270174e-01,5.658970923925029650e-01,-5.591490012600570658e-01,3.066805976656094418e-02,-4.230162477617894767e-01,-4.109364260253186574e-01
1.479643840283132450e-01,5.659721689137522382e-01,-5.590364667262490705e-01,3.070183881491346176e-02,-4.229812739292242996e-01,-4.109184551112287087e-01
1.479301702217107883e-01,5.660472295381931973e-01,-5.589239316306403582e-01,3.073561295961945578e-02,-4.229463049586611456e-01,-4.109004843045204747e-01
1.478959634904310205e-01,5.661222742653903017e-01,-5.588113959743494785e-01,3.076938220074284039e-02,-4.229113408513849870e-01,-4.108825136049247262e-01
1.478617638341834517e-01,5.661973030945290919e-01,-5.586988597595867745e-01,3.080314653818582923e-02,-4.228763816068438208e-01,-4.108645430117333630e-01
1.478275712527533092e-01,5.662723160252394194e-01,-5.585863229873454516e-01,3.083690597189081908e-02,-4.228414272265042517e-01,-4.108465725246115974e-01
1.477933857459041433e-01,5.663473130562360902e-01,-5.584737856610085815e-01,3.087066050240264842e-02,-4.228064777079258429e-01,-4.108286021432293045e-01
1.477592073133468797e-01,5.664222941865926231e-01,-5.583612477830898202e-01,3.090441012972611895e-02,-4.227715330500924074e-01,-4.108106318669142998e-01
1.477250359548659686e-01,5.664972594162718256e-01,-5.582487093537070733e-01,3.093815485355387931e-02,-4.227365932558597716e-01,-4.107926616952738974e-01
1.476908716701620106e-01,5.665722087439872823e-01,-5.581361703763318971e-01,3.097189467416212871e-02,-4.227016583226516078e-01,-4.107746916276555083e-01
1.476567144590600067e-01,5.666471421692585997e-01,-5.580236308521673294e-01,3.100562959169695515e-02,-4.226667282515964574e-01,-4.107567216638862706e-01
1.476225643213267824e-01,5.667220596907907026e-01,-5.579110907846404066e-01,3.103935960675763273e-02,-4.226318030402125281e-01,-4.107387518037148300e-01
1.475884212566397347e-01,5.667969613083960745e-01,-5.577985501743560892e-01,3.107308471858326662e-02,-4.225968826905643905e-01,-4.107207820461029613e-01
1.475542852648197567e-01,5.668718470211563387e-01,-5.576860090237095724e-01,3.110680492776364547e-02,-4.225619672018498529e-01,-4.107028123910492767e-01
1.475201563455682541e-01,5.669467168281586700e-01,-5.575734673351552262e-01,3.114052023419671897e-02,-4.225270565731240602e-01,-4.106848428377966598e-01
1.474860344986010097e-01,5.670215707289326668e-01,-5.574609251100474117e-01,3.117423063766410277e-02,-4.224921508052479346e-01,-4.106668733856808640e-01
1.482963793460922719e-01,5.669540466363911513e-01,-5.566349723266150740e-01,3.005221519096755792e-02,-4.292365311262223981e-01,-4.085939904810104162e-01
1.482678016709022550e-01,5.670130839652641752e-01,-5.565280774153855692e-01,3.011784779288929209e-02,-4.291495799858665583e-01,-4.085465817289215540e-01
1.482385358722093649e-01,5.670745723497850888e-01,-5.564199472306664562e-01,3.017966871439010240e-02,-4.290724642316371962e-01,-4.085021865442156619e-01
1.482086192288840643e-01,5.671381348820840884e-01,-5.563108539975152311e-01,3.023802962909132031e-02,-4.290032681960566641e-01,-4.084607667342207704e-01
1.481781117121047930e-01,5.672034343632111897e-01,-5.562010104962047397e-01,3.029327475297565950e-02,-4.289404736969646970e-01,-4.084221648455138021e-01
1.481470818026240366e-01,5.672701770146904021e-01,-5.560905830611174716e-01,3.034573383948198019e-02,-4.288828707615624514e-01,-4.083861605606273759e-01
1.481155983695656431e-01,5.673381115670684816e-01,-5.559797016406891057e-01,3.039571725193425736e-02,-4.288294902497395422e-01,-4.083525064463852106e-01
1.480837262890659090e-01,5.674070259136382299e-01,-5.558684676723995022e-01,3.044351285975393021e-02,-4.287795525856400447e-01,-4.083209501155682375e-01
1.480515243384113444e-01,5.674767427039172363e-01,-5.557569602779536266e-01,3.048938442911923799e-02,-4.287324283264702940e-01,-4.082912474778551681e-01
1.480190444405582451e-01,5.675471146882692386e-01,-5.556452411158385729e-01,3.053357116928618817e-02,-4.286876076047043682e-01,-4.082631701928423618e-01
1.479863316803001483e-01,5.676180202446264866e-01,-5.555333581903002527e-01,3.057628813915466010e-02,-4.286446762474970806e-01,-4.082365093946643819e-01
1.476358931012205777e-01,5.677469485448557451e-01,-5.558823428682330148e-01,2.788328461455599414e-02,-4.281288224472581949e-01,-4.113094741136008592e-01
1.475965629734530826e-01,5.678172656205178193e-01,-5.557805708897742836e-01,2.781995474667894180e-02,-4.281022661624609982e-01,-4.113779801065426400e-01
1.475583415629734552e-01,5.678879727739536420e-01,-5.556767107986688714e-01,2.777397635949303487e-02,-4.280763394808068112e-01,-4.114300541897290553e-01
1.475209267395130031e-01,5.679590716274716122e-01,-5.555711934148969133e-01,2.774222804798971015e-02,-4.280504795429967424e-01,-4.114689954549771711e-01
1.474841114318607704e-01,5.680305232635034507e-01,-5.554643601787611074e-01,2.772215020592900397e-02,-4.280243416829377368e-01,-4.114973846553919845e-01
1.474477516059801985e-01,5.681022723355790838e-01,-5.553564817172330637e-01,2.771164540775170396e-02,-4.279977271537604988e-01,-4.115172564479291917e-01
1.474117453095884489e-01,5.681742604356292414e-01,-5.552477725776721051e-01,2.770899561164121352e-02,-4.279705338056014607e-01,-4.115302260409163249e-01
1.473760189330515780e-01,5.682464329858639696e-01,-5.551384029052099933e-01,2.771279370803822820e-02,-4.279427224569531951e-01,-4.115375834061426041e-01
1.473405181782970752e-01,5.683187423247323400e-01,-5.550285076894544423e-01,2.772188715753015273e-02,-4.279142940084277313e-01,-4.115403641682414126e-01
1.473052020971530041e-01,5.683911486380829325e-01,-5.549181940766672039e-01,2.773533170884642796e-02,-4.278852739360365365e-01,-4.115394035161951680e-01
1.472700391327880776e-01,5.684636197341887964e-01,-5.548075471577643691e-01,2.775235347734168051e-02,-4.278557018434517301e-01,-4.115353776206868708e-01
1.470864932492802757e-01,5.685488217355981755e-01,-5.549691722955439888e-01,2.644169240594688303e-02,-4.275986835094234273e-01,-4.130593531572963606e-01
1.470448572742660831e-01,5.686198740553018993e-01,-5.548689761726219860e-01,2.637260029434702890e-02,-4.275665375741479757e-01,-4.131386842702510220e-01
1.470050844652065480e-01,5.686905898630627565e-01,-5.547664178774538435e-01,2.632186746155061943e-02,-4.275367904047493450e-01,-4.131985506455285173e-01
1.469666042011244511e-01,5.687612681104556867e-01,-5.546619860486761144e-01,2.628622336256612735e-02,-4.275083349655352527e-01,-4.132431492927635674e-01
1.469290353757373435e-01,5.688320544380456312e-01,-5.545560679314562869e-01,2.626297071857057464e-02,-4.274804548143143479e-01,-4.132756781350733766e-01
1.468921214132555830e-01,5.689030064681614984e-01,-5.544489703203002717e-01,2.624989012747869915e-02,-4.274526958659253806e-01,-4.132985994645967942e-01
1.468556877840881680e-01,5.689741336130942351e-01,-5.543409362691652520e-01,2.624515831694918325e-02,-4.274247796078792794e-01,-4.133138273960682008e-01
1.468196142250188518e-01,5.690454208913805489e-01,-5.542321583696805387e-01,2.624727904164134498e-02,-4.273965443159095656e-01,-4.133228627921732845e-01
1.467838165641939530e-01,5.691168427989433676e-01,-5.541227892793669785e-01,2.625502524090088385e-02,-4.273679052130406331e-01,-4.133268915412378064e-01
1.467482348140252135e-01,5.691883710733951496e-01,-5.540129500524172412e-01,2.626739095837928376e-02,-4.273388274877003012e-01,-4.133268569968353567e-01
1.467128253530619597e-01,5.692599787681758006e-01,-5.539027367270759061e-01,2.628355158113411180e-02,-4.273093080542931244e-01,-4.133235140017205711e-01
1.467081387677759419e-01,5.692678692548946984e-01,-5.538911949926340617e-01,2.627120100929237687e-02,-4.273073620042092680e-01,-4.133353100808274116e-01
1.466729777266842227e-01,5.693399219705749248e-01,-5.537802998458577486e-01,2.629341409017201328e-02,-4.272771833010933218e-01,-4.133267569115508522e-01
1.466379092369799186e-01,5.694119793489748060e-01,-5.536692350163181509e-01,2.631766312596940313e-02,-4.272465723766760703e-01,-4.133164692424085573e-01
1.466029203342024689e-01,5.694840302990443748e-01,-5.535580345965441795e-01,2.634359013878576072e-02,-4.272155809305624441e-01,-4.133047504980076337e-01
1.465680001122754705e-01,5.695560670012563831e-01,-5.534467257401479712e-01,2.637090086673392342e-02,-4.271842565388830337e-01,-4.132918498572233923e-01
1.465331393505988344e-01,5.696280841238977599e-01,-5.533353300928286478e-01,2.639935325385090251e-02,-4.271526423427898789e-01,-4.132779722376366260e-01
1.464983302267484355e-01,5.697000782024079779e-01,-5.532238649174803236e-01,2.642874804691036986e-02,-4.271207770321432395e-01,-4.132632863687632496e-01
1.464635660894942626e-01,5.697720471504196249e-01,-5.531123439898844030e-01,2.645892111004314803e-02,-4.270886949997788617e-01,-4.132479313381040575e-01
1.464288412759041924e-01,5.698439898790004232e-01,-5.530007783135127974e-01,2.648973714197984733e-02,-4.270564265954002736e-01,-4.132320219155297680e-01
1.463941509613985448e-01,5.699159060068870186e-01,-5.528891766814750808e-01,2.652108453316851314e-02,-4.270239984473508388e-01,-4.132156528927962702e-01
1.463594910348240685e-01,5.699877956402810142e-01,-5.527775461256224654e-01,2.655287115485385763e-02,-4.269914338036969181e-01,-4.131989026275674770e-01
1.463248579936062832e-01,5.700596592081342839e-01,-5.526658922732603507e-01,2.658502090837513987e-02,-4.269587528770364959e-01,-4.131818359433674370e-01
1.462902488549031044e-01,5.701314973399771446e-01,-5.525542196327909439e-01,2.661747089608541839e-02,-4.269259731751653408e-01,-4.131645065066266165e-01
1.462556610799335133e-01,5.702033107792764399e-01,-5.524425318156137577e-01,2.665016909774646156e-02,-4.268931098219265197e-01,-4.131469587768277774e-01
1.462210925091807501e-01,5.702751003188122336e-01,-5.523308317208104334e-01,2.668307246367014260e-02,-4.268601758396522450e-01,-4.131292296089075222e-01
1.461865413072242492e-01,5.703468667584022933e-01,-5.522191216748096876e-01,2.671614534681704053e-02,-4.268271824194805331e-01,-4.131113495729109020e-01
1.461520059150658302e-01,5.704186108746317485e-01,-5.521074035482617104e-01,2.674935821261409039e-02,-4.267941391547993013e-01,-4.130933440387203892e-01
1.461174850097193556e-01,5.704903334031532491e-01,-5.519956788442590412e-01,2.678268657790302057e-02,-4.267610542580767552e-01,-4.130752340730570737e-01
1.460829774691872751e-01,5.705620350266358276e-01,-5.518839487736864058e-01,2.681611013602347438e-02,-4.267279347443059812e-01,-4.130570371771464244e-01
1.460484823425596823e-01,5.706337163698139703e-01,-5.517722143118674039e-01,2.684961203540008751e-02,-4.266947865983702903e-01,-4.130387678968753806e-01
1.460139988246066112e-01,5.707053779973850771e-01,-5.516604762457782973e-01,2.688317828548798111e-02,-4.266616149183533602e-01,-4.130204383277589208e-01
1.459795262338149380e-01,5.707770204153789217e-01,-5.515487352101244856e-01,2.691679726493415373e-02,-4.266284240430823771e-01,-4.130020585313941561e-01
1.459450639937942273e-01,5.708486440731389555e-01,-5.514369917185842906e-01,2.695045931661321087e-02,-4.265952176589279943e-01,-4.129836368811457548e-01
1.459106116173033707e-01,5.709202493675464840e-01,-5.513252461862183651e-01,2.698415641163203621e-02,-4.265619988966427023e-01,-4.129651803476631633e-01
1.458761686927898260e-01,5.709918366466764095e-01,-5.512134989499265503e-01,2.701788187299456259e-02,-4.265287704106557887e-01,-4.129466947366713381e-01
1.458417348726092078e-01,5.710634062146565659e-01,-5.511017502828882142e-01,2.705163014445596120e-02,-4.264955344506582979e-01,-4.129281848839014279e-01
1.458073098634158349e-01,5.711349583363066751e-01,-5.509900004062231460e-01,2.708539660146421987e-02,-4.264622929228976678e-01,-4.129096548195142491e-01
1.457728934178177949e-01,5.712064932406852868e-01,-5.508782495008137658e-01,2.711917739417888870e-02,-4.264290474386913110e-01,-4.128911079035152976e-01
1.457384853271108949e-01,5.712780111259181393e-01,-5.507664977133880368e-01,2.715296931531573088e-02,-4.263957993615129505e-01,-4.128725469369849965e-01
1.457040854153847931e-01,5.713495121626502860e-01,-5.506547451636583101e-01,2.718676969277478150e-02,-4.263625498435796857e-01,-4.128539742562924442e-01
1.456696935344055088e-01,5.714209964976928458e-01,-5.505429919488519230e-01,2.722057629932379125e-02,-4.263292998589552907e-01,-4.128353918104689102e-01
1.456353095593468372e-01,5.714924642567380531e-01,-5.504312381488553063e-01,2.725438727853194895e-02,-4.262960502294106946e-01,-4.128168012262591891e-01
1.456009333850466769e-01,5.715639155468231758e-01,-5.503194838303162584e-01,2.728820108234742206e-02,-4.262628016464287128e-01,-4.127982038610661930e-01
1.455665649229363756e-01,5.716353504597274648e-01,-5.502077290470333004e-01,2.732201641918913931e-02,-4.262295546947677538e-01,-4.127796008480016376e-01
1.455322040984991794e-01,5.717067690739799923e-01,-5.500959738423687462e-01,2.735583221133668086e-02,-4.261963098689098284e-01,-4.127609931333154347e-01
1.454978508490220868e-01,5.717781714554017736e-01,-5.499842182545887637e-01,2.738964756013549662e-02,-4.261630675815561986e-01,-4.127423815073417712e-01
1.454635051216522368e-01,5.718495576603793706e-01,-5.498724623142118295e-01,2.742346171477699768e-02,-4.261298281822303857e-01,-4.127237666297946528e-01
1.454291668719821795e-01,5.719209277369515787e-01,-5.497607060459026584e-01,2.745727404854354792e-02,-4.260965919664229107e-01,-4.127051490520554644e-01
1.453948360626446390e-01,5.719922817255628233e-01,-5.496489494707872403e-01,2.749108403827534020e-02,-4.260633591819695809e-01,-4.126865292348459446e-01
1.453605126622330712e-01,5.720636196602399970e-01,-5.495371926069231305e-01,2.752489124739185278e-02,-4.260301300368385946e-01,-4.126679075634516192e-01
1.453261966441687647e-01,5.721349415700029972e-01,-5.494254354688186126e-01,2.755869531013342005e-02,-4.259969047071039960e-01,-4.126492843588007720e-01
1.452918879862260260e-01,5.722062474795044373e-01,-5.493136780680866194e-01,2.759249592155942066e-02,-4.259636833419115365e-01,-4.126306598900417177e-01
1.452575866696385332e-01,5.722775374081844335e-01,-5.492019204179825476e-01,2.762629282753394436e-02,-4.259304660612373006e-01,-4.126120343819464353e-01
1.452232926785868017e-01,5.723488113735477611e-01,-5.490901625267582409e-01,2.766008581466785146e-02,-4.258972529709051935e-01,-4.125934080220801103e-01
1.451890059997618665e-01,5.724200693902568027e-01,-5.489784044015498798e-01,2.769387470475680527e-02,-4.258640441598244286e-01,-4.125747809674064071e-01
1.451547266219711252e-01,5.724913114696446037e-01,-5.488666460509193934e-01,2.772765934963277584e-02,-4.258308396989567979e-01,-4.125561533493877220e-01
1.451204545357484832e-01,5.725625376223231200e-01,-5.487548874793345410e-01,2.776143962447181687e-02,-4.257976396527151097e-01,-4.125375252775866364e-01
1.450861897330757710e-01,5.726337478563434669e-01,-5.486431286928126205e-01,2.779521542530637851e-02,-4.257644440719548506e-01,-4.125188968435441472e-01
1.450519322071924244e-01,5.727049421782798300e-01,-5.485313696969176256e-01,2.782898666540209107e-02,-4.257312529990165406e-01,-4.125002681238810753e-01
1.450176819524448268e-01,5.727761205943137091e-01,-5.484196104945499028e-01,2.786275327190256695e-02,-4.256980664728004515e-01,-4.124816391828220463e-01
1.449834389639452770e-01,5.728472831087654260e-01,-5.483078510905321501e-01,2.789651518408959099e-02,-4.256648845225382560e-01,-4.124630100736937366e-01
1.449492032375995498e-01,5.729184297253755442e-01,-5.481960914885514180e-01,2.793027235118349105e-02,-4.256317071738767166e-01,-4.124443808412259216e-01
1.449149747698933455e-01,5.729895604470230941e-01,-5.480843316924338682e-01,2.796402473071089162e-02,-4.255985344476476695e-01,-4.124257515226300574e-01
1.448807535578480465e-01,5.730606752768284684e-01,-5.479725717035971444e-01,2.799777228669312473e-02,-4.255653663646983276e-01,-4.124071221490554495e-01
1.448465395989337601e-01,5.731317742159820483e-01,-5.478608115268416290e-01,2.803151498996647381e-02,-4.255322029372292647e-01,-4.123884927465852890e-01
1.448123328910063956e-01,5.732028572660491372e-01,-5.477490511647593596e-01,2.806525281582799083e-02,-4.254990441782993127e-01,-4.123698633371600808e-01
1.447781334321076585e-01,5.732739244285725011e-01,-5.476372906190499767e-01,2.809898574282863881e-02,-4.254658901000933358e-01,-4.123512339383335612e-01
1.447439412206486808e-01,5.733449757039515982e-01,-5.475255298933650039e-01,2.813271375411597469e-02,-4.254327407098183467e-01,-4.123326045654557848e-01
1.447097562551905303e-01,5.734160110931347809e-01,-5.474137689892324410e-01,2.816643683473368798e-02,-4.253995960164599910e-01,-4.123139752308077055e-01
1.446755785345280321e-01,5.734870305962600501e-01,-5.473020079095934909e-01,2.820015497283758291e-02,-4.253664560254202809e-01,-4.122953459449789082e-01
1.446414080576091943e-01,5.735580342132321485e-01,-5.471902466574576351e-01,2.823386815861793700e-02,-4.253333207408829808e-01,-4.122767167168138736e-01
1.446072448234106966e-01,5.736290219443466176e-01,-5.470784852344777738e-01,2.826757638305983991e-02,-4.253001901682432750e-01,-4.122580875529728295e-01
1.445730888311062834e-01,5.736999937897788726e-01,-5.469667236421915657e-01,2.830127963905501240e-02,-4.252670643123184768e-01,-4.122394584595463485e-01
1.445389400799510782e-01,5.737709497486541688e-01,-5.468549618844943394e-01,2.833497792125629078e-02,-4.252339431734720177e-01,-4.122208294415881102e-01
1.445047985692959058e-01,5.738418898214708852e-01,-5.467431999614903448e-01,2.836867122433104488e-02,-4.252008267576427025e-01,-4.122022005031903413e-01
1.444706642984370237e-01,5.739128140068228134e-01,-5.466314378780267047e-01,2.840235954449005923e-02,-4.251677150626015922e-01,-4.121835716472546651e-01
1.444365372668583170e-01,5.739837223047730141e-01,-5.465196756349351981e-01,2.843604287829762031e-02,-4.251346080922742132e-01,-4.121649428767533152e-01
1.444024174740091981e-01,5.740546147147609357e-01,-5.464079132345303069e-01,2.846972122283684611e-02,-4.251015058478284647e-01,-4.121463141937296015e-01
1.443683049194075252e-01,5.741254912362496743e-01,-5.462961506788872601e-01,2.850339457574549776e-02,-4.250684083305529826e-01,-4.121276855999211897e-01
1.443341996025008511e-01,5.741963518690220702e-01,-5.461843879693110138e-01,2.853706293442280842e-02,-4.250353155427351592e-01,-4.121090570961851163e-01
1.443001015229647410e-01,5.742671966121032368e-01,-5.460726251087322236e-01,2.857072629808328143e-02,-4.250022274839042047e-01,-4.120904286843051212e-01
1.442660106803279607e-01,5.743380254644674388e-01,-5.459608621002700612e-01,2.860438466534270807e-02,-4.249691441530799030e-01,-4.120718003647771965e-01
1.442319270742097592e-01,5.744088384257601820e-01,-5.458490989452277065e-01,2.863803803498785397e-02,-4.249360655520724728e-01,-4.120531721382965085e-01
1.441978507042438462e-01,5.744796354955070683e-01,-5.457373356451717950e-01,2.867168640607098765e-02,-4.249029916822040787e-01,-4.120345440053784780e-01
1.441637815700819170e-01,5.745504166729253903e-01,-5.456255722023768406e-01,2.870532977798634020e-02,-4.248699225435469407e-01,-4.120159159663934201e-01
1.441297196712868767e-01,5.746211819571670487e-01,-5.455138086193435099e-01,2.873896814984481379e-02,-4.248368581356628537e-01,-4.119972880210693300e-01
1.440956650075135015e-01,5.746919313477060198e-01,-5.454020448976728552e-01,2.877260152109181388e-02,-4.248037984595530725e-01,-4.119786601695246131e-01
1.440616175784766306e-01,5.747626648436535701e-01,-5.452902810398122524e-01,2.880622989178901680e-02,-4.247707435148185828e-01,-4.119600324121210355e-01
1.440275773838108619e-01,5.748333824440488016e-01,-5.451785170483920417e-01,2.883985326154175563e-02,-4.247376933007004918e-01,-4.119414047485098207e-01
1.439935444231726647e-01,5.749040841483809006e-01,-5.450667529249350052e-01,2.887347162997354680e-02,-4.247046478181649709e-01,-4.119227771785045622e-01
1.439595186962315532e-01,5.749747699559338843e-01,-5.449549886714331048e-01,2.890708499683927735e-02,-4.246716070674235732e-01,-4.119041497018895437e-01
1.439255002027155783e-01,5.750454398656527077e-01,-5.448432242906796619e-01,2.894069336251265528e-02,-4.246385710473681296e-01,-4.118855223187211090e-01
1.438914889422535925e-01,5.751160938772423847e-01,-5.447314597836235839e-01,2.897429672631322839e-02,-4.246055397598227921e-01,-4.118668950283883579e-01
1.438574849145369816e-01,5.751867319897209230e-01,-5.446196951528871066e-01,2.900789508840171879e-02,-4.245725132038882799e-01,-4.118482678306635836e-01
1.438234881192353154e-01,5.752573542023795561e-01,-5.445079304004174503e-01,2.904148844864255785e-02,-4.245394913797447822e-01,-4.118296407250973679e-01
1.437894985560407290e-01,5.753279605140099173e-01,-5.443961655293960700e-01,2.907507680735612124e-02,-4.245064742856012319e-01,-4.118110137113975555e-01
1.437555162246478280e-01,5.753985509242366403e-01,-5.442844005409174235e-01,2.910866016438029211e-02,-4.244734619229816319e-01,-4.117923867892627765e-01
1.437215411247649011e-01,5.754691254321563365e-01,-5.441726354373502827e-01,2.914223851989186306e-02,-4.244404542913781109e-01,-4.117737599583465302e-01
1.436875732560072561e-01,5.755396840369545464e-01,-5.440608702209452918e-01,2.917581187358905814e-02,-4.244074513904357859e-01,-4.117551332178140955e-01
1.436536126181464923e-01,5.756102267382393611e-01,-5.439491048927767025e-01,2.920938022577127674e-02,-4.243744532217142984e-01,-4.117365065677991431e-01
1.436196592107971959e-01,5.756807535347502336e-01,-5.438373394562174834e-01,2.924294357646685036e-02,-4.243414597830439394e-01,-4.117178800074559053e-01
1.435857130336601617e-01,5.757512644257036794e-01,-5.437255739133235455e-01,2.927650192571694052e-02,-4.243084710743911803e-01,-4.116992535363244166e-01
1.435517740864542535e-01,5.758217594104425574e-01,-5.436138082658975579e-01,2.931005527380299916e-02,-4.242754870961096825e-01,-4.116806271542752249e-01
1.435178423688900362e-01,5.758922384884694878e-01,-5.435020425152710111e-01,2.934360362064594371e-02,-4.242425078493427537e-01,-4.116620008608601888e-01
1.434839178806318616e-01,5.759627016587467452e-01,-5.433902766642041415e-01,2.937714696638169670e-02,-4.242095333329022888e-01,-4.116433746554919448e-01
1.434500006213717538e-01,5.760331489205093858e-01,-5.432785107147448667e-01,2.941068531111132311e-02,-4.241765635467394935e-01,-4.116247485377210746e-01
1.434160905908229422e-01,5.761035802730393174e-01,-5.431667446688110967e-01,2.944421865501852323e-02,-4.241435984910415513e-01,-4.116061225072450425e-01
1.433821877886748419e-01,5.761739957151347236e-01,-5.430549785295478715e-01,2.947774699848005817e-02,-4.241106381640035172e-01,-4.115874965635989424e-01
1.433482922145779270e-01,5.762443952465866603e-01,-5.429432122976344255e-01,2.951127034097499394e-02,-4.240776825677951556e-01,-4.115688707060010110e-01
1.433144038682391264e-01,5.763147788659134241e-01,-5.428314459769211231e-01,2.954478868320949830e-02,-4.240447316994694904e-01,-4.115502449342010038e-01
1.432805227493702538e-01,5.763851465732295898e-01,-5.427196795672407648e-01,2.957830202483173812e-02,-4.240117855625600840e-01,-4.115316192478025159e-01
1.432466488576624175e-01,5.764554983674290423e-01,-5.426079130714855925e-01,2.961181036613906234e-02,-4.239788441556667231e-01,-4.115129936463343685e-01
1.432127821927788314e-01,5.765258342473782438e-01,-5.424961464926592036e-01,2.964531370734716995e-02,-4.239459074772130021e-01,-4.114943681291843292e-01
1.431789227544449372e-01,5.765961542124835582e-01,-5.423843798323350063e-01,2.967881204860559410e-02,-4.239129755279157363e-01,-4.114757426960650721e-01
1.431450705423306657e-01,5.766664582622438306e-01,-5.422726130919403031e-01,2.971230538976801783e-02,-4.238800483087459825e-01,-4.114571173463894560e-01
1.431112255561029223e-01,5.767367463953582130e-01,-5.421608462748729318e-01,2.974579373113462460e-02,-4.238471258174932310e-01,-4.114384920795360334e-01
1.430773877954862605e-01,5.768070186112138620e-01,-5.420490793827876796e-01,2.977927707293133094e-02,-4.238142080547460666e-01,-4.114198668952996352e-01
1.430435572601851668e-01,5.768772749092108132e-01,-5.419373124172952583e-01,2.981275541518403974e-02,-4.237812950211934937e-01,-4.114012417932275123e-01
1.430097339498474784e-01,5.769475152884049329e-01,-5.418255453809507349e-01,2.984622875795411162e-02,-4.237483867159527740e-01,-4.113826167726631344e-01
1.429759178641889228e-01,5.770177397480814596e-01,-5.417137782756396014e-01,2.987969710140339630e-02,-4.237154831392705989e-01,-4.113639918332129275e-01
1.429421090029291685e-01,5.770879482874062827e-01,-5.416020111035697582e-01,2.991316044584808181e-02,-4.236825842908738537e-01,-4.113453669746117702e-01
1.429083073657134162e-01,5.771581409057806589e-01,-5.414902438664159767e-01,2.994661879107026956e-02,-4.236496901713009966e-01,-4.113267421961148695e-01
1.428745129522483170e-01,5.772283176019944451e-01,-5.413784765673197441e-01,2.998007213752457156e-02,-4.236168007787772249e-01,-4.113081174973450271e-01
1.428407257621837900e-01,5.772984783757124649e-01,-5.412667092073195629e-01,3.001352048489180913e-02,-4.235839161148801102e-01,-4.112894928776305026e-01
1.428069457952764187e-01,5.773686232257340123e-01,-5.411549417894928604e-01,3.004696383390201633e-02,-4.235510361779408206e-01,-4.112708683369301066e-01
1.427731730511855035e-01,5.774387521519450672e-01,-5.410431743142773975e-01,3.008040218405160643e-02,-4.235181609704996575e-01,-4.112522438744816711e-01
1.427394075295809195e-01,5.775088651529164396e-01,-5.409314067854005259e-01,3.011383553576653382e-02,-4.234852904898389059e-01,-4.112336194897364683e-01
1.435644799483898337e-01,5.772366879186792143e-01,-5.400968514594779446e-01,2.899687868668024068e-02,-4.303732979098274236e-01,-4.090963854840380387e-01
