1.550710643809102840e-01,5.631263360352041225e-01,-5.750413958002732473e-01,2.357608780013258076e-02,-4.213488485517838389e-01,-3.779079371389569841e-01
1.550383459717393220e-01,5.632106608176681295e-01,-5.749231212572386562e-01,2.361255123437442857e-02,-4.213147337028126382e-01,-3.778878399299676061e-01
1.550056396485780252e-01,5.632948166024932535e-01,-5.748049898164852012e-01,2.364854072422124462e-02,-4.212802263208769715e-01,-3.778681734168413131e-01
1.549729495722152461e-01,5.633788307696446784e-01,-5.746869692278887554e-01,2.368415946299794531e-02,-4.212454199779946395e-01,-3.778488285692109816e-01
1.549402772233604564e-01,5.634627267715345278e-01,-5.745690344979852426e-01,2.371948831836526508e-02,-4.212103852772241530e-01,-3.778297249428139715e-01
1.549076225954310881e-01,5.635465242870058011e-01,-5.744511662336854174e-01,2.375459056028276714e-02,-4.211751757763092519e-01,-3.778108028497113580e-01
1.548749849176560833e-01,5.636302395835038892e-01,-5.743333493738698170e-01,2.378951562117511201e-02,-4.211398322961590890e-01,-3.777920177771632582e-01
1.548423630830341735e-01,5.637138859600366869e-01,-5.742155722111245142e-01,2.382430207258908264e-02,-4.211043860852335396e-01,-3.777733363782876386e-01
1.548097558931053885e-01,5.637974741969001835e-01,-5.740978256389294154e-01,2.385897997636527920e-02,-4.210688611554835314e-01,-3.777547335712783672e-01
1.547771621906791073e-01,5.638810129759699308e-01,-5.739801025681308122e-01,2.389357273700018144e-02,-4.210332760236600302e-01,-3.777361904269806447e-01
1.547445809246220660e-01,5.639645092527871828e-01,-5.738623974787921966e-01,2.392809855671266736e-02,-4.209976450094865541e-01,-3.777176926170495719e-01
1.547120111756228045e-01,5.640479685768912121e-01,-5.737447060716922564e-01,2.396257157841502269e-02,-4.209619792155040452e-01,-3.776992292702391896e-01
1.546794521596312200e-01,5.641313953620681332e-01,-5.736270249963627554e-01,2.399700278025082220e-02,-4.209262872717104975e-01,-3.776807921228146347e-01
1.546469032194878745e-01,5.642147931096154201e-01,-5.735093516413980463e-01,2.403140067471545502e-02,-4.208905758996201452e-01,-3.776623748828778493e-01
1.546143638115218821e-01,5.642981645909922461e-01,-5.733916839716849401e-01,2.406577185688675222e-02,-4.208548503429935805e-01,-3.776439727558795756e-01
1.545818334901482294e-01,5.643815119972802608e-01,-5.732740203984848515e-01,2.410012142998499071e-02,-4.208191147038218838e-01,-3.776255820854277911e-01
1.545493118927129539e-01,5.644648370571719864e-01,-5.731563596849427178e-01,2.413445333942916202e-02,-4.207833721898077139e-01,-3.776072000821106278e-01
1.545167987256994280e-01,5.645481411338703071e-01,-5.730387008661884662e-01,2.416877063171598769e-02,-4.207476253160886137e-01,-3.775888246183767838e-01
1.544842937525291449e-01,5.646314253013405837e-01,-5.729210431898611455e-01,2.420307565630769667e-02,-4.207118760566931903e-01,-3.775704540720233870e-01
1.544517967831603722e-01,5.647146904046691507e-01,-5.728033860707336666e-01,2.423737022356362708e-02,-4.206761259605251158e-01,-3.775520872075472378e-01
1.544193076651221297e-01,5.647979371101216062e-01,-5.726857290494500319e-01,2.427165572415583908e-02,-4.206403762512460620e-01,-3.775337230838846092e-01
1.543868262764874211e-01,5.648811659408836672e-01,-5.725680717705808886e-01,2.430593322728841557e-02,-4.206046278881460654e-01,-3.775153609864908000e-01
1.543543525198357858e-01,5.649643773086816534e-01,-5.724504139565643746e-01,2.434020355255960000e-02,-4.205688816284904874e-01,-3.774970003735715340e-01
1.543218863172203803e-01,5.650475715371072738e-01,-5.723327553919211885e-01,2.437446732654945797e-02,-4.205331380686230247e-01,-3.774786408342736821e-01
1.542894276065381876e-01,5.651307488807607582e-01,-5.722150959083741606e-01,2.440872502799906404e-02,-4.204973976805022051e-01,-3.774602820591298480e-01
1.542569763381589354e-01,5.652139095403075908e-01,-5.720974353738494944e-01,2.444297702090551458e-02,-4.204616608392146015e-01,-3.774419238149650524e-01
1.542245324724517697e-01,5.652970536725070438e-01,-5.719797736885552375e-01,2.447722358266641099e-02,-4.204259278367924457e-01,-3.774235659270797627e-01
1.541920959778476374e-01,5.653801814014506322e-01,-5.718621107726139519e-01,2.451146492278206621e-02,-4.203901989086544222e-01,-3.774052082653249762e-01
1.541596668290184102e-01,5.654632928246384749e-01,-5.717444465645074025e-01,2.454570119905847420e-02,-4.203544742407520074e-01,-3.773868507326683663e-01
1.541272450057551147e-01,5.655463880182151071e-01,-5.716267810179802566e-01,2.457993253064175154e-02,-4.203187539784454252e-01,-3.773684932576962248e-01
1.540948304919656509e-01,5.656294670426893489e-01,-5.715091140955578242e-01,2.461415900653632360e-02,-4.202830382402453768e-01,-3.773501357886314134e-01
1.540624232745698707e-01,5.657125299447886002e-01,-5.713914457708620942e-01,2.464838069274314855e-02,-4.202473271162100454e-01,-3.773317782868612080e-01
1.540300233431981525e-01,5.657955767621618559e-01,-5.712737760211000770e-01,2.468259763779290239e-02,-4.202116206824904054e-01,-3.773134207253295291e-01
1.539976306895632918e-01,5.658786075236544866e-01,-5.711561048308153588e-01,2.471680987806778793e-02,-4.201759189965198482e-01,-3.772950630851988341e-01
1.539652453069413063e-01,5.659616222523657925e-01,-5.710384321871805335e-01,2.475101743933832629e-02,-4.201402221060749342e-01,-3.772767053530814985e-01
1.539328671898755607e-01,5.660446209658482886e-01,-5.709207580821811234e-01,2.478522034042610414e-02,-4.201045300466217380e-01,-3.772583475197759939e-01
1.539004963340311616e-01,5.661276036785765076e-01,-5.708030825078842518e-01,2.481941859424357036e-02,-4.200688428500526372e-01,-3.772399895794946167e-01
1.538681327358210893e-01,5.662105704012567742e-01,-5.706854054602551463e-01,2.485361220993683937e-02,-4.200331605388499812e-01,-3.772216315284318000e-01
1.538357763924421695e-01,5.662935211425539350e-01,-5.705677269355625691e-01,2.488780119383646877e-02,-4.199974831327544789e-01,-3.772032733648426617e-01
1.538034273015123632e-01,5.663764559088585449e-01,-5.704500469323358081e-01,2.492198554991199508e-02,-4.199618106457796984e-01,-3.771849150876006029e-01
1.537710854611342715e-01,5.664593747052174555e-01,-5.703323654494391048e-01,2.495616528059317954e-02,-4.199261430898556524e-01,-3.771665566964739758e-01
1.537387508697031502e-01,5.665422775358315288e-01,-5.702146824855894858e-01,2.499034038673836333e-02,-4.198904804758704645e-01,-3.771481981915212889e-01
1.537064235260083567e-01,5.666251644037200164e-01,-5.700969980405330428e-01,2.502451086911245542e-02,-4.198548228120070336e-01,-3.771298395736550901e-01
1.536741034289302588e-01,5.667080353106174195e-01,-5.699793121160492415e-01,2.505867672786635941e-02,-4.198191701021247169e-01,-3.771114808433199128e-01
1.536417905776554516e-01,5.667908902585663267e-01,-5.698616247116912170e-01,2.509283796263600541e-02,-4.197835223531681814e-01,-3.770931220016626173e-01
1.536094849713924571e-01,5.668737292483584378e-01,-5.697439358294512646e-01,2.512699457280049772e-02,-4.197478795673751373e-01,-3.770747630491024238e-01
1.535771866096075078e-01,5.669565522812558545e-01,-5.696262454691269905e-01,2.516114655763005206e-02,-4.197122417502263114e-01,-3.770564039868112283e-01
1.535448954916912856e-01,5.670393593572726765e-01,-5.695085536334215659e-01,2.519529391639354840e-02,-4.196766089018688084e-01,-3.770380448150128516e-01
1.535126116171991462e-01,5.671221504763347410e-01,-5.693908603246677913e-01,2.522943664860489640e-02,-4.196409810227889614e-01,-3.770196855343482256e-01
1.534803349857857824e-01,5.672049256393105754e-01,-5.692731655421860992e-01,2.526357475295591334e-02,-4.196053581182792591e-01,-3.770013261453925013e-01
1.534480655971485474e-01,5.672876848455674637e-01,-5.691554692890611333e-01,2.529770822939413771e-02,-4.195697401870866483e-01,-3.769829666488174746e-01
1.534158034509302826e-01,5.673704280951142875e-01,-5.690377715664157732e-01,2.533183707665767614e-02,-4.195341272310260106e-01,-3.769646070444793717e-01
1.533835485469210447e-01,5.674531553872843581e-01,-5.689200723769467505e-01,2.536596129477101252e-02,-4.194985192491782477e-01,-3.769462473329693863e-01
1.533513008848897408e-01,5.675358667220301578e-01,-5.688023717214967245e-01,2.540008088285953744e-02,-4.194629162435565273e-01,-3.769278875143924346e-01
1.533190604646091915e-01,5.676185620987828084e-01,-5.686846696022086478e-01,2.543419584042104845e-02,-4.194273182139063860e-01,-3.769095275887167085e-01
1.532868272859247150e-01,5.677012415169547799e-01,-5.685669660211403187e-01,2.546830616732743621e-02,-4.193917251600567941e-01,-3.768911675561895103e-01
1.532546013486174308e-01,5.677839049759630941e-01,-5.684492609802805907e-01,2.550241186295741300e-02,-4.193561370818416068e-01,-3.768728074164828246e-01
1.532223826525938581e-01,5.678665524753111482e-01,-5.683315544812094222e-01,2.553651292722863494e-02,-4.193205539797558168e-01,-3.768544471698834220e-01
1.531901711976139113e-01,5.679491840139742065e-01,-5.682138465270518690e-01,2.557060935982321051e-02,-4.192849758516042358e-01,-3.768360868158272536e-01
1.531579669835520519e-01,5.680317995919849094e-01,-5.680961371179192865e-01,2.560470116000954782e-02,-4.192494027002505730e-01,-3.768177263541709343e-01
1.531257700102932051e-01,5.681143992085085914e-01,-5.679784262562146413e-01,2.563878832787148954e-02,-4.192138345246517739e-01,-3.767993657849141309e-01
1.530935802776946519e-01,5.681969828629573893e-01,-5.678607139436896434e-01,2.567287086310370697e-02,-4.191782713248729531e-01,-3.767810051077037370e-01
1.530613977856637442e-01,5.682795505544236958e-01,-5.677430001828569495e-01,2.570694876591685107e-02,-4.191427130996415729e-01,-3.767626443225129962e-01
1.530292225340166568e-01,5.683621022822122892e-01,-5.676252849757628116e-01,2.574102203593841426e-02,-4.191071598484371608e-01,-3.767442834287294540e-01
1.529970545227035961e-01,5.684446380455955294e-01,-5.675075683243570035e-01,2.577509067337905094e-02,-4.190716115709364198e-01,-3.767259224264110085e-01
1.529648937516241980e-01,5.685271578441263296e-01,-5.673898502299007385e-01,2.580915467802744750e-02,-4.190360682679426518e-01,-3.767075613153398339e-01
1.529327402205595265e-01,5.686096616769831247e-01,-5.672721306947622333e-01,2.584321404942319447e-02,-4.190005299383238735e-01,-3.766892000946203689e-01
1.529005939294856287e-01,5.686921495434202889e-01,-5.671544097209022528e-01,2.587726878797126304e-02,-4.189649965817121569e-01,-3.766708387643962763e-01
1.528684548782415220e-01,5.687746214428784919e-01,-5.670366873099123017e-01,2.591131889323822213e-02,-4.189294681983125601e-01,-3.766524773240180202e-01
1.528363230667524053e-01,5.688570773745889042e-01,-5.669189634638666098e-01,2.594536436545221564e-02,-4.188939447875142386e-01,-3.766341157733938405e-01
1.528041984948384502e-01,5.689395173379561133e-01,-5.668012381844419467e-01,2.597940520408451026e-02,-4.188584263493521087e-01,-3.766157541116918472e-01
1.527720811624363184e-01,5.690219413317672004e-01,-5.666835114749374513e-01,2.601344140991465603e-02,-4.188229128811805646e-01,-3.765973923389643319e-01
1.527399710694514745e-01,5.691043493558264332e-01,-5.665657833358336282e-01,2.604747298240719933e-02,-4.187874043850687844e-01,-3.765790304547380063e-01
1.527078682157712308e-01,5.691867414091873467e-01,-5.664480537697067497e-01,2.608149992176766324e-02,-4.187519008595440573e-01,-3.765606684586734199e-01
1.526757726012355210e-01,5.692691174911190810e-01,-5.663303227786005145e-01,2.611552222778794688e-02,-4.187164023040055305e-01,-3.765423063501368572e-01
1.526436842257954674e-01,5.693514776010046852e-01,-5.662125903641139768e-01,2.614953990062761358e-02,-4.186809087186537104e-01,-3.765239441290350042e-01
1.526116030893204800e-01,5.694338217381664791e-01,-5.660948565280757849e-01,2.618355294004839559e-02,-4.186454201032971389e-01,-3.765055817947354777e-01
1.525795291917141083e-01,5.695161499015660711e-01,-5.659771212733353263e-01,2.621756134655526746e-02,-4.186099364559935365e-01,-3.764872193471042183e-01
1.525474625328309131e-01,5.695984620906224816e-01,-5.658593846014815520e-01,2.625156511978780569e-02,-4.185744577769248131e-01,-3.764688567854843626e-01
1.525154031125820764e-01,5.696807583047822643e-01,-5.657416465139687434e-01,2.628556425966380172e-02,-4.185389840665065253e-01,-3.764504941095114798e-01
1.524833509308974600e-01,5.697630385431586841e-01,-5.656239070131610092e-01,2.631955876652022561e-02,-4.185035153236655314e-01,-3.764321313190239771e-01
1.524513059876157484e-01,5.698453028052432590e-01,-5.655061661004842088e-01,2.635354863993482483e-02,-4.184680515488301555e-01,-3.764137684133079809e-01
1.524192682826402689e-01,5.699275510899546315e-01,-5.653884237788530109e-01,2.638753388030808111e-02,-4.184325927399905609e-01,-3.763954053920808840e-01
1.523872378158583341e-01,5.700097833968869043e-01,-5.652706800493471073e-01,2.642151448731450830e-02,-4.183971388981757022e-01,-3.763770422548570194e-01
1.523552145871939489e-01,5.700919997252844595e-01,-5.651529349140076430e-01,2.645549046122725942e-02,-4.183616900228446234e-01,-3.763586790014913919e-01
1.523231985964982049e-01,5.701742000740892546e-01,-5.650351883756807858e-01,2.648946180206592296e-02,-4.183262461120716980e-01,-3.763403156312806197e-01
1.522911898436496714e-01,5.702563844431278728e-01,-5.649174404348933365e-01,2.652342850940024935e-02,-4.182908071678098083e-01,-3.763219521438270765e-01
1.522591883286019965e-01,5.703385528314157682e-01,-5.647996910942101323e-01,2.655739058372262248e-02,-4.182553731886609616e-01,-3.763035885390010882e-01
1.522271940511742416e-01,5.704207052379772769e-01,-5.646819403563090312e-01,2.659134802486156843e-02,-4.182199441729829714e-01,-3.762852248159707647e-01
1.521952070113265776e-01,5.705028416622180965e-01,-5.645641882227639963e-01,2.662530083316766091e-02,-4.181845201210048768e-01,-3.762668609748439086e-01
1.521632272089141757e-01,5.705849621035715691e-01,-5.644464346951176825e-01,2.665924900829739000e-02,-4.181491010329937974e-01,-3.762484970149516661e-01
1.521312546438763624e-01,5.706670665614532734e-01,-5.643286797748787720e-01,2.669319255032250385e-02,-4.181136869093171615e-01,-3.762301329360828173e-01
1.520992893160632020e-01,5.707491550348839926e-01,-5.642109234647273430e-01,2.672713145929914505e-02,-4.180782777483401103e-01,-3.762117687376339004e-01
1.520673312252908971e-01,5.708312275229914246e-01,-5.640931657671092170e-01,2.676106573508295686e-02,-4.180428735487974334e-01,-3.761934044188491866e-01
1.520353803716005259e-01,5.709132840252618690e-01,-5.639754066832363133e-01,2.679499537819010277e-02,-4.180074743115737013e-01,-3.761750399801622735e-01
1.520034367547085929e-01,5.709953245406982347e-01,-5.638576462159712310e-01,2.682892038805228391e-02,-4.179720800346867216e-01,-3.761566754201750018e-01
1.519715003746400228e-01,5.710773490689855514e-01,-5.637398843660293979e-01,2.686284076497575876e-02,-4.179366907198597825e-01,-3.761383107392085035e-01
1.519395712312337221e-01,5.711593576088976887e-01,-5.636221211367703487e-01,2.689675650921665231e-02,-4.179013063643026160e-01,-3.761199459367142728e-01
1.519076493243331494e-01,5.712413501601640853e-01,-5.635043565289530321e-01,2.693066762010135756e-02,-4.178659269696221035e-01,-3.761015810118643055e-01
1.518757346539533759e-01,5.713233267221674572e-01,-5.633865905441277633e-01,2.696457409821020543e-02,-4.178305525361293848e-01,-3.760832159650118189e-01
1.518438272198868733e-01,5.714052872935729832e-01,-5.632688231859536154e-01,2.699847594357875774e-02,-4.177951830605335926e-01,-3.760648507952306652e-01
1.518119270220422146e-01,5.714872318740199519e-01,-5.631510544553878228e-01,2.703237315598987570e-02,-4.177598185441261935e-01,-3.760464855021610209e-01
1.517800340603274456e-01,5.715691604628999611e-01,-5.630332843540679644e-01,2.706626573549719694e-02,-4.177244589870471314e-01,-3.760281200855579709e-01
1.517481483345795856e-01,5.716510730592785361e-01,-5.629155128845821920e-01,2.710015368211500866e-02,-4.176891043878243615e-01,-3.760097545447906864e-01
1.517162698447325764e-01,5.717329696623837387e-01,-5.627977400489158066e-01,2.713403699602170635e-02,-4.176537547460191790e-01,-3.759913888796357351e-01
1.516843985906298486e-01,5.718148502714375248e-01,-5.626799658492239731e-01,2.716791567710689220e-02,-4.176184100608986705e-01,-3.759730230894643976e-01
1.516525345722421758e-01,5.718967148858941085e-01,-5.625621902868845892e-01,2.720178972560481634e-02,-4.175830703330544735e-01,-3.759546571743347387e-01
1.516206777893652213e-01,5.719785635051894968e-01,-5.624444133635017051e-01,2.723565914092371254e-02,-4.175477355626556752e-01,-3.759362911332652657e-01
1.515888282419617372e-01,5.720603961279199234e-01,-5.623266350827978988e-01,2.726952392411551365e-02,-4.175124057464053573e-01,-3.759179249663871514e-01
1.515569859298521171e-01,5.721422127536830438e-01,-5.622088554459095944e-01,2.730338407454250410e-02,-4.174770808852513726e-01,-3.758995586728660632e-01
1.515251508529326663e-01,5.722240133821039354e-01,-5.620910744538160086e-01,2.733723959191871472e-02,-4.174417609804160767e-01,-3.758811922522901638e-01
1.514933230111347451e-01,5.723057980119982124e-01,-5.619732921097052580e-01,2.737109047698089645e-02,-4.174064460295074386e-01,-3.758628257046435772e-01
1.514615024043242941e-01,5.723875666428857034e-01,-5.618555084148353362e-01,2.740493672930484695e-02,-4.173711360332816311e-01,-3.758444590292457921e-01
1.514296890323562073e-01,5.724693192737019265e-01,-5.617377233721367880e-01,2.743877834915191272e-02,-4.173358309897189367e-01,-3.758260922256501657e-01
1.513978828951655087e-01,5.725510559043694991e-01,-5.616199369817740372e-01,2.747261533618122406e-02,-4.173005309014546360e-01,-3.758077252936502521e-01
1.513660839926513069e-01,5.726327765336485243e-01,-5.615021492470548825e-01,2.750644769093346653e-02,-4.172652357658334088e-01,-3.757893582329716042e-01
1.513342923246185912e-01,5.727144811608112507e-01,-5.613843601700002628e-01,2.754027541296315967e-02,-4.172299455823680336e-01,-3.757709910426754729e-01
1.520798053271322781e-01,5.729105239921019610e-01,-5.602366563878323769e-01,2.733770694444943514e-02,-4.234860292993261055e-01,-3.730533619496057551e-01
1.520436040506611408e-01,5.730084160929972414e-01,-5.601111713543941439e-01,2.734303501006943651e-02,-4.234982730864923495e-01,-3.730623236499638895e-01
1.520082191216322598e-01,5.731034320191695786e-01,-5.599873042406909862e-01,2.735120544328566855e-02,-4.235014696675954982e-01,-3.730688091589257072e-01
1.519735740137354851e-01,5.731960717641358949e-01,-5.598646817626767858e-01,2.736211130245495490e-02,-4.234974269944353775e-01,-3.730727351125991964e-01
1.519395822011374020e-01,5.732867585144804101e-01,-5.597430168173326281e-01,2.737558998218505429e-02,-4.234875675472440926e-01,-3.730741645280824526e-01
1.519061573292876666e-01,5.733758458243634060e-01,-5.596220884872831203e-01,2.739144688128126309e-02,-4.234730171372109164e-01,-3.730732444863609776e-01
1.518732186030366527e-01,5.734636263703184467e-01,-5.595017266619585206e-01,2.740947244448239256e-02,-4.234546714287054647e-01,-3.730701656925963783e-01
1.518406932834022727e-01,5.735503408054778429e-01,-5.593818002906494335e-01,2.742945412696762633e-02,-4.234332462847825718e-01,-3.730651366309848949e-01
1.518085174931847470e-01,5.736361860294391102e-01,-5.592622083849443371e-01,2.745118451803697443e-02,-4.234093162117468778e-01,-3.730583674296095165e-01
1.515264366538066898e-01,5.737870284119733766e-01,-5.594569189011596722e-01,2.615177916703455979e-02,-4.226856397537081533e-01,-3.748823454520718301e-01
1.514860078438598490e-01,5.738630778301576640e-01,-5.593560384863324186e-01,2.608644172207716730e-02,-4.226306972985587884e-01,-3.749649878019766236e-01
1.514480869582529587e-01,5.739390712018210827e-01,-5.592515007995016996e-01,2.603961500834688081e-02,-4.225834797304404700e-01,-3.750253141397797418e-01
1.514118090676257466e-01,5.740153991639772579e-01,-5.591441397132481672e-01,2.600783674258059716e-02,-4.225414710900258219e-01,-3.750687395055499751e-01
1.513766161608657290e-01,5.740922228494498292e-01,-5.590345940617308385e-01,2.598828589702247005e-02,-4.225029470375552543e-01,-3.750992282502909614e-01
1.513421480550365128e-01,5.741695762071341580e-01,-5.589233546089511506e-01,2.597866912135681286e-02,-4.224667253525689059e-01,-3.751197171134811881e-01
1.513081718478702653e-01,5.742474273909649041e-01,-5.588107993479131119e-01,2.597712471684348115e-02,-4.224319963033460468e-01,-3.751324066865234785e-01
1.512745364033336037e-01,5.743257147405227414e-01,-5.586972201153078688e-01,2.598214264234659232e-02,-4.223982068251679878e-01,-3.751389641113922480e-01
1.512411430540653856e-01,5.744043671502491177e-01,-5.585828427279918573e-01,2.599249853601651866e-02,-4.223649811061352399e-01,-3.751406654651894268e-01
1.509456379454711950e-01,5.745180559055078628e-01,-5.588313171095194987e-01,2.427286507141105179e-02,-4.215732139451584537e-01,-3.773275380044389671e-01
1.509055254470180740e-01,5.745902552954350595e-01,-5.587304124218532841e-01,2.420909145876358470e-02,-4.215272115078071979e-01,-3.774012997900788591e-01
1.508670345511361477e-01,5.746632198954292337e-01,-5.586261869303172922e-01,2.416367866111403598e-02,-4.214867120672579626e-01,-3.774555454526025144e-01
1.508296202339535763e-01,5.747370086011774903e-01,-5.585193860343217187e-01,2.413317840307435333e-02,-4.214498765115477497e-01,-3.774947236279491136e-01
1.507929309638564863e-01,5.748115763467841477e-01,-5.584105842659260466e-01,2.411479198681832845e-02,-4.214154410530406292e-01,-3.775221634610116950e-01
1.507567394164153196e-01,5.748868304394842976e-01,-5.583002254056425029e-01,2.410624998439617542e-02,-4.213825390683683114e-01,-3.775403839001081896e-01
1.507208978643681252e-01,5.749626625249132372e-01,-5.581886529361843596e-01,2.410571290886640364e-02,-4.213505787755040255e-01,-3.775513106911662642e-01
1.506853095318854974e-01,5.750389657898833384e-01,-5.580761332107329054e-01,2.411168982234571101e-02,-4.213191589161269235e-01,-3.775564302438249586e-01
1.506499102488286501e-01,5.751156433900365128e-01,-5.579628731313793777e-01,2.412297198842669119e-02,-4.212880103999130932e-01,-3.775568999369033896e-01
1.503834937589136611e-01,5.752002895421998163e-01,-5.581915205699976568e-01,2.241034352021510634e-02,-4.205457900245810343e-01,-3.796400479915538195e-01
1.503432323940864235e-01,5.752703343911382827e-01,-5.580911288707686158e-01,2.234747988250087095e-02,-4.205014565480469368e-01,-3.797110976871823640e-01
1.503043620751949583e-01,5.753413770284786510e-01,-5.579874676416062274e-01,2.230290373900502277e-02,-4.204622874336573224e-01,-3.797633116022575694e-01
1.502664154596520252e-01,5.754133942132567681e-01,-5.578812679802921393e-01,2.227317018910801236e-02,-4.204265632408403230e-01,-3.798009174475284189e-01
1.502290921245366118e-01,5.754862879077400351e-01,-5.577730942517168389e-01,2.225548708285900526e-02,-4.203930982458836674e-01,-3.798270974317305426e-01
1.501921984322523163e-01,5.755599312712873505e-01,-5.576633829769861439e-01,2.224759270821384180e-02,-4.203610766629009565e-01,-3.798442723194229154e-01
1.501556089151655504e-01,5.756341939431233179e-01,-5.575524724283101863e-01,2.224765536256029588e-02,-4.203299397403205684e-01,-3.798543018981531683e-01
1.501192415536126146e-01,5.757089549283178620e-01,-5.574406251978637483e-01,2.225419138829979118e-02,-4.202993076108604842e-01,-3.798586279882759653e-01
1.500830420004672927e-01,5.757841082377430642e-01,-5.573280454567167697e-01,2.226599856998441249e-02,-4.202689249758497780e-01,-3.798583776095568187e-01
1.500469735470543742e-01,5.758595644482300546e-01,-5.572148921839550351e-01,2.228210216938100730e-02,-4.202386232216550055e-01,-3.798544382415434684e-01
1.498216276915218803e-01,5.758670559234788655e-01,-5.575435288903729525e-01,2.050350238554404445e-02,-4.195572320232627272e-01,-3.819505961847646791e-01
1.497821220337923753e-01,5.759364052712936388e-01,-5.574429974428835033e-01,2.043815054617119029e-02,-4.195146145475259769e-01,-3.820230212309615458e-01
1.497439429683162515e-01,5.760067895997209586e-01,-5.573392107321272215e-01,2.039141994452203094e-02,-4.194768711592862798e-01,-3.820765350585184073e-01
1.497066486358849258e-01,5.760781651296752459e-01,-5.572328955104248749e-01,2.035980913282912572e-02,-4.194423500980286601e-01,-3.821153364889039450e-01
1.496699547935102792e-01,5.761504218428938895e-01,-5.571246130976652555e-01,2.034047993400057291e-02,-4.194099151616797472e-01,-3.821425975201164782e-01
1.496336779706490816e-01,5.762234262261809459e-01,-5.570147978827395541e-01,2.033113284465009121e-02,-4.193787873647678577e-01,-3.821607395390060891e-01
1.495976989960980941e-01,5.762970444911406087e-01,-5.569037866465285092e-01,2.032990491831400404e-02,-4.193484357260165440e-01,-3.821716288819180796e-01
1.495619396690753833e-01,5.763711541565265106e-01,-5.567918409413926684e-01,2.033528653138259867e-02,-4.193185016458366721e-01,-3.821767168260309377e-01
1.495263478866448448e-01,5.764456488732009332e-01,-5.566791642142059349e-01,2.034605380112256001e-02,-4.192887463448373153e-01,-3.821771409354667859e-01
1.494908881932093814e-01,5.765204394783433051e-01,-5.565659149437994779e-01,2.036121385437354714e-02,-4.192590142019044230e-01,-3.821737992601000333e-01
1.491075228970940858e-01,5.765409113157503596e-01,-5.571346699246607637e-01,1.647487657638126504e-02,-4.185682182877620283e-01,-3.863289085204349993e-01
1.490782858529441368e-01,5.766221539542533137e-01,-5.570046174559856178e-01,1.661896255131615693e-02,-4.185389280314266158e-01,-3.862109961301360417e-01
1.490479308227609934e-01,5.767022045166196875e-01,-5.568776982399646913e-01,1.674305675911079080e-02,-4.185063724184107659e-01,-3.861122338869892867e-01
1.490168092173948522e-01,5.767812006912932388e-01,-5.567532158609570514e-01,1.685087804317387042e-02,-4.184718297693857392e-01,-3.860285792049573117e-01
1.489851497614958498e-01,5.768593039868789019e-01,-5.566306323731666783e-01,1.694544445678195996e-02,-4.184361606636871622e-01,-3.859569248258843399e-01
1.489531027951999931e-01,5.769366738259412708e-01,-5.565095310407045526e-01,1.702920554538063166e-02,-4.183999382987727000e-01,-3.858948603752518358e-01
1.489207685421747029e-01,5.770134547874591346e-01,-5.563895882519477309e-01,1.710415009873824874e-02,-4.183635381467318837e-01,-3.858405003520586907e-01
1.488882151112880248e-01,5.770897714920407706e-01,-5.562705521910868978e-01,1.717189367708298747e-02,-4.183271998895327082e-01,-3.857923586860993459e-01
1.488554899385922115e-01,5.771657277296637911e-01,-5.561522265708460644e-01,1.723374957152977796e-02,-4.182910703105467420e-01,-3.857492562432267569e-01
1.488226270465048684e-01,5.772414077871257376e-01,-5.560344581588860802e-01,1.729078624179701887e-02,-4.182552330790898498e-01,-3.857102518689658477e-01
1.483514769098849828e-01,5.773440926495728709e-01,-5.566490859478264719e-01,1.292075487336176443e-02,-4.174905608567596738e-01,-3.904892367631973005e-01
1.483221795837499080e-01,5.774233889298243660e-01,-5.565208114093680436e-01,1.305947951415954884e-02,-4.174568634542745738e-01,-3.903766547271161347e-01
1.482919078997272933e-01,5.775016712010557773e-01,-5.563952962565652527e-01,1.317930925533491483e-02,-4.174210581455608526e-01,-3.902818345102311848e-01
1.482609521885492054e-01,5.775790723230380674e-01,-5.562719298150314851e-01,1.328373180648256650e-02,-4.173841228576138929e-01,-3.902011154140162530e-01
1.482295039407940107e-01,5.776557380068532144e-01,-5.561502396350020971e-01,1.337558153917701824e-02,-4.173467001440910873e-01,-3.901316614782135428e-01
1.481976912025320670e-01,5.777318074966697470e-01,-5.560298592294592446e-01,1.345716247686362319e-02,-4.173092036440823049e-01,-3.900712565774967500e-01
1.481656011837811371e-01,5.778074045142111981e-01,-5.559105036625388019e-01,1.353034841283869832e-02,-4.172718911589138324e-01,-3.900181553881403307e-01
1.481332946791163729e-01,5.778826340773556280e-01,-5.557919509779335465e-01,1.359666423208702110e-02,-4.172349149472046048e-01,-3.899709737824240685e-01
1.481008152557328483e-01,5.779575825219674945e-01,-5.556740279878105149e-01,1.365735184961574221e-02,-4.171983564181361293e-01,-3.899286073151477794e-01
1.480681951061429968e-01,5.780323191157848983e-01,-5.555565993676643277e-01,1.371342362397853266e-02,-4.171622500527775723e-01,-3.898901699436825297e-01
1.475928269816142724e-01,5.781706248106538437e-01,-5.561386821988453244e-01,9.372870906599715599e-03,-4.164500708561564291e-01,-3.946471976931371639e-01
1.475622112789214402e-01,5.782480885421871220e-01,-5.560117041980131569e-01,9.511928729118643289e-03,-4.164158138741657633e-01,-3.945339674414667375e-01
1.475306100318537483e-01,5.783246556298016205e-01,-5.558874055499816169e-01,9.632196623101205168e-03,-4.163796868846682542e-01,-3.944384515065229024e-01
1.474983151775096923e-01,5.784004327414988822e-01,-5.557651926723342628e-01,9.737132898957751026e-03,-4.163426211056370785e-01,-3.943570080162344671e-01
1.474655197908708304e-01,5.784755452768773898e-01,-5.556446065674564005e-01,9.829549986701033304e-03,-4.163052215146019752e-01,-3.942868138993441129e-01
1.474323533647252660e-01,5.785501167171803738e-01,-5.555252913288324379e-01,9.911735642631615967e-03,-4.162678715476182401e-01,-3.942256617266362562e-01
1.473989043723059611e-01,5.786242585428289509e-01,-5.554069703403161640e-01,9.985551696592875892e-03,-4.162308047390992360e-01,-3.941718119184492441e-01
1.473652346792735102e-01,5.786980662605676340e-01,-5.552894281844378277e-01,1.005251431585375659e-02,-4.161941538583080469e-01,-3.941238840188187598e-01
1.473313887427152025e-01,5.787716188124154559e-01,-5.551724968136052540e-01,1.011385913452529477e-02,-4.161579846608388644e-01,-3.940807758102680691e-01
1.472973994837531997e-01,5.788449797184367362e-01,-5.550560449380349537e-01,1.017059404795826044e-02,-4.161223190648401515e-01,-3.940416024826772223e-01
1.469207195996214965e-01,5.789847879987387591e-01,-5.554659577998988240e-01,7.299816929791202134e-03,-4.153215031750797093e-01,-3.973928533932243323e-01
1.468789059635503824e-01,5.790531278831149153e-01,-5.553644235953566488e-01,7.234866853887050864e-03,-4.152963941040359042e-01,-3.974617001331982591e-01
1.468380992641770966e-01,5.791221190107178618e-01,-5.552603824555123468e-01,7.188102676619494841e-03,-4.152727410434793875e-01,-3.975132696515800701e-01
1.467980120243679854e-01,5.791917005470884616e-01,-5.551543889911950691e-01,7.156194721388132660e-03,-4.152497069897886917e-01,-3.975511026807168058e-01
1.467584523683404529e-01,5.792617831724736766e-01,-5.550468726070034720e-01,7.136431659824983217e-03,-4.152267590463659674e-01,-3.975779449151904399e-01
1.467192903649804370e-01,5.793322718662934356e-01,-5.549381664221030297e-01,7.126605088934243049e-03,-4.152035694835475299e-01,-3.975959445636635947e-01
1.466804363704679037e-01,5.794030776135274952e-01,-5.548285293263971463e-01,7.124915371412592416e-03,-4.151799481181411289e-01,-3.976067958224481780e-01
1.466418271053835098e-01,5.794741226292009495e-01,-5.547181628620526661e-01,7.129895020635230313e-03,-4.151557960682840664e-01,-3.976118443090458365e-01
1.466034167077896744e-01,5.795453419339071655e-01,-5.546072241737909359e-01,7.140346465552227517e-03,-4.151310741460521037e-01,-3.976121654479523038e-01
1.465651709800530889e-01,5.796166829905913254e-01,-5.544958359672057524e-01,7.155291549332734070e-03,-4.151057812978172223e-01,-3.976086234079994064e-01
1.462306044119139059e-01,5.797086347860923583e-01,-5.548907863574664701e-01,4.219866384429413718e-03,-4.144079873907257072e-01,-4.008766779072775455e-01
1.461866273250695958e-01,5.797749809498891072e-01,-5.547908247483359645e-01,4.153983725045067368e-03,-4.143855619753367692e-01,-4.009452924282190245e-01
1.461435405196683524e-01,5.798420987194352616e-01,-5.546883777675937210e-01,4.106662386635890477e-03,-4.143641942786060461e-01,-4.009966600566429729e-01
1.461010997570308945e-01,5.799098792043139161e-01,-5.545839935940746201e-01,4.074503117994784235e-03,-4.143431505044084528e-01,-4.010342546675990660e-01
1.460591409845061472e-01,5.799782029498372626e-01,-5.544780971425343763e-01,4.054739249015771457e-03,-4.143219709436272713e-01,-4.010607876459984511e-01
1.460175520862443954e-01,5.800469562518021371e-01,-5.543710183868291175e-01,4.045117934861918764e-03,-4.143003804922035238e-01,-4.010783925697801178e-01
1.459762547515275899e-01,5.801160386942909586e-01,-5.542630140005512240e-01,4.043803565624948249e-03,-4.142782273694244344e-01,-4.010887605574608439e-01
1.459351928471113169e-01,5.801853656909705670e-01,-5.541542839579430835e-01,4.049299346722462500e-03,-4.142554411363620903e-01,-4.010932406169148146e-01
1.458943249624207184e-01,5.802548683418673470e-01,-5.540449842858662377e-01,4.060383700013302406e-03,-4.142320039915156071e-01,-4.010929148926186127e-01
1.458536196252753492e-01,5.803244919716047390e-01,-5.539352368866363729e-01,4.076058719058866728e-03,-4.142079311969425470e-01,-4.010886557048570777e-01
1.455542340470772356e-01,5.803693377732317416e-01,-5.543226461456975951e-01,1.121472729279111152e-03,-4.135424276380655351e-01,-4.042682888731265467e-01
1.455092545346949040e-01,5.804338253327795405e-01,-5.542238376384356346e-01,1.056248469211425655e-03,-4.135204227475526850e-01,-4.043353812120719093e-01
1.454650387899649178e-01,5.804992575342250438e-01,-5.541225295159196707e-01,1.009656767371025499e-03,-4.134994472914003127e-01,-4.043854532419122183e-01
1.454213813915565534e-01,5.805654741505728023e-01,-5.540192724527869261e-01,9.782705966882828189e-04,-4.134787948364021526e-01,-4.044219046983956733e-01
1.453781445834335662e-01,5.806323206030565842e-01,-5.539144935818445248e-01,9.593042975885065875e-04,-4.134580202505750424e-01,-4.044473988976517997e-01
1.453352341868835162e-01,5.806996589580917245e-01,-5.538085247716888482e-01,9.504921876951565561e-04,-4.134368553087286458e-01,-4.044640380851823314e-01
1.452925842241852838e-01,5.807673719277741675e-01,-5.537016242814509770e-01,9.499901319243894389e-04,-4.134151505816512917e-01,-4.044734927903999022e-01
1.452501471184942383e-01,5.808353630597965500e-01,-5.535939933794161716e-01,9.562958209224396364e-04,-4.133928354468884292e-01,-4.044770983286276045e-01
1.452078874563522137e-01,5.809035550161533168e-01,-5.534857891346106618e-01,9.681842599573843664e-04,-4.133698905885741515e-01,-4.044759275903774265e-01
1.451657780154347044e-01,5.809718870513526090e-01,-5.533771342776391267e-01,9.846555733127803581e-04,-4.133463291488241320e-01,-4.044708465048653112e-01
1.448893960428049854e-01,5.809933807164198161e-01,-5.537488911769297140e-01,-1.950684354460580517e-03,-4.127157483211347788e-01,-4.075629358878128383e-01
1.448442053902556370e-01,5.810569350819397849e-01,-5.536504093946211791e-01,-2.014753810581264640e-03,-4.126942159639723218e-01,-4.076284207245275959e-01
1.447996941948728467e-01,5.811215086482147685e-01,-5.535494610962133910e-01,-2.060332394846214107e-03,-4.126736191686886102e-01,-4.076771886221340901e-01
1.447556830966167385e-01,5.811869157331930325e-01,-5.534465894960354237e-01,-2.090828046922986634e-03,-4.126532881280405851e-01,-4.077125581700830614e-01
1.447120518824467350e-01,5.812529853471233299e-01,-5.533422160338274942e-01,-2.109009059853736781e-03,-4.126328013886929602e-01,-4.077371358678942292e-01
1.446687182644731950e-01,5.813195689577321801e-01,-5.532366682148739390e-01,-2.117125686657646624e-03,-4.126119059017502866e-01,-4.077529836385256901e-01
1.446256243914111339e-01,5.813865424117555802e-01,-5.531302009329960301e-01,-2.117008576232514479e-03,-4.125904618516450517e-01,-4.077617429713101815e-01
1.445827282953145720e-01,5.814538047846331548e-01,-5.530230128498362374e-01,-2.110148379292329374e-03,-4.125684045923236898e-01,-4.077647279443999406e-01
1.445399984779392744e-01,5.815212757997790805e-01,-5.529152590057366812e-01,-2.097760094078621358e-03,-4.125457184179129877e-01,-4.077629956686407708e-01
1.444974104851926011e-01,5.815888927559034194e-01,-5.528070605455003284e-01,-2.080835074282483439e-03,-4.125224185500768748e-01,-4.077574001632903733e-01
1.442369124657796875e-01,5.816091532059816105e-01,-5.531490677352455254e-01,-4.918921333775506943e-03,-4.119395188744439662e-01,-4.107166503477603925e-01
1.441915421146811038e-01,5.816723246220460997e-01,-5.530504427765124964e-01,-4.979481137620301451e-03,-4.119186772114620809e-01,-4.107788049058137547e-01
1.441467960547243854e-01,5.817364832952069964e-01,-5.529494663888976369e-01,-5.022163017839047575e-03,-4.118985907404586477e-01,-4.108248703424313142e-01
1.441025121723683022e-01,5.818014445159611636e-01,-5.528466565440917080e-01,-5.050261359892601297e-03,-4.118786479055640548e-01,-4.108580258207911173e-01
1.440585816298902977e-01,5.818670406314444543e-01,-5.527424150571702555e-01,-5.066452050436454427e-03,-4.118584678436111868e-01,-4.108807726547300532e-01
1.440149297013672280e-01,5.819331273211930666e-01,-5.526370541556812066e-01,-5.072910200763484749e-03,-4.118378257553978461e-01,-4.108950925559406997e-01
1.439715036173332408e-01,5.819995847059103999e-01,-5.525308168233983297e-01,-5.071405375698436954e-03,-4.118166014269908359e-01,-4.109025652312741639e-01
1.439282648743804849e-01,5.820663157876833083e-01,-5.524238924273516815e-01,-5.063378566465425237e-03,-4.117947437347927453e-01,-4.109044567321138985e-01
1.438851843791808527e-01,5.821332436966866197e-01,-5.523164287443697029e-01,-5.050004388541952383e-03,-4.117722462204580491e-01,-4.109017865218355658e-01
1.438422393840839697e-01,5.822003085760866226e-01,-5.522085412376029900e-01,-5.032241337368990181e-03,-4.117491303429313687e-01,-4.108953788886280378e-01
1.437994115488192559e-01,5.822674645503570501e-01,-5.521003202261710596e-01,-5.010872408279895551e-03,-4.117254340655354672e-01,-4.108859027101832151e-01
1.435588990386970909e-01,5.821903153005504317e-01,-5.526276609302754883e-01,-8.915914976491468025e-03,-4.113867168043408573e-01,-4.147094337365627159e-01
1.435189907786536545e-01,5.822624395211850601e-01,-5.525061194858237323e-01,-8.767542605096321703e-03,-4.113557527583541762e-01,-4.145891650790219374e-01
1.434783828528585492e-01,5.823333051746824029e-01,-5.523873733225006522e-01,-8.639114192064135250e-03,-4.113229498576284615e-01,-4.144870713735839818e-01
1.434372845593567258e-01,5.824031181022221171e-01,-5.522708015972788154e-01,-8.526918931107477229e-03,-4.112892228518664761e-01,-4.143994741034444651e-01
1.433958317255623338e-01,5.824720738377257012e-01,-5.521559242283978763e-01,-8.427948722559341563e-03,-4.112551695467837054e-01,-4.143235012076810220e-01
1.433541138544281723e-01,5.825403459110923832e-01,-5.520423690636864222e-01,-8.339763699486883383e-03,-4.112211709794044712e-01,-4.142568933498763650e-01
1.433121912366073225e-01,5.826080818574170817e-01,-5.519298470028520809e-01,-8.260383451715576017e-03,-4.111874605093821522e-01,-4.141978612140761462e-01
1.432701056916487470e-01,5.826754034092522794e-01,-5.518181330590739009e-01,-8.188199138063253710e-03,-4.111541715661882757e-01,-4.141449792593369095e-01
1.432278872808447900e-01,5.827424087729610180e-01,-5.517070518645621480e-01,-8.121902535423055139e-03,-4.111213706971125759e-01,-4.140971057869811123e-01
1.431855584856492891e-01,5.828091757574005438e-01,-5.515964665431014602e-01,-8.060428779667829988e-03,-4.110890804212629090e-01,-4.140533222025230553e-01
1.431431367990435022e-01,5.828757650749797348e-01,-5.514862701281892932e-01,-8.002910163968922005e-03,-4.110572950187393881e-01,-4.140128864275515741e-01
1.429660889444187843e-01,5.828217630757526191e-01,-5.518652232448857387e-01,-1.046913159413035734e-02,-4.105390275243396836e-01,-4.165440870025103326e-01
1.429161080456761990e-01,5.828800907025029066e-01,-5.517720355621914541e-01,-1.053628614128595750e-02,-4.105164174463613036e-01,-4.166122617734835942e-01
1.428667968399351951e-01,5.829396301409023318e-01,-5.516760935654534403e-01,-1.058375614001317092e-02,-4.104955683584176063e-01,-4.166625057465497828e-01
1.428179627655681849e-01,5.830001770249580995e-01,-5.515780082529653239e-01,-1.061520665837157630e-02,-4.104755885953660921e-01,-4.166984426613934978e-01
1.427694805615675466e-01,5.830615378686130335e-01,-5.514782525337879049e-01,-1.063360798830981398e-02,-4.104558965743832499e-01,-4.167229030905817977e-01
1.427212674477035537e-01,5.831235414140872875e-01,-5.513771930818613942e-01,-1.064136895919192728e-02,-4.104361230175807562e-01,-4.167381147783628670e-01
1.426732674505198917e-01,5.831860423863923781e-01,-5.512751146647665301e-01,-1.064044464578128672e-02,-4.104160432934150782e-01,-4.167458428223243527e-01
1.426254415539483789e-01,5.832489211491345138e-01,-5.511722387804093293e-01,-1.063242329140324550e-02,-4.103955305447551938e-01,-4.167474940655193638e-01
1.425777615414413890e-01,5.833120813536887272e-01,-5.510687379527400287e-01,-1.061859642407815031e-02,-4.103745232329868986e-01,-4.167441956664066915e-01
1.423029789525075695e-01,5.832027577304856880e-01,-5.516268992959811879e-01,-1.447952503769581178e-02,-4.094216263834412062e-01,-4.206655010828657115e-01
1.422543185692475010e-01,5.832735259579084897e-01,-5.515090450686477297e-01,-1.432974013937660107e-02,-4.094065584417710402e-01,-4.205439377125669287e-01
1.422050937881638721e-01,5.833424299164394755e-01,-5.513945469446986936e-01,-1.420009283612819195e-02,-4.093869168331291108e-01,-4.204409679523579135e-01
1.421555224137842355e-01,5.834097584665718372e-01,-5.512826506958787842e-01,-1.408672120739522075e-02,-4.093642233442575940e-01,-4.203526414563378832e-01
1.421057352121268547e-01,5.834757873127944805e-01,-5.511727751340973480e-01,-1.398651543406487924e-02,-4.093395371277196437e-01,-4.202759173826029482e-01
1.420558098726570073e-01,5.835407629413743580e-01,-5.510644712043559768e-01,-1.389697028824984568e-02,-4.093135927788574824e-01,-4.202084360920508299e-01
1.420057921353680974e-01,5.836048968867652009e-01,-5.509573911607043017e-01,-1.381606640075982127e-02,-4.092868966877024617e-01,-4.201483530908990960e-01
1.419557088137569645e-01,5.836683656736217918e-01,-5.508512651950185912e-01,-1.374217482955254754e-02,-4.092597946078252447e-01,-4.200942170192275005e-01
1.419055757302779275e-01,5.837313136258569513e-01,-5.507458836318916973e-01,-1.367398043507694026e-02,-4.092325192374134391e-01,-4.200448790952170941e-01
1.417046173640953977e-01,5.836265561922325817e-01,-5.511445856016996547e-01,-1.623358345446160311e-02,-4.082379730067750012e-01,-4.227065584869648118e-01
1.416539582308285194e-01,5.836780002014483326e-01,-5.510569947337751184e-01,-1.629966340463966795e-02,-4.081999271693880771e-01,-4.227723399304323948e-01
1.416036524431674437e-01,5.837316722967756943e-01,-5.509658777987963552e-01,-1.634521014932698718e-02,-4.081669474880858517e-01,-4.228195704681447231e-01
1.415535475194121540e-01,5.837871868572090950e-01,-5.508720226723994307e-01,-1.637420425024243426e-02,-4.081374325924289614e-01,-4.228521823543556768e-01
1.415035579330195803e-01,5.838441965181898619e-01,-5.507760383857984721e-01,-1.638984191199884671e-02,-4.081102527576826455e-01,-4.228732085906551363e-01
1.414536377185187654e-01,5.839024015334312034e-01,-5.506783964417450994e-01,-1.639469101328630551e-02,-4.080846128966104658e-01,-4.228850064403731901e-01
1.414037636582434476e-01,5.839615506081511365e-01,-5.505794623955541089e-01,-1.639081615240393572e-02,-4.080599558579617314e-01,-4.228894206054475413e-01
1.413539251234373073e-01,5.840214373896387423e-01,-5.504795200385250720e-01,-1.637987872907033238e-02,-4.080358938846222472e-01,-4.228879035993490798e-01
1.413041180602752633e-01,5.840818950601512904e-01,-5.503787899557307517e-01,-1.636321699038146768e-02,-4.080121598396369009e-01,-4.228816054347062647e-01
1.412543415285712201e-01,5.841427904120402026e-01,-5.502774437939893515e-01,-1.634191002887051478e-02,-4.079885723850327217e-01,-4.228714410920283995e-01
1.410763652672097912e-01,5.839284195466536431e-01,-5.508602281291791192e-01,-2.021924237323360907e-02,-4.072323783004523357e-01,-4.265952072174879484e-01
1.410303266309506642e-01,5.840015925882896530e-01,-5.507403008652324017e-01,-2.007165090599240947e-02,-4.072133629282774780e-01,-4.264769690485058495e-01
1.409839599657251863e-01,5.840727286277205277e-01,-5.506235909537821049e-01,-1.994408967806982763e-02,-4.071904757465261704e-01,-4.263766161798097643e-01
1.409374006296192083e-01,5.841421929667619528e-01,-5.505093786608010742e-01,-1.983271513397444688e-02,-4.071650380026777816e-01,-4.262904376745246804e-01
1.408907256646755035e-01,5.842103075054032590e-01,-5.503971082278902305e-01,-1.973443457219277442e-02,-4.071379696122257030e-01,-4.262155515788627058e-01
1.408439777537863757e-01,5.842773459749810439e-01,-5.502863495182451770e-01,-1.964675782054796371e-02,-4.071099075562671366e-01,-4.261497037953334011e-01
1.407971798295200583e-01,5.843435354137814786e-01,-5.501767689790170168e-01,-1.956767824974090311e-02,-4.070812890720181265e-01,-4.260911199810088479e-01
1.407503438494889791e-01,5.844090606858032277e-01,-5.500681075232305428e-01,-1.949557739713523447e-02,-4.070524103958483297e-01,-4.260383954185023025e-01
1.407034759621838549e-01,5.844740701707177299e-01,-5.499601636228164114e-01,-1.942914855797168300e-02,-4.070234683767508521e-01,-4.259904123261583075e-01
1.406565794658999891e-01,5.845386815947321013e-01,-5.498527803234588562e-01,-1.936733558184794424e-02,-4.069945900642225056e-01,-4.259462772061499147e-01
1.404689478889894760e-01,5.844005741615228011e-01,-5.503322963477801366e-01,-2.284644663130078884e-02,-4.063483838063086107e-01,-4.293240963554422751e-01
1.404237807163279395e-01,5.844739374127224663e-01,-5.502108796340600128e-01,-2.269107175843876334e-02,-4.063316109194592962e-01,-4.291972521017561881e-01
1.403780582400667720e-01,5.845453921789945939e-01,-5.500929908001267465e-01,-2.255723044954598480e-02,-4.063101018865833414e-01,-4.290902869104601947e-01
1.403320013040754155e-01,5.846152273504424679e-01,-5.499778338649450316e-01,-2.244079226841230734e-02,-4.062854631987130039e-01,-4.289989843505201406e-01
1.402857407977385618e-01,5.846837224345423634e-01,-5.498647964923962794e-01,-2.233843210971184212e-02,-4.062588078179525941e-01,-4.289200973422868657e-01
1.402393531324120368e-01,5.847511292545692907e-01,-5.497534062645729191e-01,-2.224747182257829498e-02,-4.062309035180667882e-01,-4.288511051089382575e-01
1.401928822258936558e-01,5.848176649788701109e-01,-5.496432978236568401e-01,-2.216575289622713801e-02,-4.062022761743359633e-01,-4.287900363362976419e-01
1.401463529893544335e-01,5.848835114243601252e-01,-5.495341880278182822e-01,-2.209153422838969899e-02,-4.061732820156248591e-01,-4.287353392032822730e-01
1.400997794933527829e-01,5.849488175808335022e-01,-5.494258570640708772e-01,-2.202341011159304057e-02,-4.061441583766120522e-01,-4.286857848844797259e-01
1.400531698295661431e-01,5.850137035559896947e-01,-5.493181340247010880e-01,-2.196024446719182718e-02,-4.061150594704473482e-01,-4.286403952023777331e-01
1.398822857053266255e-01,5.848981909645905031e-01,-5.497080136286757179e-01,-2.517956703670200941e-02,-4.056221734329438222e-01,-4.317063826215664091e-01
1.398352965285650507e-01,5.849696855690544872e-01,-5.495895300654126681e-01,-2.503124384742924993e-02,-4.056024764074446232e-01,-4.315862929117220137e-01
1.397878693897505187e-01,5.850394107801363264e-01,-5.494742030808792421e-01,-2.490289967691641099e-02,-4.055789918234796176e-01,-4.314843851783926043e-01
1.397401760883575372e-01,5.851076544353345232e-01,-5.493613223677915602e-01,-2.479071563763367639e-02,-4.055530604231399883e-01,-4.313968600607181458e-01
1.396923177259828674e-01,5.851746844983453100e-01,-5.492503408552382727e-01,-2.469161585771717862e-02,-4.055256056200921000e-01,-4.313207768451973734e-01
1.396443529309465692e-01,5.852407368521389541e-01,-5.491408360601913730e-01,-2.460312136119000709e-02,-4.054972592214471372e-01,-4.312538419264368428e-01
1.395963152517096795e-01,5.853060117645185745e-01,-5.490324809690668717e-01,-2.452323269392032989e-02,-4.054684490687458509e-01,-4.311942539840230570e-01
1.395482237519298230e-01,5.853706750083393917e-01,-5.489250219731991454e-01,-2.445033572221109661e-02,-4.054394603888897275e-01,-4.311405895161797286e-01
1.395000893673003228e-01,5.854348612392769047e-01,-5.488182620628718755e-01,-2.438312607860989092e-02,-4.054104788999276510e-01,-4.310917173565131932e-01
1.394519186455958071e-01,5.854986782377034071e-01,-5.487120479743529122e-01,-2.432054857725986577e-02,-4.053816211796106295e-01,-4.310467342194599927e-01
1.394037158888417061e-01,5.855622112451336347e-01,-5.486062603214941769e-01,-2.426174863568698881e-02,-4.053529561050117080e-01,-4.310049156531826631e-01
1.393174089215816203e-01,5.853448223075965462e-01,-5.490431197099567839e-01,-2.748281281254871464e-02,-4.050266426230191286e-01,-4.339111715098312172e-01
1.392695774606160786e-01,5.854166770423807620e-01,-5.489254293959102693e-01,-2.733545229071013272e-02,-4.050041689103566211e-01,-4.337937645978425794e-01
1.392215525051634650e-01,5.854865291614559375e-01,-5.488107444539871427e-01,-2.720784801592707886e-02,-4.049786959270961773e-01,-4.336936399666784792e-01
1.391734172573055595e-01,5.855547640697115197e-01,-5.486983941931065090e-01,-2.709622355485864081e-02,-4.049513280560737005e-01,-4.336072892903534703e-01
1.391252158256264526e-01,5.856217097560669771e-01,-5.485878601415626887e-01,-2.699753900771631118e-02,-4.049228268175790735e-01,-4.335319672096240584e-01
1.390769702755961235e-01,5.856876384164991789e-01,-5.484787406578160995e-01,-2.690934525530900082e-02,-4.048937122753459295e-01,-4.334655117042885419e-01
1.390286907818806816e-01,5.857527717784216659e-01,-5.483707240550826922e-01,-2.682966723380113619e-02,-4.048643344884299555e-01,-4.334062104241042657e-01
1.389803815319078928e-01,5.858172878736696010e-01,-5.482635680837705250e-01,-2.675691049073004521e-02,-4.048349240613048905e-01,-4.333527002668775552e-01
1.389320440475692864e-01,5.858813279979208088e-01,-5.481570842128407062e-01,-2.668978637923734298e-02,-4.048056279960129400e-01,-4.333038912466001813e-01
1.388836789628047075e-01,5.859450032068327374e-01,-5.480511255466640197e-01,-2.662725216796453520e-02,-4.047765351663668021e-01,-4.332589082757398180e-01
1.388352868995070544e-01,5.860084000568972495e-01,-5.479455775094951298e-01,-2.656846307324639903e-02,-4.047476944311717562e-01,-4.332170462928146559e-01
1.387519314807988957e-01,5.857997815504252248e-01,-5.483276364764047006e-01,-2.982964935880060009e-02,-4.045662473420321148e-01,-4.360872414010893428e-01
1.387030899500082126e-01,5.858706710954201258e-01,-5.482113256342816543e-01,-2.967983626601744529e-02,-4.045401915405882898e-01,-4.359683950310302425e-01
1.386541307250560573e-01,5.859395543299931175e-01,-5.480978909204752281e-01,-2.955001234406956154e-02,-4.045119769258205822e-01,-4.358667114618898220e-01
1.386050997848374544e-01,5.860068442255063070e-01,-5.479866939477531229e-01,-2.943637919932843086e-02,-4.044825070353981755e-01,-4.357787874929140437e-01
1.385560189476060799e-01,5.860728814325890657e-01,-5.478772401341449605e-01,-2.933587611803454426e-02,-4.044523957665466241e-01,-4.357019383117050060e-01
1.385068973537019188e-01,5.861379421700234627e-01,-5.477691456303572792e-01,-2.924603431419548275e-02,-4.044220533407660856e-01,-4.356340341618871737e-01
1.384577380605687413e-01,5.862022474210151213e-01,-5.476621120721626435e-01,-2.916486027660671748e-02,-4.043917471244157236e-01,-4.355733772923615077e-01
1.384085416846199956e-01,5.862659720517331419e-01,-5.475559072355710155e-01,-2.909074240107584544e-02,-4.043616447665971392e-01,-4.355186084233160781e-01
1.383593082929955864e-01,5.863292531599365587e-01,-5.474503501655026971e-01,-2.902237624430684462e-02,-4.043318448379455421e-01,-4.354686350490836744e-01
1.383100382860735778e-01,5.863921973649650621e-01,-5.473452997096636130e-01,-2.895870465569350821e-02,-4.043023985992791891e-01,-4.354225760562460135e-01
1.382607327191551494e-01,5.864548869764845129e-01,-5.472406456590757085e-01,-2.889886979788562973e-02,-4.042733254449870639e-01,-4.353797186383885354e-01
1.381906374783460345e-01,5.862248542383309280e-01,-5.475949276315362768e-01,-3.225229747515011292e-02,-4.041835841205757562e-01,-4.382489659555719452e-01
1.381453894763025880e-01,5.862982985302388483e-01,-5.474755407595616186e-01,-3.210118381220276873e-02,-4.041540579484065865e-01,-4.381299485827627738e-01
1.381001504370735489e-01,5.863695633700243270e-01,-5.473590177585645478e-01,-3.197062126116509417e-02,-4.041228667590873180e-01,-4.380281811172738182e-01
1.380549185131093870e-01,5.864391261659216426e-01,-5.472447267177290575e-01,-3.185670952221518470e-02,-4.040907863555538437e-01,-4.379403127476588775e-01
1.380096848044432278e-01,5.865073689658842904e-01,-5.471321768515434725e-01,-3.175630593386299938e-02,-4.040583405963225627e-01,-4.378636793541590966e-01
1.379644388403321320e-01,5.865745944248514920e-01,-5.470209864663676536e-01,-3.166687539343360919e-02,-4.040258752354378702e-01,-4.377961534031009072e-01
1.379191712645863876e-01,5.866410402695629855e-01,-5.469108583644211041e-01,-3.158637042199999301e-02,-4.039936106961172779e-01,-4.377360291661386849e-01
1.378738749299099620e-01,5.867068918542509559e-01,-5.468015608939714722e-01,-3.151313528998529734e-02,-4.039616798584134694e-01,-4.376819342743856756e-01
1.378285451323300881e-01,5.867722927423789647e-01,-5.466929133295156396e-01,-3.144582932728721275e-02,-4.039301550909081828e-01,-4.376327610883588570e-01
1.377831794158237699e-01,5.868373534502677735e-01,-5.465847745521980050e-01,-3.138336553925840516e-02,-4.038990675866626079e-01,-4.375876131039734829e-01
1.376193220179125765e-01,5.868541699212678209e-01,-5.467929982495622898e-01,-3.325042094307860407e-02,-4.033916559402947466e-01,-4.395280469871641338e-01
1.375708647391848394e-01,5.869121762561636535e-01,-5.467001806238404038e-01,-3.331682671266104206e-02,-4.033628949200388503e-01,-4.395961212270561580e-01
1.375230230417470167e-01,5.869713958983313606e-01,-5.466044201245466860e-01,-3.336350936249240368e-02,-4.033372162523338189e-01,-4.396457685217172173e-01
1.374755844489900514e-01,5.870316762159768498e-01,-5.465063829119847227e-01,-3.339419784815111231e-02,-4.033133767765489930e-01,-4.396808431751453305e-01
1.374284182557604927e-01,5.870928476235339755e-01,-5.464065807518166951e-01,-3.341190293041104709e-02,-4.032905446842179331e-01,-4.397043212469975426e-01
1.373814441578296297e-01,5.871547465757892548e-01,-5.463054077641702477e-01,-3.341905721668108481e-02,-4.032681707987779141e-01,-4.397185202961002570e-01
1.373346126160294722e-01,5.872172264974004907e-01,-5.462031681524517346e-01,-3.341762787008061009e-02,-4.032458998317818843e-01,-4.397252589749125473e-01
1.372878926713119174e-01,5.872801617974239274e-01,-5.461000972049137037e-01,-3.340920721207221722e-02,-4.032235090514715292e-01,-4.397259742428062390e-01
1.372412644606439969e-01,5.873434481074234492e-01,-5.459963772520531888e-01,-3.339508551567586803e-02,-4.032008658255624711e-01,-4.397218083969629543e-01
1.371947146770466364e-01,5.874070006155469592e-01,-5.458921498337374612e-01,-3.337630947998958264e-02,-4.031778981982440668e-01,-4.397136743801344783e-01
1.371482338567417136e-01,5.874707515907389155e-01,-5.457875249991885891e-01,-3.335372920997315555e-02,-4.031545745131114300e-01,-4.397023052835480339e-01
1.370435219116709347e-01,5.874174851285429710e-01,-5.460704638943558731e-01,-3.525247848568418413e-02,-4.027791901248183315e-01,-4.415984305146790634e-01
1.369953252654451392e-01,5.874761364436049682e-01,-5.459767427869747225e-01,-3.531937448236532190e-02,-4.027544727645588352e-01,-4.416660858826353953e-01
1.369476586641024951e-01,5.875359915284308343e-01,-5.458802629743441104e-01,-3.536662421425067898e-02,-4.027318833138987531e-01,-4.417157400642782172e-01
1.369003512515058196e-01,5.875968691835214974e-01,-5.457816458091319101e-01,-3.539791662743765888e-02,-4.027104157100755422e-01,-4.417510708545046572e-01
1.368532971571257417e-01,5.876585880307826359e-01,-5.456813694342605991e-01,-3.541623398275876855e-02,-4.026894111162972467e-01,-4.417749407112704363e-01
1.368064304130093833e-01,5.877209821882516394e-01,-5.455798026516229804e-01,-3.542398930539830681e-02,-4.026684478684896540e-01,-4.417895950406021122e-01
1.367597093343884129e-01,5.877839077548218105e-01,-5.454772305351478501e-01,-3.542313694054149975e-02,-4.026472656464350486e-01,-4.417968075901306801e-01
1.367131068831136387e-01,5.878472441777362612e-01,-5.453738738767581751e-01,-3.541526142123310045e-02,-4.026257131486090102e-01,-4.417979882514302403e-01
1.366666047878022650e-01,5.879108929617296031e-01,-5.452699039902751954e-01,-3.540164889349890071e-02,-4.026037119777935991e-01,-4.417942638538943090e-01
1.366201900034187122e-01,5.879747751588575433e-01,-5.451654540223342948e-01,-3.538334453097335269e-02,-4.025812317222347558e-01,-4.417865393391128270e-01
1.365738526125396257e-01,5.880388284609225913e-01,-5.450606276155998131e-01,-3.536119870834905643e-02,-4.025582728052571335e-01,-4.417755445263014114e-01
1.364544871423100936e-01,5.879427927877597382e-01,-5.454157712229952271e-01,-3.828142084465406547e-02,-4.023953052819876364e-01,-4.445078742624515855e-01
1.364111460096588402e-01,5.880144859484917053e-01,-5.452955090842059871e-01,-3.812773371406366629e-02,-4.023689910435286343e-01,-4.443814441848182306e-01
1.363672317278900037e-01,5.880848071884710038e-01,-5.451783179371810784e-01,-3.799506637930986225e-02,-4.023396745245774730e-01,-4.442744352346316705e-01
1.363229511395210591e-01,5.881539419465344753e-01,-5.450635003372258369e-01,-3.787944716700696046e-02,-4.023086074799784306e-01,-4.441828174432863041e-01
1.362784298920084736e-01,5.882220840904820447e-01,-5.449505214475541814e-01,-3.777766954379223330e-02,-4.022766234970684418e-01,-4.441034696640299151e-01
1.362337441128835536e-01,5.882894153346388544e-01,-5.448389697653185371e-01,-3.768714276139927682e-02,-4.022442695501585730e-01,-4.440339549351710602e-01
1.361889400635544201e-01,5.883560959548854719e-01,-5.447285277692992533e-01,-3.760577175730098892e-02,-4.022118964787078088e-01,-4.439723565190154542e-01
1.361440462232984538e-01,5.884222619191048498e-01,-5.446189498584962374e-01,-3.753186064087907919e-02,-4.021797213686186812e-01,-4.439171569478085333e-01
1.360990806351041194e-01,5.884880254768588559e-01,-5.445100456536599021e-01,-3.746403516600715911e-02,-4.021478706838326755e-01,-4.438671478556612260e-01
1.360540553089532034e-01,5.885534774295934080e-01,-5.444016673081712998e-01,-3.740118045606972280e-02,-4.021164101014220726e-01,-4.438213620711966567e-01
1.360089788136270017e-01,5.886186900600984817e-01,-5.442936998159558781e-01,-3.734239097653854755e-02,-4.020853651568017106e-01,-4.437790219733663277e-01
1.359200205612224044e-01,5.885931583188032112e-01,-5.444871405004214626e-01,-3.879767002423534228e-02,-4.017897625151798380e-01,-4.452339060383814773e-01
1.358719449358659348e-01,5.886520547303784046e-01,-5.443938774151793059e-01,-3.886678883275632157e-02,-4.017622374006605268e-01,-4.453045119645236416e-01
1.358245024459514838e-01,5.887120672145743638e-01,-5.442976928405053316e-01,-3.891579941633969975e-02,-4.017375524544840593e-01,-4.453562870857787903e-01
1.357774763545182284e-01,5.887730691498561653e-01,-5.441992501683441397e-01,-3.894849197925331213e-02,-4.017144920754474602e-01,-4.453931573041109426e-01
1.357307329898024550e-01,5.888349096186998866e-01,-5.440990583037521588e-01,-3.896792845592820381e-02,-4.016922521749384800e-01,-4.454181560152689068e-01
1.356841899212825053e-01,5.888974385991861960e-01,-5.439975086758414013e-01,-3.897658435163353641e-02,-4.016703097226554386e-01,-4.454336472104948319e-01
1.356377960382649517e-01,5.889605193999452037e-01,-5.438949030855605438e-01,-3.897646287840110524e-02,-4.016483331652895283e-01,-4.454414874927924428e-01
1.355915191846460977e-01,5.890240337120549174e-01,-5.437914747509393631e-01,-3.896918670390733808e-02,-4.016261207819625256e-01,-4.454431450700809814e-01
1.355453385598511251e-01,5.890878825698534493e-01,-5.436874042639473492e-01,-3.895607167953842737e-02,-4.016035582184410146e-01,-4.454397881177755703e-01
1.354992401051669793e-01,5.891519851975242084e-01,-5.435828317240082308e-01,-3.893818608169691969e-02,-4.015805892377495301e-01,-4.454323511076951347e-01
1.354532137428205441e-01,5.892162768931885619e-01,-5.434778660082983937e-01,-3.891639822631839246e-02,-4.015571955730545262e-01,-4.454215851016349870e-01
1.353487929941665224e-01,5.891925986172084073e-01,-5.436905889530313507e-01,-4.069662894011679549e-02,-4.013054913674526936e-01,-4.471688646414719304e-01
1.353001628694190939e-01,5.892525984572221098e-01,-5.435955555728605448e-01,-4.075837045000843539e-02,-4.012856184312305619e-01,-4.472317428788306626e-01
1.352520190700867708e-01,5.893135780152967129e-01,-5.434981362127855320e-01,-4.080158436129983218e-02,-4.012666839890649539e-01,-4.472778050341137956e-01
1.352042196429336651e-01,5.893753812382795942e-01,-5.433988668106756181e-01,-4.082971206632984157e-02,-4.012479773811094552e-01,-4.473104087513555815e-01
1.351566744914093343e-01,5.894378552811333494e-01,-5.432981599284840701e-01,-4.084554204528475368e-02,-4.012290581130920630e-01,-4.473321863068234761e-01
1.351093255313896846e-01,5.895008622446109570e-01,-5.431963339357467335e-01,-4.085133595553611802e-02,-4.012096670036692792e-01,-4.473452165011285731e-01
1.350621343481264169e-01,5.895642837177194062e-01,-5.430936350660493517e-01,-4.084893011155622811e-02,-4.011896654075488011e-01,-4.473511517364658907e-01
1.350150745812941644e-01,5.896280213633019462e-01,-5.429902541530182702e-01,-4.083981715215927871e-02,-4.011689936758874309e-01,-4.473513130091379963e-01
1.349681272729577608e-01,5.896919954881008064e-01,-5.428863393750232857e-01,-4.082521177444432131e-02,-4.011476428142469741e-01,-4.473467616791893531e-01
1.349212780562649427e-01,5.897561427310804572e-01,-5.427820059928886165e-01,-4.080610366655838123e-02,-4.011256352156289395e-01,-4.473383542412330827e-01
1.348745154755960074e-01,5.898204135102377288e-01,-5.426773438070316979e-01,-4.078330016325538987e-02,-4.011030116533253476e-01,-4.473267845117930852e-01
1.347731755511434870e-01,5.897884413862198860e-01,-5.428840308480239463e-01,-4.262950795073870702e-02,-4.008733287333784423e-01,-4.491074128229750051e-01
1.347235645745476773e-01,5.898475697462510769e-01,-5.427901314875054339e-01,-4.269480178697348388e-02,-4.008549500263579035e-01,-4.491728742079652559e-01
1.346743876293279296e-01,5.899077905534136912e-01,-5.426937933319672114e-01,-4.274083580816884914e-02,-4.008372982971576404e-01,-4.492210513076144163e-01
1.346255225529650601e-01,5.899689125753800889e-01,-5.425955627841959616e-01,-4.277118649266690997e-02,-4.008197053609378613e-01,-4.492553624126028877e-01
1.345768921258984341e-01,5.900307588880713272e-01,-5.424958608903708290e-01,-4.278875146552277992e-02,-4.008017624267099510e-01,-4.492784970446306869e-01
1.345284465836456833e-01,5.900931750520710395e-01,-5.423950128526487946e-01,-4.279588082845416086e-02,-4.007832345880082969e-01,-4.492925859114392795e-01
1.344801528308638694e-01,5.901560312573547185e-01,-5.422932703815579458e-01,-4.279448275435539933e-02,-4.007640022284063575e-01,-4.492993272813029515e-01
1.344319878565384541e-01,5.902192212874598498e-01,-5.421908286860979143e-01,-4.278610840136943400e-02,-4.007440209277441934e-01,-4.493000819780108013e-01
1.343839347633055958e-01,5.902826599894005488e-01,-5.420878394311812176e-01,-4.277202022193563047e-02,-4.007232940926435116e-01,-4.492959455282289349e-01
1.343359804057538132e-01,5.903462802142648291e-01,-5.419844206466973846e-01,-4.275324695334013075e-02,-4.007018543621382878e-01,-4.492878034803376441e-01
1.342881140088150460e-01,5.904100297496186478e-01,-5.418806643304162618e-01,-4.273062791330238530e-02,-4.006797510632743031e-01,-4.492763742048142550e-01
1.342173222426018830e-01,5.903457296714134106e-01,-5.420529469173591686e-01,-4.444863352016679287e-02,-4.005186268516464088e-01,-4.508495992941518593e-01
1.341675125308403882e-01,5.904039038190149746e-01,-5.419589234444804893e-01,-4.450588868606369236e-02,-4.005009296821964715e-01,-4.509064606966883826e-01
1.341179061020083829e-01,5.904633735284473550e-01,-5.418626764711981236e-01,-4.454522502147503088e-02,-4.004835287273383337e-01,-4.509477897660054135e-01
1.340684575190484173e-01,5.905238652212054795e-01,-5.417646995477252148e-01,-4.456997886647549867e-02,-4.004659365208820265e-01,-4.509765833783243583e-01
1.340191397768723536e-01,5.905851517167376441e-01,-5.416653744640927970e-01,-4.458285056519856876e-02,-4.004478601129907167e-01,-4.509952230893542469e-01
1.339699360867673272e-01,5.906470483378324365e-01,-5.415649970999250051e-01,-4.458602838168918003e-02,-4.004291377624671355e-01,-4.510056115850732406e-01
1.339208351159828780e-01,5.907094074142500428e-01,-5.414637971345137579e-01,-4.458128783806533657e-02,-4.004096950605486871e-01,-4.510092761203275957e-01
1.338718283148672417e-01,5.907721124349053499e-01,-5.413619531312111599e-01,-4.457007140959429181e-02,-4.003895145741180328e-01,-4.510074476628187501e-01
1.338229084849897332e-01,5.908350725057990305e-01,-5.412596041176751527e-01,-4.455355250966439029e-02,-4.003686149052743115e-01,-4.510011219756293044e-01
1.337740690650453257e-01,5.908982174253504249e-01,-5.411568584835121376e-01,-4.453268691215823277e-02,-4.003470363512445784e-01,-4.509911071360281909e-01
1.337253038169618491e-01,5.909614934742173364e-01,-5.410538008392900000e-01,-4.450825412422979716e-02,-4.003248311634688417e-01,-4.509780607605655134e-01
1.336902796284424599e-01,5.907991230303685226e-01,-5.412607168290383131e-01,-4.696536141331437986e-02,-4.004367978230332081e-01,-4.530194598397567773e-01
1.336414616084122542e-01,5.908725221358194224e-01,-5.411438511165096443e-01,-4.681088739183513620e-02,-4.004056954521818534e-01,-4.528984047614464936e-01
1.335928814457291447e-01,5.909435192281565774e-01,-5.410297999694695381e-01,-4.667737445047153572e-02,-4.003733423930296853e-01,-4.527945345597474414e-01
1.335444683881492900e-01,5.910126621446724071e-01,-5.409179434514713725e-01,-4.656083369551460016e-02,-4.003404045158721059e-01,-4.527045704877022958e-01
1.334961663258133480e-01,5.910803797007790905e-01,-5.408077994248788878e-01,-4.645805450702714806e-02,-4.003073286957801735e-01,-4.526258867244792872e-01
1.334479322296909243e-01,5.911470057795843447e-01,-5.406989925670975250e-01,-4.636644927753897499e-02,-4.002744058743074596e-01,-4.525563735641598972e-01
1.333997341290118765e-01,5.912127991203560695e-01,-5.405912304505413601e-01,-4.628392968703420179e-02,-4.002418167730723564e-01,-4.524943310250078565e-01
1.333515490482625188e-01,5.912779593564007063e-01,-5.404842850510902519e-01,-4.620880803028030309e-02,-4.002096650022327617e-01,-4.524383856484275879e-01
1.333033611139417263e-01,5.913426398794642269e-01,-5.403779784347493287e-01,-4.613971845299330576e-02,-4.001780009813693528e-01,-4.523874250987764412e-01
1.332551599196081238e-01,5.914069580780172419e-01,-5.402721716522245199e-01,-4.607555401522531180e-02,-4.001468391782972978e-01,-4.523405465236975398e-01
1.332069391692938254e-01,5.914710034257765203e-01,-5.401667561246725757e-01,-4.601541634516419926e-02,-4.001161704481176473e-01,-4.522970156068443770e-01
1.332113492976017000e-01,5.913816413258690119e-01,-5.401855276681721829e-01,-4.675658715777194357e-02,-4.001009263260920101e-01,-4.528173454656960750e-01
1.331664871635772074e-01,5.914308950954656474e-01,-5.400939371057377203e-01,-4.682378659543159211e-02,-4.000795927265992646e-01,-4.528713616431812583e-01
1.331203759861820934e-01,5.914840376072155737e-01,-5.399996373292641483e-01,-4.687054748818366562e-02,-4.000584069183356073e-01,-4.529113205422001798e-01
1.330734276937301508e-01,5.915400240270718424e-01,-5.399032016735533235e-01,-4.690083340089963582e-02,-4.000372138246625076e-01,-4.529395562043345147e-01
1.330259237432958319e-01,5.915980956703468241e-01,-5.398050838016400510e-01,-4.691781605868291377e-02,-4.000158780951738047e-01,-4.529580576653664536e-01
1.329780565093271194e-01,5.916576989789859020e-01,-5.397056419492719526e-01,-4.692403849128093385e-02,-3.999942940957023629e-01,-4.529685014010759181e-01
1.329299573445456017e-01,5.917184283331766714e-01,-5.396051585284158403e-01,-4.692154346169376961e-02,-3.999723872264606683e-01,-4.529722893714535070e-01
1.328817156850219394e-01,5.917799854216589939e-01,-5.395038558731651834e-01,-4.691197483244601701e-02,-3.999501109669545973e-01,-4.529705873715432762e-01
1.328333921117135497e-01,5.918421501795276818e-01,-5.394019088406518669e-01,-4.689665776543575082e-02,-3.999274421417328140e-01,-4.529643609085772238e-01
1.327850273159717209e-01,5.919047598728536252e-01,-5.392994548372456176e-01,-4.687666231682454526e-02,-3.999043758355783629e-01,-4.529544073444953800e-01
1.327366482770840073e-01,5.919676939493063728e-01,-5.391966017819335155e-01,-4.685285396989973677e-02,-3.998809206442913156e-01,-4.529413839004818865e-01
1.327243219011446651e-01,5.918800985889480781e-01,-5.392414538565882820e-01,-4.790712474592887654e-02,-3.998844253687827699e-01,-4.537570574457595041e-01
1.326776515782402965e-01,5.919343759692650142e-01,-5.391481065918758420e-01,-4.797600293331104326e-02,-3.998681823001082325e-01,-4.538176756064903894e-01
1.326304194662849545e-01,5.919913230267800364e-01,-5.390522896633430650e-01,-4.802466219637619577e-02,-3.998514778005649029e-01,-4.538628132155361206e-01
1.325828317648295174e-01,5.920502445892731336e-01,-5.389545343471916494e-01,-4.805692602089518817e-02,-3.998341323879516240e-01,-4.538952053745786142e-01
1.325350292544603126e-01,5.921106257998679512e-01,-5.388552574811253937e-01,-4.807587428764154708e-02,-3.998160398398622473e-01,-4.539171101640006589e-01
1.324871073475400729e-01,5.921720845086575480e-01,-5.387547859860548627e-01,-4.808399210777461463e-02,-3.997971498561770365e-01,-4.539303875500342866e-01
1.324391299777884223e-01,5.922343366225286676e-01,-5.386533761885607952e-01,-4.808328799291956834e-02,-3.997774532386479396e-01,-4.539365672424146569e-01
1.323911392554359134e-01,5.922971707449345979e-01,-5.385512290333421825e-01,-4.807538787267751773e-02,-3.997569697674966949e-01,-4.539369061663477423e-01
1.323431622000212082e-01,5.923604295226460037e-01,-5.384485020463567473e-01,-4.806161003713348145e-02,-3.997357386056243911e-01,-4.539324366181889392e-01
1.322952154464018537e-01,5.924239958685342256e-01,-5.383453187238300686e-01,-4.804302498436681390e-02,-3.997138109318487675e-01,-4.539240063071806053e-01
1.322473085389808956e-01,5.924877827413981279e-01,-5.382417759076438823e-01,-4.802050329721971322e-02,-3.996912444157335043e-01,-4.539123114627874322e-01
1.321665531640661140e-01,5.923821255874456293e-01,-5.384441916862480193e-01,-5.077186128199150800e-02,-3.998757899859648468e-01,-4.562864742166770626e-01
1.321200463480348142e-01,5.924534376290235826e-01,-5.383281519331656328e-01,-5.062233245880842086e-02,-3.998388045420310788e-01,-4.561670845719370537e-01
1.320734613139842584e-01,5.925231023662480556e-01,-5.382145535961311289e-01,-5.049260895557566159e-02,-3.998015412094760856e-01,-4.560645684992029047e-01
1.320268133569663660e-01,5.925914735575141812e-01,-5.381028549336720479e-01,-5.037898663070661254e-02,-3.997645051769508351e-01,-4.559756925164412666e-01
1.319801075174340810e-01,5.926588381484657608e-01,-5.379926363989357974e-01,-5.027847147487605334e-02,-3.997280015101497552e-01,-4.558978788769501023e-01
1.319333446142693378e-01,5.927254255920028081e-01,-5.378835724860644429e-01,-5.018864039277807360e-02,-3.996921994853059323e-01,-4.558290629057132892e-01
1.318865244020060723e-01,5.927914172587349650e-01,-5.377754102383104362e-01,-5.010752976749287962e-02,-3.996571774391288190e-01,-4.557675840026749192e-01
1.318396470621180649e-01,5.928569551240145952e-01,-5.376679527902529232e-01,-5.003354621111281986e-02,-3.996229540033872096e-01,-4.557121016547908132e-01
1.317927137686847328e-01,5.929221493822164346e-01,-5.375610467301363826e-01,-4.996539501750595774e-02,-3.995895097770998938e-01,-4.556615302237438381e-01
1.317457267672466625e-01,5.929870849047172987e-01,-5.374545723612190740e-01,-4.990202275432921442e-02,-3.995568022890210735e-01,-4.556149879544022507e-01
1.316986892233896200e-01,5.930518265862270155e-01,-5.373484361877387538e-01,-4.984257114701328567e-02,-3.995247762226989963e-01,-4.555717568513684146e-01
1.316528811279293609e-01,5.929949817810487023e-01,-5.374138079235819543e-01,-5.113044845311118247e-02,-3.994803561429812189e-01,-4.566659092942473852e-01
1.316033907657841173e-01,5.930521169685802896e-01,-5.373200614015599674e-01,-5.118791554633917579e-02,-3.994642488755740239e-01,-4.567207691093163047e-01
1.315538242499161292e-01,5.931109359767361422e-01,-5.372241470523508866e-01,-5.122731586312406077e-02,-3.994478768139541058e-01,-4.567606834317949893e-01
1.315042288425220529e-01,5.931710371705395390e-01,-5.371265407141894155e-01,-5.125202661239899177e-02,-3.994309342851216083e-01,-4.567884356987901295e-01
1.314546389617132216e-01,5.932321088734402448e-01,-5.370276122491843829e-01,-5.126477716496049414e-02,-3.994132493277186002e-01,-4.568062700757534733e-01
1.314050786204120080e-01,5.932939104662682261e-01,-5.369276494648858034e-01,-5.126777654651458460e-02,-3.993947411116109958e-01,-4.568160010902214130e-01
1.313555636693181650e-01,5.933562570806373282e-01,-5.368268765457245850e-01,-5.126281523806048429e-02,-3.993753896514649071e-01,-4.568190996576396712e-01
1.313061037336318848e-01,5.934190073330025683e-01,-5.367254682890483242e-01,-5.125134656792253857e-02,-3.993552143725587200e-01,-4.568167609360310744e-01
1.312567038169200895e-01,5.934820535836899946e-01,-5.366235611162594177e-01,-5.123455188062109311e-02,-3.993342590466628095e-01,-4.568099580902011958e-01
1.312073655893974400e-01,5.935453142593944964e-01,-5.365212615951864272e-01,-5.121339278882058171e-02,-3.993125813188347917e-01,-4.567994850708305687e-01
1.311580883979897860e-01,5.936087278343032958e-01,-5.364186530542611742e-01,-5.118865312472270501e-02,-3.992902455126842165e-01,-4.567859907806205988e-01
1.311088700402582297e-01,5.936722481420524389e-01,-5.363158007068762334e-01,-5.116097267462863668e-02,-3.992673178076029950e-01,-4.567700064528906756e-01
1.312470879927120915e-01,5.933559516187124627e-01,-5.364227338832899816e-01,-5.263916330912654651e-02,-3.997425450799622637e-01,-4.575816030489996966e-01
1.311826812795370278e-01,5.934468736616684836e-01,-5.363125855457495650e-01,-5.249265766005254547e-02,-3.996839994645048910e-01,-4.575043887829488565e-01
1.311230649038581109e-01,5.935289422005040061e-01,-5.362037822653840102e-01,-5.236583573192490210e-02,-3.996343075829615343e-01,-4.574302561238515197e-01
1.310665864536018632e-01,5.936049738301922840e-01,-5.360961882045763849e-01,-5.225481003006792607e-02,-3.995905578363847521e-01,-4.573605702846127996e-01
1.310121590273207182e-01,5.936768688105409364e-01,-5.359896408402466950e-01,-5.215649910052470167e-02,-3.995508770725159087e-01,-4.572957766203001873e-01
1.309590678618057502e-01,5.937459150858789281e-01,-5.358839771951174891e-01,-5.206845024855626114e-02,-3.995140516920734353e-01,-4.572358046670579323e-01
1.309068431447784064e-01,5.938129897542516744e-01,-5.357790468282647156e-01,-5.198870419466783410e-02,-3.994792873136320810e-01,-4.571803149898353569e-01
1.308551763773068977e-01,5.938786930486987803e-01,-5.356747173034234200e-01,-5.191569081371393002e-02,-3.994460563729599900e-01,-4.571288470705954232e-01
1.308038653508089288e-01,5.939434377699722711e-01,-5.355708755012695832e-01,-5.184814823240364162e-02,-3.994140015864486304e-01,-4.570809053460728189e-01
1.307527779218877195e-01,5.940075092185125305e-01,-5.354674267623588113e-01,-5.178505967396130477e-02,-3.993828748862541245e-01,-4.570360069922386193e-01
1.307018281409856875e-01,5.940711055246481465e-01,-5.353642930204034478e-01,-5.172560389877867149e-02,-3.993524988373514106e-01,-4.569937064033783858e-01
1.306509605052234013e-01,5.941343649118087100e-01,-5.352614105746739126e-01,-5.166911614168944594e-02,-3.993227422824816020e-01,-4.569536057703627585e-01
1.307960343634975708e-01,5.937583087667668291e-01,-5.354307181514735836e-01,-5.351585172305860921e-02,-3.996606582338670388e-01,-4.580715497047204710e-01
1.307428355285478461e-01,5.938517029542985659e-01,-5.353098914256305685e-01,-5.336322205258679785e-02,-3.996158435683828114e-01,-4.579785053989721133e-01
1.306932109727010904e-01,5.939376006758817494e-01,-5.351914397764733211e-01,-5.323245311003174662e-02,-3.995749581643534554e-01,-4.578943258137702643e-01
1.306459678793898682e-01,5.940182397373888756e-01,-5.350749457556612798e-01,-5.311920715518866909e-02,-3.995366163902858148e-01,-4.578185622212374573e-01
1.306003109888567992e-01,5.940951671370703346e-01,-5.349600465824234652e-01,-5.302003909147779553e-02,-3.994999806692734468e-01,-4.577504337950843993e-01
1.305557092995542623e-01,5.941694589909505275e-01,-5.348464355453392827e-01,-5.293220532449804949e-02,-3.994645449956860106e-01,-4.576890363336971190e-01
1.305118078061102138e-01,5.942418685404279310e-01,-5.347338581658520607e-01,-5.285351544327602374e-02,-3.994300018443351363e-01,-4.576334599729487418e-01
1.304683689720216588e-01,5.943129262818058756e-01,-5.346221061090604687e-01,-5.278221659635783797e-02,-3.993961610372723237e-01,-4.575828513384699869e-01
1.304252338416996559e-01,5.943830080752369183e-01,-5.345110104844654764e-01,-5.271690300185261080e-02,-3.993629008193859131e-01,-4.575364424169801603e-01
1.303822961421396420e-01,5.944523817413420730e-01,-5.344004353814590935e-01,-5.265644487705026938e-02,-3.993301387791154400e-01,-4.574935600624943088e-01
1.303394849900722519e-01,5.945212391326251122e-01,-5.342902720408863049e-01,-5.259993245100044734e-02,-3.992978148758337675e-01,-4.574536247155376878e-01
1.303370641361751014e-01,5.945257468204566687e-01,-5.342831316968738031e-01,-5.258507717520170127e-02,-3.992915247283814195e-01,-4.574420350941102442e-01
1.302943667471178069e-01,5.945938079955346289e-01,-5.341734674347308198e-01,-5.253394297714272798e-02,-3.992604913682633039e-01,-4.574060982616270365e-01
1.302516893615103533e-01,5.946616579950543269e-01,-5.340640371916098861e-01,-5.248504717817976256e-02,-3.992296603742928052e-01,-4.573719778588012930e-01
1.302090234042489747e-01,5.947293470015034833e-01,-5.339547899254043495e-01,-5.243797807302552627e-02,-3.991990305828145846e-01,-4.573393487112506484e-01
1.301663633076344251e-01,5.947969127939406464e-01,-5.338456856858481148e-01,-5.239240188564286971e-02,-3.991685943529111325e-01,-4.573079449895591231e-01
1.301237056218595700e-01,5.948643837773134324e-01,-5.337366931930243030e-01,-5.234804761363838488e-02,-3.991383400249722269e-01,-4.572775492022861932e-01
1.300810483737177836e-01,5.949317812703509567e-01,-5.336277879470320284e-01,-5.230469489752118811e-02,-3.991082536920164126e-01,-4.572479832487444384e-01
1.300383906048064309e-01,5.949991212368603843e-01,-5.335189507502788864e-01,-5.226216429808094865e-02,-3.990783204533595585e-01,-4.572191011476204325e-01
1.299957320402585492e-01,5.950664155969803693e-01,-5.334101665522569258e-01,-5.222030949114657428e-02,-3.990485252795035187e-01,-4.571907831280228596e-01
1.299530728521340883e-01,5.951336732225637194e-01,-5.333014235425046490e-01,-5.217901099252839070e-02,-3.990188535948930304e-01,-4.571629308268800873e-01
1.299104134923433629e-01,5.952009006863343554e-01,-5.331927124539125318e-01,-5.213817110275695971e-02,-3.989892916272708701e-01,-4.571354633814447288e-01
1.298677545748731510e-01,5.952681028349644521e-01,-5.330840260051840085e-01,-5.209770983252060700e-02,-3.989598266285530048e-01,-4.571083142503913344e-01
1.298250967948369750e-01,5.953352832202777334e-01,-5.329753584713082804e-01,-5.205756160902820506e-02,-3.989304469748436444e-01,-4.570814286248737202e-01
1.297824408732316803e-01,5.954024444255221482e-01,-5.328667053479692051e-01,-5.201767261357961164e-02,-3.989011421915441558e-01,-4.570547613153753130e-01
1.297397875210022367e-01,5.954695883114431432e-01,-5.327580630895704106e-01,-5.197799862153999750e-02,-3.988719029278928185e-01,-4.570282750300034835e-01
1.296971374159510415e-01,5.955367162042958240e-01,-5.326494288987918546e-01,-5.193850325177706145e-02,-3.988427209087836434e-01,-4.570019389673590782e-01
1.296544911892743013e-01,5.956038290342803299e-01,-5.325408005694960423e-01,-5.189915654337164119e-02,-3.988135888534164453e-01,-4.569757276637431143e-01
1.296118494186867809e-01,5.956709274410860733e-01,-5.324321763595333268e-01,-5.185993379698215083e-02,-3.987845003923765064e-01,-4.569496200512228046e-01
1.295692126260111210e-01,5.957380118527844104e-01,-5.323235548915038473e-01,-5.182081463025683954e-02,-3.987554499803401820e-01,-4.569235986855890164e-01
1.295265812773952196e-01,5.958050825450064147e-01,-5.322149350745100094e-01,-5.178178220872674958e-02,-3.987264328101148281e-01,-4.568976491110399163e-01
1.294839557860772705e-01,5.958721396835234829e-01,-5.321063160455306029e-01,-5.174282261424014567e-02,-3.986974447258953003e-01,-4.568717593407486954e-01
1.294413365154802875e-01,5.959391833583074227e-01,-5.319976971178304037e-01,-5.170392433145034466e-02,-3.986684821515031896e-01,-4.568459194278516322e-01
1.293987237836504989e-01,5.960062136056266668e-01,-5.318890777470591802e-01,-5.166507782406890015e-02,-3.986395420130182665e-01,-4.568201211134161333e-01
1.293561178673414969e-01,5.960732304259773739e-01,-5.317804575005167234e-01,-5.162627518979989033e-02,-3.986106216759461862e-01,-4.567943575349041607e-01
1.293135190064968465e-01,5.961402337967712795e-01,-5.316718360333759774e-01,-5.158750987491816237e-02,-3.985817188879349215e-01,-4.567686229877944704e-01
1.292709274083838622e-01,5.962072236809816683e-01,-5.315632130712600878e-01,-5.154877644041185036e-02,-3.985528317257456266e-01,-4.567429127273733847e-01
1.292283432513650077e-01,5.962742000340366388e-01,-5.314545883944764570e-01,-5.151007037020963186e-02,-3.985239585518496330e-01,-4.567172228047806093e-01
1.291857666885991851e-01,5.963411628076070725e-01,-5.313459618280728103e-01,-5.147138791173547223e-02,-3.984950979720756070e-01,-4.566915499322213301e-01
1.291431978513683798e-01,5.964081119527087083e-01,-5.312373332323798714e-01,-5.143272594468085990e-02,-3.984662488015486281e-01,-4.566658913716036272e-01
1.291006368517901015e-01,5.964750474219826515e-01,-5.311287024952852098e-01,-5.139408187394196859e-02,-3.984374100353332837e-01,-4.566402448408276582e-01
1.290580837855001550e-01,5.965419691708799821e-01,-5.310200695265435700e-01,-5.135545353977583050e-02,-3.984085808222981306e-01,-4.566146084376055958e-01
1.290155387339170234e-01,5.966088771579453054e-01,-5.309114342542883280e-01,-5.131683914412162734e-02,-3.983797604409223814e-01,-4.565889805751375818e-01
1.289730017663563155e-01,5.966757713451982248e-01,-5.308027966212353066e-01,-5.127823718871785119e-02,-3.983509482802367607e-01,-4.565633599301323620e-01
1.289304729417007356e-01,5.967426516983392881e-01,-5.306941565815398443e-01,-5.123964642496061511e-02,-3.983221438237113388e-01,-4.565377453982782940e-01
1.288879523097149760e-01,5.968095181870193278e-01,-5.305855140979426343e-01,-5.120106581281168301e-02,-3.982933466358564156e-01,-4.565121360569370235e-01
1.288454399127246519e-01,5.968763707842460464e-01,-5.304768691405440384e-01,-5.116249448398626359e-02,-3.982645563491866714e-01,-4.564865311367682921e-01
1.288029357864236280e-01,5.969432094661748511e-01,-5.303682216855437614e-01,-5.112393171495590444e-02,-3.982357726535216691e-01,-4.564609299942184450e-01
1.287604399611020634e-01,5.970100342114313952e-01,-5.302595717149205523e-01,-5.108537690125242864e-02,-3.982069952857643091e-01,-4.564353320920960244e-01
1.287179524622973081e-01,5.970768450017707174e-01,-5.301509192132718429e-01,-5.104682953857152955e-02,-3.981782240260384187e-01,-4.564097369815216521e-01
1.286754733115553218e-01,5.971436418212503483e-01,-5.300422641683915082e-01,-5.100828920589671467e-02,-3.981494586891836662e-01,-4.563841442872044185e-01
1.286330025271083533e-01,5.972104246555466345e-01,-5.299336065716101496e-01,-5.096975555137112091e-02,-3.981206991177375643e-01,-4.563585536953704835e-01
1.285905401241170531e-01,5.972771934927353366e-01,-5.298249464150623922e-01,-5.093122828219143888e-02,-3.980919451810805421e-01,-4.563329649426782764e-01
1.285480861156418353e-01,5.973439483217758417e-01,-5.297162836940012554e-01,-5.089270715203340900e-02,-3.980631967671977023e-01,-4.563073778103153844e-01
1.285056405125122037e-01,5.974106891336016245e-01,-5.296076184036816459e-01,-5.085419195601525305e-02,-3.980344537838610419e-01,-4.562817921144671773e-01
1.284632033238376769e-01,5.974774159202095314e-01,-5.294989505407794450e-01,-5.081568252290611515e-02,-3.980057161531679877e-01,-4.562562077012558559e-01
1.284207745573215098e-01,5.975441286741994817e-01,-5.293902801038719019e-01,-5.077717870931532096e-02,-3.979769838081103628e-01,-4.562306244417750345e-01
1.283783542194412153e-01,5.976108273897912104e-01,-5.292816070904113879e-01,-5.073868039532828528e-02,-3.979482566952718958e-01,-4.562050422286689222e-01
1.283359423155779055e-01,5.976775120613960768e-01,-5.291729314999775724e-01,-5.070018748091102700e-02,-3.979195347675498207e-01,-4.561794609713090698e-01
1.282935388503280982e-01,5.977441826842175843e-01,-5.290642533321224805e-01,-5.066169988207822744e-02,-3.978908179861918026e-01,-4.561538805942738639e-01
1.282511438275067694e-01,5.978108392537356819e-01,-5.289555725875627612e-01,-5.062321752877512598e-02,-3.978621063174421768e-01,-4.561283010338611499e-01
1.282087572502875195e-01,5.978774817664180841e-01,-5.288468892660476151e-01,-5.058474036257708945e-02,-3.978333997349505213e-01,-4.561027222368542189e-01
1.281663791213558667e-01,5.979441102188501889e-01,-5.287382033683393212e-01,-5.054626833432203370e-02,-3.978046982155518663e-01,-4.560771441587060382e-01
1.281240094429939302e-01,5.980107246079828798e-01,-5.286295148952864231e-01,-5.050780140274951924e-02,-3.977760017400604475e-01,-4.560515667621974911e-01
1.280816482171077131e-01,5.980773249306169381e-01,-5.285208238489730315e-01,-5.046933953347997048e-02,-3.977473102906918245e-01,-4.560259900155679280e-01
1.280392954452183041e-01,5.981439111846450496e-01,-5.284121302296658218e-01,-5.043088269797120493e-02,-3.977186238554940578e-01,-4.560004138924313999e-01
1.279969511286648820e-01,5.982104833676323841e-01,-5.283034340389546335e-01,-5.039243087209057531e-02,-3.976899424227910429e-01,-4.559748383705500840e-01
1.279546152684768734e-01,5.982770414777832668e-01,-5.281947352775661075e-01,-5.035398403589549932e-02,-3.976612659842820308e-01,-4.559492634311933523e-01
1.279122878656126783e-01,5.983435855127767766e-01,-5.280860339477591037e-01,-5.031554217237327320e-02,-3.976325945309017174e-01,-4.559236890585039448e-01
1.278699689208756263e-01,5.984101154707394121e-01,-5.279773300511161338e-01,-5.027710526713267958e-02,-3.976039280561139422e-01,-4.558981152394657732e-01
1.278276584348494171e-01,5.984766313496202583e-01,-5.278686235900318380e-01,-5.023867330870129821e-02,-3.975752665532116259e-01,-4.558725419621979524e-01
1.277853564080163318e-01,5.985431331484439843e-01,-5.277599145645469614e-01,-5.020024628729389399e-02,-3.975466100203593478e-01,-4.558469692175537435e-01
1.277430628408377511e-01,5.986096208650578676e-01,-5.276512029777521429e-01,-5.016182419449154162e-02,-3.975179584515513564e-01,-4.558213969971730561e-01
1.277007777336901240e-01,5.986760944979603316e-01,-5.275424888313082761e-01,-5.012340702323312552e-02,-3.974893118438507233e-01,-4.557958252943115629e-01
1.276585010868864223e-01,5.987425540455958428e-01,-5.274337721271787904e-01,-5.008499476759767366e-02,-3.974606701943880216e-01,-4.557702541032006560e-01
1.276162329006275686e-01,5.988089995065407622e-01,-5.273250528671978854e-01,-5.004658742289547907e-02,-3.974320335010088079e-01,-4.557446834185913120e-01
1.275739731751162065e-01,5.988754308794590475e-01,-5.272163310530190161e-01,-5.000818498503506460e-02,-3.974034017622727899e-01,-4.557191132362504726e-01
1.275317219105470135e-01,5.989418481627902802e-01,-5.271076066869498922e-01,-4.996978745034714314e-02,-3.973747749759914405e-01,-4.556935435526066058e-01
1.274894791069434707e-01,5.990082513556140853e-01,-5.269988797699253213e-01,-4.993139481649790101e-02,-3.973461531425265258e-01,-4.556679743641514069e-01
1.274472447644879047e-01,5.990746404559816884e-01,-5.268901503052616508e-01,-4.989300708071146839e-02,-3.973175362586104931e-01,-4.556424056680268286e-01
1.274050188831899189e-01,5.991410154630150142e-01,-5.267814182939187795e-01,-4.985462424120523650e-02,-3.972889243249844715e-01,-4.556168374618286276e-01
1.273628014631298933e-01,5.992073763753058557e-01,-5.266726837380411030e-01,-4.981624629623125633e-02,-3.972603173406783483e-01,-4.555912697433751601e-01
1.273205925043977005e-01,5.992737231913133344e-01,-5.265639466401683677e-01,-4.977787324405527625e-02,-3.972317153041787230e-01,-4.555657025109203784e-01
1.272783920069566477e-01,5.993400559098025493e-01,-5.264552070021699670e-01,-4.973950508394749809e-02,-3.972031182152083173e-01,-4.555401357622522185e-01
1.272361999707979918e-01,5.994063745300575174e-01,-5.263464648247140332e-01,-4.970114181488191618e-02,-3.971745260755359941e-01,-4.555145694962612346e-01
1.271940163959884296e-01,5.994726790504143477e-01,-5.262377201106616109e-01,-4.966278343577776311e-02,-3.971459388834602811e-01,-4.554890037115026380e-01
1.271518412825159150e-01,5.995389694696697802e-01,-5.261289728618833150e-01,-4.962442994594994106e-02,-3.971173566389525345e-01,-4.554634384067233754e-01
1.271096746303375657e-01,5.996052457864917695e-01,-5.260202230805811618e-01,-4.958608134500776254e-02,-3.970887793414716316e-01,-4.554378735804205935e-01
1.270675164395156653e-01,5.996715079994159314e-01,-5.259114707691754376e-01,-4.954773763208398379e-02,-3.970602069902424147e-01,-4.554123092317715615e-01
1.270253667099081607e-01,5.997377561076424612e-01,-5.258027159286572383e-01,-4.950939880746273170e-02,-3.970316395868036530e-01,-4.553867453592617687e-01
1.269832254416287109e-01,5.998039901093392690e-01,-5.256939585623507938e-01,-4.947106487001941971e-02,-3.970030771289417837e-01,-4.553611819623633594e-01
1.269410926345484747e-01,5.998702100039312590e-01,-5.255851986707099632e-01,-4.943273581999332866e-02,-3.969745196191493131e-01,-4.553356190400459913e-01
1.268989682887160519e-01,5.999364157894385707e-01,-5.254764362574765313e-01,-4.939441165675014650e-02,-3.969459670545897878e-01,-4.553100565912898690e-01
1.268568524040298018e-01,6.000026074652854424e-01,-5.253676713230696071e-01,-4.935609238046731462e-02,-3.969174194378822240e-01,-4.552844946152967975e-01
1.268147449805077098e-01,6.000687850301235082e-01,-5.252589038697443868e-01,-4.931777799060409889e-02,-3.968888767686312158e-01,-4.552589331115670102e-01
1.267726460181140824e-01,6.001349484825089231e-01,-5.251501338999655655e-01,-4.927946848714014061e-02,-3.968603390461564184e-01,-4.552333720789922267e-01
1.267305555168239950e-01,6.002010978210680081e-01,-5.250413614160984732e-01,-4.924116386982566734e-02,-3.968318062699094373e-01,-4.552078115168220473e-01
1.266884734765172937e-01,6.002672330450773419e-01,-5.249325864189735569e-01,-4.920286413897968780e-02,-3.968032784418886183e-01,-4.551822514241798401e-01
1.266463998972282845e-01,6.003333541529114470e-01,-5.248238089114619642e-01,-4.916456929417787475e-02,-3.967747555607619159e-01,-4.551566918004137374e-01
1.266043347788695095e-01,6.003994611434519957e-01,-5.247150288953584818e-01,-4.912627933556194815e-02,-3.967462376269421664e-01,-4.551311326446071948e-01
1.265622781214723880e-01,6.004655540154091309e-01,-5.246062463727411140e-01,-4.908799426264773280e-02,-3.967177246404263724e-01,-4.551055739564717206e-01
1.265202299249197082e-01,6.005316327678620336e-01,-5.244974613449184808e-01,-4.904971407581692339e-02,-3.966892166024316158e-01,-4.550800157350243236e-01
1.264781901892395866e-01,6.005976973991946632e-01,-5.243886738147670590e-01,-4.901143877465480997e-02,-3.966607135116815286e-01,-4.550544579796528266e-01
1.264361589143559728e-01,6.006637479083878350e-01,-5.242798837838210657e-01,-4.897316835927063849e-02,-3.966322153690217123e-01,-4.550289006896314215e-01
1.263941361002412778e-01,6.007297842937694421e-01,-5.241710912551480472e-01,-4.893490282959971072e-02,-3.966037221728220818e-01,-4.550033438639615735e-01
1.263521217468066282e-01,6.007958065546734616e-01,-5.240622962294199105e-01,-4.889664218582000926e-02,-3.965752339253852399e-01,-4.549777875021325801e-01
1.263101158540579083e-01,6.008618146895149392e-01,-5.239534987094534024e-01,-4.885838642767713347e-02,-3.965467506255017094e-01,-4.549522316034310676e-01
1.262681184219726638e-01,6.009278086972122956e-01,-5.238446986969005348e-01,-4.882013555495334084e-02,-3.965182722738933574e-01,-4.549266761674956028e-01
1.262261294504936626e-01,6.009937885763088072e-01,-5.237358961943064939e-01,-4.878188956779810209e-02,-3.964897988697865805e-01,-4.549011211932741938e-01
1.261841489395448546e-01,6.010597543259759146e-01,-5.236270912027712887e-01,-4.874364846624418268e-02,-3.964613304147825423e-01,-4.548755666802960507e-01
1.261421768891430040e-01,6.011257059444169437e-01,-5.235182837255931698e-01,-4.870541225006266850e-02,-3.964328669069095978e-01,-4.548500126276929789e-01
1.261002132991783653e-01,6.011916434309337864e-01,-5.234094737635771599e-01,-4.866718091950989616e-02,-3.964044083482298197e-01,-4.548244590348956562e-01
1.260582581696638449e-01,6.012575667841324467e-01,-5.233006613190787082e-01,-4.862895447423335599e-02,-3.963759547383333137e-01,-4.547989059014254098e-01
1.260163115004331036e-01,6.013234760029235737e-01,-5.231918463938924901e-01,-4.859073291491727842e-02,-3.963475060776489034e-01,-4.547733532259240485e-01
1.259743732915724890e-01,6.013893710858099206e-01,-5.230830289905350483e-01,-4.855251624085753920e-02,-3.963190623655211131e-01,-4.547478010083144673e-01
1.259324435429533817e-01,6.014552520318966478e-01,-5.229742091103122270e-01,-4.851430445241935313e-02,-3.962906236031966123e-01,-4.547222492476923894e-01
1.258905222546661817e-01,6.015211188393676522e-01,-5.228653867564999613e-01,-4.847609754894346978e-02,-3.962621897887737554e-01,-4.546966979436932732e-01
1.258486094265186539e-01,6.015869715075485846e-01,-5.227565619299410216e-01,-4.843789553113919677e-02,-3.962337609242455039e-01,-4.546711470952194967e-01
1.258067050585198743e-01,6.016528100350541086e-01,-5.226477346329683193e-01,-4.839969839870381096e-02,-3.962053370092320503e-01,-4.546455967017944411e-01
1.257648091505713106e-01,6.017186344208761417e-01,-5.225389048671286174e-01,-4.836150615187320700e-02,-3.961769180445964822e-01,-4.546200467626279051e-01
1.257229217027160950e-01,6.017844446633313638e-01,-5.224300726354417224e-01,-4.832331879020165810e-02,-3.961485040288489357e-01,-4.545944972771938652e-01
1.256810427148931653e-01,6.018502407613476324e-01,-5.223212379395565375e-01,-4.828513631373241438e-02,-3.961200949627141088e-01,-4.545689482448357355e-01
1.256391721870176725e-01,6.019160227139475072e-01,-5.222124007809170187e-01,-4.824695872266195062e-02,-3.960916908472317810e-01,-4.545433996648504671e-01
1.255973101190339669e-01,6.019817905196850338e-01,-5.221035611620671313e-01,-4.820878601708668276e-02,-3.960632916816697047e-01,-4.545178515362868765e-01
1.255554565109295861e-01,6.020475441774072456e-01,-5.219947190848380769e-01,-4.817061819670954981e-02,-3.960348974664514299e-01,-4.544923038588146169e-01
1.255136113626756644e-01,6.021132836856450954e-01,-5.218858745518033526e-01,-4.813245526146539555e-02,-3.960065082007944159e-01,-4.544667566316329954e-01
1.254717746742342599e-01,6.021790090433655207e-01,-5.217770275644998401e-01,-4.809429721126337598e-02,-3.959781238856198704e-01,-4.544412098542999212e-01
1.254299464454512458e-01,6.022447202496948870e-01,-5.216681781241816473e-01,-4.805614404670165152e-02,-3.959497445222676104e-01,-4.544156635257133869e-01
1.263160916358939956e-01,6.012498691742302892e-01,-5.204680939638793857e-01,-4.892210598029504698e-02,-4.036127586296324177e-01,-4.518647405826600738e-01
